Iteration; Fitness nach Rekombination; Fitness nach Mutation; Anzahl aktiver Knoten; Anteil aktiver Knoten
1; 0,390625; 0,390625; 118,65217391304348; 0,078060634
2; 0,390625; 0,359375; 95,65217391304348; 0,06292906
3; 0,359375; 0,359375; 90,76086956521739; 0,0597111
4; 0,359375; 0,34375; 91,15217391304348; 0,059968542
5; 0,34375; 0,296875; 90,6304347826087; 0,05962529
6; 0,296875; 0,296875; 103,8913043478261; 0,068349555
7; 0,296875; 0,296875; 116,3695652173913; 0,07655894
8; 0,296875; 0,296875; 116,5; 0,07664474
9; 0,296875; 0,296875; 116,73913043478261; 0,07680207
10; 0,296875; 0,28125; 117,04347826086956; 0,07700228
11; 0,28125; 0,28125; 116,80434782608695; 0,07684498
12; 0,28125; 0,28125; 115,69565217391305; 0,07611558
13; 0,28125; 0,28125; 115,26086956521739; 0,075829506
14; 0,28125; 0,28125; 115,58695652173913; 0,07604406
15; 0,28125; 0,28125; 117,06521739130434; 0,07701661
16; 0,28125; 0,28125; 116,23913043478261; 0,076473124
17; 0,28125; 0,28125; 116,3913043478261; 0,07657324
18; 0,28125; 0,28125; 115,91304347826087; 0,076258585
19; 0,28125; 0,28125; 115,41304347826087; 0,075929634
20; 0,28125; 0,28125; 115,23913043478261; 0,075815216
21; 0,28125; 0,28125; 113,34782608695652; 0,07457095
22; 0,28125; 0,28125; 114,0; 0,075
23; 0,28125; 0,28125; 112,26086956521739; 0,07385584
24; 0,28125; 0,28125; 113,54347826086956; 0,07469966
25; 0,28125; 0,265625; 114,82608695652173; 0,075543486
26; 0,265625; 0,265625; 113,26086956521739; 0,074513726
27; 0,265625; 0,265625; 112,56521739130434; 0,07405605
28; 0,265625; 0,265625; 111,78260869565217; 0,073541194
29; 0,265625; 0,265625; 112,0; 0,073684216
30; 0,265625; 0,265625; 114,93478260869566; 0,07561499
31; 0,265625; 0,265625; 118,1304347826087; 0,077717386
32; 0,265625; 0,265625; 121,04347826086956; 0,07963386
33; 0,265625; 0,265625; 119,32608695652173; 0,078504
34; 0,265625; 0,265625; 118,69565217391305; 0,078089245
35; 0,265625; 0,265625; 118,67391304347827; 0,07807493
36; 0,265625; 0,265625; 119,65217391304348; 0,07871853
37; 0,265625; 0,265625; 117,73913043478261; 0,07745995
38; 0,265625; 0,265625; 118,0; 0,07763157
39; 0,265625; 0,265625; 119,02173913043478; 0,07830377
40; 0,265625; 0,265625; 118,30434782608695; 0,0778318
41; 0,265625; 0,265625; 116,67391304347827; 0,076759145
42; 0,265625; 0,265625; 118,8695652173913; 0,078203656
43; 0,265625; 0,265625; 118,47826086956522; 0,07794621
44; 0,265625; 0,265625; 117,30434782608695; 0,077173926
45; 0,265625; 0,265625; 119,43478260869566; 0,078575514
46; 0,265625; 0,265625; 118,67391304347827; 0,07807493
47; 0,265625; 0,265625; 119,95652173913044; 0,07891876
48; 0,265625; 0,265625; 119,0; 0,078289464
49; 0,265625; 0,265625; 118,52173913043478; 0,077974826
50; 0,265625; 0,265625; 118,93478260869566; 0,07824656
51; 0,265625; 0,25; 118,08695652173913; 0,07768878
52; 0,25; 0,25; 123,84782608695652; 0,08147883
53; 0,25; 0,25; 122,1304347826087; 0,08034899
54; 0,25; 0,25; 122,84782608695652; 0,08082096
55; 0,25; 0,25; 122,58695652173913; 0,080649324
56; 0,25; 0,25; 123,43478260869566; 0,08120712
57; 0,25; 0,25; 121,91304347826087; 0,080205955
58; 0,25; 0,25; 122,84782608695652; 0,080820955
59; 0,25; 0,234375; 123,1304347826087; 0,08100689
60; 0,234375; 0,234375; 123,28260869565217; 0,08110698
61; 0,234375; 0,234375; 123,5; 0,08125001
62; 0,234375; 0,234375; 121,19565217391305; 0,07973398
63; 0,234375; 0,234375; 119,28260869565217; 0,07847541
64; 0,234375; 0,234375; 119,30434782608695; 0,078489706
65; 0,234375; 0,234375; 118,73913043478261; 0,078117855
66; 0,234375; 0,234375; 118,17391304347827; 0,077746004
67; 0,234375; 0,234375; 119,02173913043478; 0,078303784
68; 0,234375; 0,21875; 118,76086956521739; 0,07813216
69; 0,21875; 0,21875; 117,8913043478261; 0,07756007
70; 0,21875; 0,21875; 115,8913043478261; 0,07624428
71; 0,21875; 0,21875; 116,69565217391305; 0,07677345
72; 0,21875; 0,21875; 116,21739130434783; 0,076458804
73; 0,21875; 0,203125; 116,28260869565217; 0,07650172
74; 0,203125; 0,203125; 116,78260869565217; 0,076830655
75; 0,203125; 0,203125; 115,5; 0,075986855
76; 0,203125; 0,203125; 115,32608695652173; 0,075872436
77; 0,203125; 0,203125; 117,6086956521739; 0,07737416
78; 0,203125; 0,203125; 116,32608695652173; 0,07653034
79; 0,203125; 0,203125; 115,82608695652173; 0,076201394
80; 0,203125; 0,203125; 117,41304347826087; 0,077245444
81; 0,203125; 0,203125; 115,8695652173913; 0,07622999
82; 0,203125; 0,203125; 115,82608695652173; 0,076201394
83; 0,203125; 0,203125; 115,69565217391305; 0,07611557
84; 0,203125; 0,203125; 116,3695652173913; 0,07655894
85; 0,203125; 0,203125; 116,21739130434783; 0,07645882
86; 0,203125; 0,203125; 116,19565217391305; 0,076444514
87; 0,203125; 0,203125; 116,23913043478261; 0,07647313
88; 0,203125; 0,203125; 115,95652173913044; 0,076287195
89; 0,203125; 0,203125; 115,93478260869566; 0,07627289
90; 0,203125; 0,203125; 115,8913043478261; 0,0762443
91; 0,203125; 0,203125; 116,30434782608695; 0,07651603
92; 0,203125; 0,203125; 115,6304347826087; 0,07607268
93; 0,203125; 0,203125; 116,3913043478261; 0,076573245
94; 0,203125; 0,203125; 115,17391304347827; 0,07577232
95; 0,203125; 0,203125; 116,30434782608695; 0,07651603
96; 0,203125; 0,203125; 115,95652173913044; 0,076287195
97; 0,203125; 0,203125; 114,47826086956522; 0,07531466
98; 0,203125; 0,203125; 115,71739130434783; 0,07612989
99; 0,203125; 0,203125; 115,97826086956522; 0,0763015
100; 0,203125; 0,203125; 116,26086956521739; 0,07648743
101; 0,203125; 0,203125; 115,6304347826087; 0,07607267
102; 0,203125; 0,1875; 116,1304347826087; 0,07640161
103; 0,1875; 0,1875; 115,23913043478261; 0,07581522
104; 0,1875; 0,1875; 117,04347826086956; 0,07700228
105; 0,1875; 0,1875; 116,91304347826087; 0,07691647
106; 0,1875; 0,1875; 117,67391304347827; 0,07741704
107; 0,1875; 0,1875; 119,1086956521739; 0,078360975
108; 0,1875; 0,1875; 119,78260869565217; 0,07880435
109; 0,1875; 0,1875; 118,67391304347827; 0,07807493
110; 0,1875; 0,1875; 117,52173913043478; 0,07731694
111; 0,1875; 0,1875; 118,58695652173913; 0,07801772
112; 0,1875; 0,1875; 118,82608695652173; 0,07817505
113; 0,1875; 0,1875; 118,19565217391305; 0,077760294
114; 0,1875; 0,1875; 118,0; 0,07763157
115; 0,1875; 0,1875; 118,26086956521739; 0,077803195
116; 0,1875; 0,1875; 118,41304347826087; 0,077903315
117; 0,1875; 0,1875; 118,8695652173913; 0,078203656
118; 0,1875; 0,1875; 118,23913043478261; 0,07778889
119; 0,1875; 0,1875; 118,41304347826087; 0,07790331
120; 0,1875; 0,1875; 118,34782608695652; 0,07786041
121; 0,1875; 0,1875; 118,45652173913044; 0,077931926
122; 0,1875; 0,1875; 119,54347826086956; 0,07864701
123; 0,1875; 0,1875; 118,23913043478261; 0,0777889
124; 0,1875; 0,1875; 118,30434782608695; 0,0778318
125; 0,1875; 0,1875; 119,1304347826087; 0,07837528
126; 0,1875; 0,1875; 118,45652173913044; 0,07793192
127; 0,1875; 0,1875; 118,58695652173913; 0,078017734
128; 0,1875; 0,1875; 117,5; 0,07730262
129; 0,1875; 0,1875; 118,95652173913044; 0,078260876
130; 0,1875; 0,1875; 118,43478260869566; 0,07791762
131; 0,1875; 0,1875; 117,91304347826087; 0,077574365
132; 0,1875; 0,1875; 118,19565217391305; 0,07776029
133; 0,1875; 0,1875; 118,58695652173913; 0,078017734
134; 0,1875; 0,1875; 119,95652173913044; 0,07891876
135; 0,1875; 0,1875; 117,52173913043478; 0,07731693
136; 0,1875; 0,1875; 118,5; 0,07796051
137; 0,1875; 0,1875; 118,52173913043478; 0,07797483
138; 0,1875; 0,1875; 117,91304347826087; 0,077574365
139; 0,1875; 0,1875; 119,34782608695652; 0,078518294
140; 0,1875; 0,1875; 118,1086956521739; 0,07770307
141; 0,1875; 0,1875; 118,1086956521739; 0,07770307
142; 0,1875; 0,1875; 118,1304347826087; 0,077717386
143; 0,1875; 0,1875; 118,34782608695652; 0,0778604
144; 0,1875; 0,1875; 117,5; 0,077302635
145; 0,1875; 0,1875; 118,52173913043478; 0,07797482
146; 0,1875; 0,1875; 117,6086956521739; 0,07737414
147; 0,1875; 0,1875; 116,08695652173913; 0,07637299
148; 0,1875; 0,1875; 118,15217391304348; 0,077731684
149; 0,1875; 0,1875; 117,73913043478261; 0,07745995
150; 0,1875; 0,1875; 118,71739130434783; 0,07810353
151; 0,1875; 0,1875; 118,91304347826087; 0,078232266
152; 0,1875; 0,1875; 118,71739130434783; 0,07810353
153; 0,1875; 0,1875; 118,26086956521739; 0,077803195
154; 0,1875; 0,1875; 118,1086956521739; 0,07770308
155; 0,1875; 0,1875; 118,04347826086956; 0,07766017
156; 0,1875; 0,1875; 118,67391304347827; 0,07807493
157; 0,1875; 0,1875; 118,34782608695652; 0,0778604
158; 0,1875; 0,171875; 117,84782608695652; 0,07753145
159; 0,171875; 0,171875; 111,78260869565217; 0,0735412
160; 0,171875; 0,171875; 104,56521739130434; 0,06879292
161; 0,171875; 0,171875; 106,1304347826087; 0,06982266
162; 0,171875; 0,171875; 105,06521739130434; 0,06912187
163; 0,171875; 0,171875; 105,6086956521739; 0,06947942
164; 0,171875; 0,171875; 105,41304347826087; 0,06935071
165; 0,171875; 0,171875; 105,65217391304348; 0,06950802
166; 0,171875; 0,171875; 104,80434782608695; 0,06895025
167; 0,171875; 0,171875; 105,0; 0,069078974
168; 0,171875; 0,15625; 104,04347826086956; 0,068449676
169; 0,15625; 0,15625; 106,32608695652173; 0,069951385
170; 0,15625; 0,15625; 103,32608695652173; 0,0679777
171; 0,15625; 0,15625; 103,76086956521739; 0,068263724
172; 0,15625; 0,15625; 103,52173913043478; 0,068106405
173; 0,15625; 0,15625; 105,97826086956522; 0,06972255
174; 0,15625; 0,15625; 103,84782608695652; 0,068320945
175; 0,15625; 0,140625; 104,04347826086956; 0,068449676
176; 0,140625; 0,140625; 104,04347826086956; 0,06844967
177; 0,140625; 0,140625; 102,65217391304348; 0,06753433
178; 0,140625; 0,140625; 102,8913043478261; 0,067691654
179; 0,140625; 0,140625; 102,58695652173913; 0,06749141
180; 0,140625; 0,140625; 101,54347826086956; 0,06680491
181; 0,140625; 0,140625; 103,15217391304348; 0,06786326
182; 0,140625; 0,140625; 102,84782608695652; 0,06766303
183; 0,140625; 0,140625; 102,28260869565217; 0,06729117
184; 0,140625; 0,140625; 102,6304347826087; 0,067520015
185; 0,140625; 0,140625; 104,67391304347827; 0,068864405
186; 0,140625; 0,140625; 102,67391304347827; 0,067548625
187; 0,140625; 0,140625; 103,47826086956522; 0,068077795
188; 0,140625; 0,140625; 102,1304347826087; 0,06719107
189; 0,140625; 0,140625; 102,73913043478261; 0,06759153
190; 0,140625; 0,140625; 102,71739130434783; 0,067577235
191; 0,140625; 0,140625; 102,15217391304348; 0,06720537
192; 0,140625; 0,140625; 103,04347826086956; 0,067791745
193; 0,140625; 0,140625; 102,19565217391305; 0,06723398
194; 0,140625; 0,140625; 101,8913043478261; 0,06703375
195; 0,140625; 0,140625; 102,95652173913044; 0,06773455
196; 0,140625; 0,140625; 101,3695652173913; 0,06669049
197; 0,140625; 0,140625; 102,30434782608695; 0,0673055
198; 0,140625; 0,140625; 102,8695652173913; 0,06767734
199; 0,140625; 0,140625; 102,45652173913044; 0,0674056
200; 0,140625; 0,140625; 103,93478260869566; 0,068378136
201; 0,140625; 0,140625; 101,3913043478261; 0,06670481
202; 0,140625; 0,140625; 102,67391304347827; 0,06754862
203; 0,140625; 0,140625; 101,8695652173913; 0,06701944
204; 0,140625; 0,140625; 102,0; 0,067105256
205; 0,140625; 0,140625; 102,34782608695652; 0,067334086
206; 0,140625; 0,140625; 102,19565217391305; 0,06723397
207; 0,140625; 0,125; 103,45652173913044; 0,0680635
208; 0,125; 0,125; 104,06521739130434; 0,06846395
209; 0,125; 0,125; 102,80434782608695; 0,067634426
210; 0,125; 0,125; 104,6086956521739; 0,068821505
211; 0,125; 0,125; 103,3913043478261; 0,068020605
212; 0,125; 0,125; 104,67391304347827; 0,06886442
213; 0,125; 0,125; 104,91304347826087; 0,06902175
214; 0,125; 0,125; 104,23913043478261; 0,068578385
215; 0,125; 0,125; 105,56521739130434; 0,0694508
216; 0,125; 0,125; 103,5; 0,068092115
217; 0,125; 0,125; 104,95652173913044; 0,06905036
218; 0,125; 0,125; 104,21739130434783; 0,06856408
219; 0,125; 0,125; 104,3913043478261; 0,068678506
220; 0,125; 0,125; 103,28260869565217; 0,06794909
221; 0,125; 0,125; 104,23913043478261; 0,06857839
222; 0,125; 0,125; 104,0; 0,068421066
223; 0,125; 0,125; 104,76086956521739; 0,06892164
224; 0,125; 0,125; 104,76086956521739; 0,06892163
225; 0,125; 0,125; 105,04347826086956; 0,069107555
226; 0,125; 0,125; 106,58695652173913; 0,07012301
227; 0,125; 0,125; 103,84782608695652; 0,06832095
228; 0,125; 0,125; 104,26086956521739; 0,06859269
229; 0,125; 0,125; 104,8695652173913; 0,068993144
230; 0,125; 0,109375; 103,3913043478261; 0,068020605
231; 0,109375; 0,109375; 103,08695652173913; 0,06782038
232; 0,109375; 0,109375; 103,26086956521739; 0,06793479
233; 0,109375; 0,109375; 103,45652173913044; 0,0680635
234; 0,109375; 0,109375; 103,76086956521739; 0,06826373
235; 0,109375; 0,109375; 104,02173913043478; 0,06843536
236; 0,109375; 0,109375; 104,17391304347827; 0,06853547
237; 0,109375; 0,109375; 104,6086956521739; 0,068821505
238; 0,109375; 0,109375; 103,19565217391305; 0,06789187
239; 0,109375; 0,109375; 104,76086956521739; 0,068921626
240; 0,109375; 0,109375; 103,43478260869566; 0,0680492
241; 0,109375; 0,109375; 103,65217391304348; 0,068192214
242; 0,109375; 0,109375; 104,54347826086956; 0,068778604
243; 0,109375; 0,109375; 103,56521739130434; 0,068135016
244; 0,109375; 0,109375; 103,3913043478261; 0,06802059
245; 0,109375; 0,109375; 102,76086956521739; 0,06760583
246; 0,109375; 0,109375; 103,76086956521739; 0,06826373
247; 0,109375; 0,109375; 103,52173913043478; 0,068106405
248; 0,109375; 0,109375; 103,56521739130434; 0,068135016
249; 0,109375; 0,109375; 103,8913043478261; 0,06834955
250; 0,109375; 0,109375; 104,15217391304348; 0,06852118
251; 0,109375; 0,109375; 104,0; 0,06842105
252; 0,109375; 0,109375; 103,5; 0,0680921
253; 0,109375; 0,109375; 103,28260869565217; 0,06794909
254; 0,109375; 0,109375; 103,3695652173913; 0,06800629
255; 0,109375; 0,109375; 103,82608695652173; 0,06830663
256; 0,109375; 0,109375; 102,93478260869566; 0,06772025
257; 0,109375; 0,109375; 103,93478260869566; 0,06837815
258; 0,109375; 0,109375; 104,02173913043478; 0,068435356
259; 0,109375; 0,109375; 103,23913043478261; 0,067920476
260; 0,109375; 0,109375; 105,06521739130434; 0,069121845
261; 0,109375; 0,109375; 104,69565217391305; 0,068878725
262; 0,109375; 0,109375; 103,5; 0,06809211
263; 0,109375; 0,109375; 104,6086956521739; 0,06882152
264; 0,109375; 0,109375; 103,5; 0,06809211
265; 0,109375; 0,109375; 101,91304347826087; 0,06704805
266; 0,109375; 0,109375; 103,34782608695652; 0,067991994
267; 0,109375; 0,109375; 103,26086956521739; 0,06793478
268; 0,109375; 0,109375; 102,93478260869566; 0,06772025
269; 0,109375; 0,109375; 103,08695652173913; 0,06782036
270; 0,109375; 0,109375; 103,06521739130434; 0,06780607
271; 0,109375; 0,109375; 103,82608695652173; 0,06830663
272; 0,109375; 0,109375; 103,02173913043478; 0,067777455
273; 0,109375; 0,109375; 102,65217391304348; 0,06753432
274; 0,109375; 0,109375; 104,3913043478261; 0,06867848
275; 0,109375; 0,109375; 103,06521739130434; 0,067806065
276; 0,109375; 0,109375; 102,54347826086956; 0,06746281
277; 0,109375; 0,109375; 103,67391304347827; 0,06820652
278; 0,109375; 0,109375; 102,71739130434783; 0,067577235
279; 0,109375; 0,109375; 103,02173913043478; 0,067777455
280; 0,109375; 0,109375; 103,8695652173913; 0,068335235
281; 0,109375; 0,109375; 103,56521739130434; 0,068135016
282; 0,109375; 0,109375; 102,97826086956522; 0,06774885
283; 0,109375; 0,109375; 103,1304347826087; 0,067848966
284; 0,109375; 0,109375; 102,80434782608695; 0,067634456
285; 0,109375; 0,109375; 102,08695652173913; 0,067162484
286; 0,109375; 0,109375; 103,23913043478261; 0,06792048
287; 0,109375; 0,109375; 103,3695652173913; 0,068006285
288; 0,109375; 0,109375; 103,73913043478261; 0,06824942
289; 0,109375; 0,109375; 103,04347826086956; 0,06779176
290; 0,109375; 0,109375; 102,6304347826087; 0,067520015
291; 0,109375; 0,109375; 103,67391304347827; 0,06820653
292; 0,109375; 0,109375; 104,93478260869566; 0,06903605
293; 0,109375; 0,109375; 103,47826086956522; 0,0680778
294; 0,109375; 0,109375; 103,67391304347827; 0,06820651
295; 0,109375; 0,109375; 103,45652173913044; 0,0680635
296; 0,109375; 0,109375; 104,8913043478261; 0,069007434
297; 0,109375; 0,109375; 103,80434782608695; 0,068292335
298; 0,109375; 0,109375; 104,23913043478261; 0,06857837
299; 0,109375; 0,109375; 103,67391304347827; 0,06820652
300; 0,109375; 0,109375; 104,76086956521739; 0,06892163
301; 0,109375; 0,109375; 103,21739130434783; 0,06790617
302; 0,109375; 0,109375; 102,65217391304348; 0,06753432
303; 0,109375; 0,109375; 104,04347826086956; 0,06844966
304; 0,109375; 0,109375; 104,21739130434783; 0,06856408
305; 0,109375; 0,109375; 102,91304347826087; 0,06770596
306; 0,109375; 0,109375; 103,65217391304348; 0,06819222
307; 0,109375; 0,109375; 103,1304347826087; 0,06784897
308; 0,109375; 0,109375; 104,8913043478261; 0,06900744
309; 0,109375; 0,109375; 103,26086956521739; 0,06793478
310; 0,109375; 0,109375; 103,41304347826087; 0,068034895
311; 0,109375; 0,109375; 102,28260869565217; 0,06729119
312; 0,109375; 0,109375; 102,91304347826087; 0,067705944
313; 0,109375; 0,109375; 104,1086956521739; 0,06849256
314; 0,109375; 0,109375; 103,67391304347827; 0,06820652
315; 0,109375; 0,109375; 104,0; 0,06842106
316; 0,109375; 0,109375; 104,02173913043478; 0,068435356
317; 0,109375; 0,109375; 104,54347826086956; 0,068778604
318; 0,109375; 0,109375; 103,02173913043478; 0,067777455
319; 0,109375; 0,109375; 103,56521739130434; 0,068135016
320; 0,109375; 0,109375; 103,82608695652173; 0,068306625
321; 0,109375; 0,109375; 103,6086956521739; 0,06816361
322; 0,109375; 0,109375; 103,1304347826087; 0,06784897
323; 0,109375; 0,109375; 103,43478260869566; 0,06804919
324; 0,109375; 0,109375; 103,65217391304348; 0,06819223
325; 0,109375; 0,109375; 103,19565217391305; 0,06789187
326; 0,109375; 0,109375; 102,23913043478261; 0,067262575
327; 0,109375; 0,109375; 103,71739130434783; 0,06823514
328; 0,109375; 0,109375; 103,84782608695652; 0,06832093
329; 0,109375; 0,109375; 105,06521739130434; 0,06912185
330; 0,109375; 0,109375; 102,54347826086956; 0,06746282
331; 0,109375; 0,109375; 104,02173913043478; 0,068435356
332; 0,109375; 0,109375; 104,97826086956522; 0,06906464
333; 0,109375; 0,109375; 104,32608695652173; 0,06863558
334; 0,109375; 0,109375; 104,8913043478261; 0,06900744
335; 0,109375; 0,109375; 104,3913043478261; 0,06867849
336; 0,109375; 0,109375; 102,95652173913044; 0,067734554
337; 0,109375; 0,109375; 102,95652173913044; 0,06773456
338; 0,109375; 0,109375; 104,3913043478261; 0,06867849
339; 0,109375; 0,109375; 103,8913043478261; 0,06834955
340; 0,109375; 0,109375; 104,84782608695652; 0,068978816
341; 0,109375; 0,109375; 103,71739130434783; 0,06823513
342; 0,109375; 0,109375; 102,93478260869566; 0,06772025
343; 0,109375; 0,109375; 104,0; 0,06842106
344; 0,109375; 0,109375; 103,1304347826087; 0,067848966
345; 0,109375; 0,109375; 103,43478260869566; 0,0680492
346; 0,109375; 0,109375; 104,8913043478261; 0,06900744
347; 0,109375; 0,109375; 103,76086956521739; 0,068263724
348; 0,109375; 0,109375; 104,21739130434783; 0,06856407
349; 0,109375; 0,109375; 103,73913043478261; 0,068249434
350; 0,109375; 0,109375; 103,43478260869566; 0,06804921
351; 0,109375; 0,109375; 104,26086956521739; 0,068592675
352; 0,109375; 0,109375; 102,6086956521739; 0,067505725
353; 0,109375; 0,109375; 103,34782608695652; 0,067991994
354; 0,109375; 0,109375; 104,21739130434783; 0,06856407
355; 0,109375; 0,109375; 103,3913043478261; 0,06802059
356; 0,109375; 0,109375; 102,82608695652173; 0,067648746
357; 0,109375; 0,109375; 103,69565217391305; 0,068220824
358; 0,109375; 0,109375; 103,84782608695652; 0,06832093
359; 0,109375; 0,109375; 103,19565217391305; 0,06789188
360; 0,109375; 0,109375; 103,95652173913044; 0,06839244
361; 0,109375; 0,109375; 103,6086956521739; 0,06816361
362; 0,109375; 0,109375; 102,65217391304348; 0,06753432
363; 0,109375; 0,109375; 102,93478260869566; 0,06772025
364; 0,109375; 0,109375; 103,23913043478261; 0,06792047
365; 0,109375; 0,109375; 103,34782608695652; 0,06799197
366; 0,109375; 0,109375; 102,3695652173913; 0,06734839
367; 0,109375; 0,109375; 104,15217391304348; 0,068521164
368; 0,109375; 0,109375; 102,6086956521739; 0,06750571
369; 0,109375; 0,109375; 103,76086956521739; 0,068263724
370; 0,109375; 0,109375; 103,56521739130434; 0,068135016
371; 0,109375; 0,109375; 102,6304347826087; 0,06752003
372; 0,109375; 0,109375; 104,3695652173913; 0,068664186
373; 0,109375; 0,109375; 102,95652173913044; 0,067734554
374; 0,109375; 0,109375; 104,32608695652173; 0,06863559
375; 0,109375; 0,109375; 103,47826086956522; 0,0680778
376; 0,109375; 0,109375; 103,19565217391305; 0,06789188
377; 0,109375; 0,109375; 103,41304347826087; 0,06803489
378; 0,109375; 0,109375; 104,23913043478261; 0,06857838
379; 0,109375; 0,109375; 103,26086956521739; 0,06793478
380; 0,109375; 0,109375; 103,78260869565217; 0,06827803
381; 0,109375; 0,109375; 104,30434782608695; 0,06862128
382; 0,109375; 0,109375; 104,08695652173913; 0,06847826
383; 0,109375; 0,109375; 104,06521739130434; 0,06846396
384; 0,109375; 0,109375; 103,23913043478261; 0,067920476
385; 0,109375; 0,109375; 102,32608695652173; 0,0673198
386; 0,109375; 0,109375; 102,76086956521739; 0,067605846
387; 0,109375; 0,109375; 104,28260869565217; 0,06860698
388; 0,109375; 0,109375; 103,69565217391305; 0,06822083
389; 0,109375; 0,109375; 103,54347826086956; 0,0681207
390; 0,109375; 0,109375; 103,02173913043478; 0,06777746
391; 0,109375; 0,109375; 103,34782608695652; 0,06799198
392; 0,109375; 0,109375; 103,97826086956522; 0,068406746
393; 0,109375; 0,109375; 103,6304347826087; 0,068177916
394; 0,109375; 0,109375; 103,3913043478261; 0,0680206
395; 0,109375; 0,109375; 104,06521739130434; 0,06846396
396; 0,109375; 0,109375; 103,6304347826087; 0,068177916
397; 0,109375; 0,109375; 104,3913043478261; 0,06867849
398; 0,109375; 0,109375; 103,3695652173913; 0,06800629
399; 0,109375; 0,109375; 103,8695652173913; 0,068335235
400; 0,109375; 0,109375; 103,73913043478261; 0,06824943
401; 0,109375; 0,109375; 103,52173913043478; 0,068106405
402; 0,109375; 0,109375; 103,6086956521739; 0,06816361
403; 0,109375; 0,109375; 103,06521739130434; 0,067806065
404; 0,109375; 0,109375; 103,08695652173913; 0,06782037
405; 0,109375; 0,109375; 103,30434782608695; 0,06796339
406; 0,109375; 0,109375; 103,65217391304348; 0,06819222
407; 0,109375; 0,109375; 103,65217391304348; 0,06819222
408; 0,109375; 0,109375; 104,69565217391305; 0,06887871
409; 0,109375; 0,109375; 104,17391304347827; 0,06853547
410; 0,109375; 0,109375; 102,34782608695652; 0,0673341
411; 0,109375; 0,109375; 103,93478260869566; 0,068378136
412; 0,109375; 0,109375; 104,1086956521739; 0,068492554
413; 0,109375; 0,109375; 105,3695652173913; 0,06932208
414; 0,109375; 0,109375; 104,69565217391305; 0,068878725
415; 0,109375; 0,109375; 104,65217391304348; 0,06885012
416; 0,109375; 0,109375; 104,6086956521739; 0,06882152
417; 0,109375; 0,109375; 103,58695652173913; 0,06814931
418; 0,109375; 0,109375; 103,3913043478261; 0,06802059
419; 0,109375; 0,109375; 103,82608695652173; 0,06830663
420; 0,109375; 0,109375; 102,82608695652173; 0,067648746
421; 0,109375; 0,109375; 102,6086956521739; 0,067505725
422; 0,109375; 0,109375; 103,58695652173913; 0,068149306
423; 0,109375; 0,109375; 103,71739130434783; 0,06823514
424; 0,109375; 0,109375; 103,43478260869566; 0,06804919
425; 0,109375; 0,109375; 103,21739130434783; 0,06790617
426; 0,109375; 0,109375; 103,56521739130434; 0,06813501
427; 0,109375; 0,109375; 104,28260869565217; 0,06860699
428; 0,109375; 0,109375; 103,3695652173913; 0,068006285
429; 0,109375; 0,109375; 103,71739130434783; 0,06823513
430; 0,109375; 0,109375; 103,65217391304348; 0,068192214
431; 0,109375; 0,109375; 102,19565217391305; 0,06723398
432; 0,109375; 0,109375; 102,5; 0,067434214
433; 0,109375; 0,109375; 103,3913043478261; 0,0680206
434; 0,109375; 0,109375; 104,45652173913044; 0,06872139
435; 0,109375; 0,109375; 103,28260869565217; 0,06794908
436; 0,109375; 0,109375; 103,69565217391305; 0,068220824
437; 0,109375; 0,109375; 103,82608695652173; 0,06830664
438; 0,109375; 0,109375; 104,34782608695652; 0,06864988
439; 0,109375; 0,109375; 103,17391304347827; 0,06787757
440; 0,109375; 0,109375; 102,82608695652173; 0,067648746
441; 0,109375; 0,109375; 104,02173913043478; 0,068435356
442; 0,109375; 0,109375; 103,52173913043478; 0,068106405
443; 0,109375; 0,109375; 103,6304347826087; 0,06817792
444; 0,109375; 0,109375; 103,76086956521739; 0,068263724
445; 0,109375; 0,109375; 104,08695652173913; 0,068478264
446; 0,109375; 0,109375; 103,43478260869566; 0,0680492
447; 0,109375; 0,109375; 104,5; 0,06875001
448; 0,109375; 0,109375; 102,93478260869566; 0,06772025
449; 0,109375; 0,109375; 104,6086956521739; 0,06882151
450; 0,109375; 0,109375; 102,52173913043478; 0,06744851
451; 0,109375; 0,109375; 103,67391304347827; 0,06820653
452; 0,109375; 0,109375; 103,56521739130434; 0,068135016
453; 0,109375; 0,109375; 103,08695652173913; 0,06782037
454; 0,109375; 0,109375; 103,23913043478261; 0,06792049
455; 0,109375; 0,109375; 102,23913043478261; 0,067262575
456; 0,109375; 0,109375; 102,8913043478261; 0,06769164
457; 0,109375; 0,109375; 103,21739130434783; 0,067906186
458; 0,109375; 0,109375; 104,91304347826087; 0,06902173
459; 0,109375; 0,109375; 103,32608695652173; 0,06797769
460; 0,109375; 0,109375; 103,97826086956522; 0,068406746
461; 0,109375; 0,109375; 102,80434782608695; 0,06763444
462; 0,109375; 0,109375; 103,43478260869566; 0,06804919
463; 0,109375; 0,109375; 103,95652173913044; 0,068392456
464; 0,109375; 0,109375; 103,67391304347827; 0,068206534
465; 0,109375; 0,109375; 103,15217391304348; 0,06786327
466; 0,109375; 0,109375; 103,54347826086956; 0,0681207
467; 0,109375; 0,109375; 102,8913043478261; 0,06769166
468; 0,109375; 0,109375; 103,6086956521739; 0,068163626
469; 0,109375; 0,109375; 103,93478260869566; 0,06837815
470; 0,109375; 0,109375; 103,1304347826087; 0,067848966
471; 0,109375; 0,109375; 102,97826086956522; 0,06774885
472; 0,109375; 0,109375; 103,84782608695652; 0,06832094
473; 0,109375; 0,109375; 103,58695652173913; 0,068149306
474; 0,109375; 0,109375; 102,6086956521739; 0,06750572
475; 0,109375; 0,109375; 103,06521739130434; 0,067806065
476; 0,109375; 0,109375; 103,28260869565217; 0,067949094
477; 0,109375; 0,109375; 103,93478260869566; 0,06837814
478; 0,109375; 0,109375; 102,76086956521739; 0,06760583
479; 0,109375; 0,109375; 103,32608695652173; 0,06797769
480; 0,109375; 0,109375; 103,76086956521739; 0,06826374
481; 0,109375; 0,109375; 103,47826086956522; 0,06807781
482; 0,109375; 0,109375; 104,1304347826087; 0,06850687
483; 0,109375; 0,109375; 103,54347826086956; 0,06812071
484; 0,109375; 0,109375; 103,47826086956522; 0,0680778
485; 0,109375; 0,109375; 103,21739130434783; 0,06790617
486; 0,109375; 0,109375; 103,19565217391305; 0,06789189
487; 0,109375; 0,109375; 104,04347826086956; 0,06844966
488; 0,109375; 0,109375; 103,1304347826087; 0,06784898
489; 0,109375; 0,109375; 103,5; 0,06809211
490; 0,109375; 0,109375; 103,69565217391305; 0,068220824
491; 0,109375; 0,109375; 103,28260869565217; 0,06794908
492; 0,109375; 0,109375; 104,26086956521739; 0,068592675
493; 0,109375; 0,109375; 103,04347826086956; 0,067791775
494; 0,109375; 0,109375; 104,28260869565217; 0,06860698
495; 0,109375; 0,109375; 103,3695652173913; 0,06800629
496; 0,109375; 0,109375; 103,78260869565217; 0,06827803
497; 0,109375; 0,109375; 103,6304347826087; 0,068177916
498; 0,109375; 0,109375; 103,76086956521739; 0,068263724
499; 0,109375; 0,109375; 103,84782608695652; 0,06832094
500; 0,109375; 0,109375; 102,30434782608695; 0,06730548
501; 0,109375; 0,109375; 103,52173913043478; 0,06810641
502; 0,109375; 0,109375; 104,76086956521739; 0,068921626
503; 0,109375; 0,109375; 103,54347826086956; 0,06812072
504; 0,109375; 0,109375; 101,97826086956522; 0,067090966
505; 0,109375; 0,109375; 102,41304347826087; 0,06737699
506; 0,109375; 0,109375; 103,17391304347827; 0,067877576
507; 0,109375; 0,109375; 103,69565217391305; 0,06822083
508; 0,109375; 0,109375; 103,30434782608695; 0,067963384
509; 0,109375; 0,109375; 104,6304347826087; 0,06883581
510; 0,109375; 0,109375; 103,23913043478261; 0,067920476
511; 0,109375; 0,109375; 102,1086956521739; 0,06717677
512; 0,109375; 0,109375; 103,6086956521739; 0,068163626
513; 0,109375; 0,109375; 103,6304347826087; 0,068177916
514; 0,109375; 0,109375; 104,3913043478261; 0,068678476
515; 0,109375; 0,109375; 102,58695652173913; 0,06749141
516; 0,109375; 0,109375; 103,78260869565217; 0,068278044
517; 0,109375; 0,109375; 103,15217391304348; 0,06786327
518; 0,109375; 0,109375; 104,21739130434783; 0,068564065
519; 0,109375; 0,109375; 102,8695652173913; 0,06767734
520; 0,109375; 0,109375; 103,1304347826087; 0,06784897
521; 0,109375; 0,109375; 103,52173913043478; 0,068106405
522; 0,109375; 0,109375; 103,47826086956522; 0,06807781
523; 0,109375; 0,109375; 103,19565217391305; 0,06789188
524; 0,109375; 0,109375; 102,28260869565217; 0,067291185
525; 0,109375; 0,109375; 104,28260869565217; 0,06860698
526; 0,109375; 0,109375; 103,19565217391305; 0,06789188
527; 0,109375; 0,109375; 104,15217391304348; 0,06852115
528; 0,109375; 0,109375; 103,65217391304348; 0,068192214
529; 0,109375; 0,109375; 103,76086956521739; 0,06826372
530; 0,109375; 0,109375; 103,19565217391305; 0,06789189
531; 0,109375; 0,109375; 104,30434782608695; 0,06862127
532; 0,109375; 0,109375; 103,32608695652173; 0,06797769
533; 0,109375; 0,109375; 103,19565217391305; 0,06789188
534; 0,109375; 0,109375; 103,28260869565217; 0,06794909
535; 0,109375; 0,109375; 103,06521739130434; 0,06780606
536; 0,109375; 0,109375; 102,41304347826087; 0,067377
537; 0,109375; 0,109375; 104,28260869565217; 0,06860697
538; 0,109375; 0,109375; 103,52173913043478; 0,068106405
539; 0,109375; 0,109375; 103,73913043478261; 0,06824942
540; 0,109375; 0,109375; 103,71739130434783; 0,06823514
541; 0,109375; 0,109375; 103,5; 0,06809211
542; 0,109375; 0,109375; 103,8913043478261; 0,06834955
543; 0,109375; 0,109375; 104,73913043478261; 0,06890732
544; 0,109375; 0,109375; 103,54347826086956; 0,06812071
545; 0,109375; 0,109375; 104,28260869565217; 0,06860698
546; 0,109375; 0,109375; 103,26086956521739; 0,067934774
547; 0,109375; 0,109375; 103,76086956521739; 0,068263724
548; 0,109375; 0,109375; 102,56521739130434; 0,067477114
549; 0,109375; 0,109375; 103,15217391304348; 0,06786327
550; 0,109375; 0,109375; 103,17391304347827; 0,067877576
551; 0,109375; 0,109375; 103,8913043478261; 0,06834954
552; 0,109375; 0,109375; 103,23913043478261; 0,067920476
553; 0,109375; 0,109375; 103,67391304347827; 0,06820652
554; 0,109375; 0,109375; 104,91304347826087; 0,06902175
555; 0,109375; 0,109375; 103,26086956521739; 0,06793479
556; 0,109375; 0,109375; 103,1086956521739; 0,06783467
557; 0,109375; 0,109375; 102,26086956521739; 0,06727688
558; 0,109375; 0,109375; 103,06521739130434; 0,067806065
559; 0,109375; 0,109375; 103,41304347826087; 0,068034895
560; 0,109375; 0,109375; 103,1086956521739; 0,06783467
561; 0,109375; 0,109375; 103,95652173913044; 0,06839245
562; 0,109375; 0,109375; 103,58695652173913; 0,06814932
563; 0,109375; 0,109375; 103,3913043478261; 0,06802059
564; 0,109375; 0,109375; 103,3695652173913; 0,0680063
565; 0,109375; 0,109375; 103,3695652173913; 0,068006285
566; 0,109375; 0,109375; 103,8913043478261; 0,06834954
567; 0,109375; 0,109375; 103,54347826086956; 0,0681207
568; 0,109375; 0,109375; 103,69565217391305; 0,06822083
569; 0,109375; 0,109375; 103,93478260869566; 0,068378136
570; 0,109375; 0,109375; 103,04347826086956; 0,06779176
571; 0,109375; 0,109375; 103,34782608695652; 0,06799199
572; 0,109375; 0,109375; 102,84782608695652; 0,06766305
573; 0,109375; 0,109375; 103,71739130434783; 0,06823513
574; 0,109375; 0,109375; 103,32608695652173; 0,06797769
575; 0,109375; 0,109375; 102,67391304347827; 0,067548625
576; 0,109375; 0,109375; 103,1304347826087; 0,067848966
577; 0,109375; 0,109375; 104,28260869565217; 0,06860698
578; 0,109375; 0,109375; 103,15217391304348; 0,06786328
579; 0,109375; 0,109375; 103,93478260869566; 0,068378136
580; 0,109375; 0,109375; 104,15217391304348; 0,068521164
581; 0,109375; 0,109375; 102,69565217391305; 0,06756293
582; 0,109375; 0,109375; 103,73913043478261; 0,06824943
583; 0,109375; 0,109375; 103,47826086956522; 0,068077795
584; 0,109375; 0,109375; 104,5; 0,06875
585; 0,109375; 0,109375; 103,3695652173913; 0,0680063
586; 0,109375; 0,109375; 103,06521739130434; 0,067806065
587; 0,109375; 0,109375; 103,15217391304348; 0,067863256
588; 0,109375; 0,109375; 102,8695652173913; 0,06767735
589; 0,109375; 0,109375; 103,69565217391305; 0,068220824
590; 0,109375; 0,109375; 105,26086956521739; 0,069250576
591; 0,109375; 0,109375; 103,95652173913044; 0,06839244
592; 0,109375; 0,109375; 103,26086956521739; 0,06793478
593; 0,109375; 0,109375; 104,30434782608695; 0,068621285
594; 0,109375; 0,109375; 103,84782608695652; 0,06832094
595; 0,109375; 0,109375; 104,8913043478261; 0,06900743
596; 0,109375; 0,109375; 104,93478260869566; 0,06903603
597; 0,109375; 0,109375; 104,04347826086956; 0,06844965
598; 0,109375; 0,109375; 105,19565217391305; 0,06920767
599; 0,109375; 0,109375; 103,47826086956522; 0,06807781
600; 0,109375; 0,109375; 104,08695652173913; 0,06847826
601; 0,109375; 0,109375; 103,58695652173913; 0,068149306
602; 0,109375; 0,109375; 102,71739130434783; 0,067577235
603; 0,109375; 0,109375; 102,02173913043478; 0,06711955
604; 0,109375; 0,109375; 104,54347826086956; 0,0687786
605; 0,109375; 0,109375; 103,97826086956522; 0,068406746
606; 0,109375; 0,109375; 103,6304347826087; 0,068177916
607; 0,109375; 0,109375; 103,52173913043478; 0,06810641
608; 0,109375; 0,109375; 103,45652173913044; 0,0680635
609; 0,109375; 0,109375; 104,06521739130434; 0,068463966
610; 0,109375; 0,109375; 102,71739130434783; 0,067577235
611; 0,109375; 0,109375; 104,8695652173913; 0,06899314
612; 0,109375; 0,109375; 103,23913043478261; 0,067920476
613; 0,109375; 0,109375; 103,08695652173913; 0,06782037
614; 0,109375; 0,109375; 104,17391304347827; 0,06853547
615; 0,109375; 0,109375; 103,95652173913044; 0,068392456
616; 0,109375; 0,109375; 104,52173913043478; 0,0687643
617; 0,109375; 0,109375; 104,1304347826087; 0,06850687
618; 0,109375; 0,109375; 103,21739130434783; 0,06790618
619; 0,109375; 0,109375; 103,52173913043478; 0,0681064
620; 0,109375; 0,109375; 103,52173913043478; 0,068106405
621; 0,109375; 0,109375; 103,82608695652173; 0,06830664
622; 0,109375; 0,109375; 103,23913043478261; 0,06792047
623; 0,109375; 0,109375; 105,30434782608695; 0,06927919
624; 0,109375; 0,109375; 103,6086956521739; 0,068163626
625; 0,109375; 0,109375; 103,28260869565217; 0,06794909
626; 0,109375; 0,109375; 103,93478260869566; 0,068378136
627; 0,109375; 0,109375; 104,26086956521739; 0,06859268
628; 0,109375; 0,109375; 103,41304347826087; 0,06803489
629; 0,109375; 0,109375; 103,52173913043478; 0,068106405
630; 0,109375; 0,109375; 104,78260869565217; 0,06893592
631; 0,109375; 0,109375; 103,54347826086956; 0,0681207
632; 0,109375; 0,109375; 102,82608695652173; 0,06764874
633; 0,109375; 0,109375; 103,47826086956522; 0,0680778
634; 0,109375; 0,109375; 102,82608695652173; 0,067648746
635; 0,109375; 0,109375; 103,45652173913044; 0,068063505
636; 0,109375; 0,109375; 103,0; 0,06776315
637; 0,109375; 0,109375; 104,28260869565217; 0,06860698
638; 0,109375; 0,109375; 102,97826086956522; 0,067748845
639; 0,109375; 0,109375; 102,93478260869566; 0,06772025
640; 0,109375; 0,109375; 103,5; 0,06809211
641; 0,109375; 0,109375; 103,91304347826087; 0,068363845
642; 0,109375; 0,109375; 104,06521739130434; 0,068463966
643; 0,109375; 0,109375; 103,3913043478261; 0,06802059
644; 0,109375; 0,109375; 103,91304347826087; 0,068363845
645; 0,109375; 0,109375; 103,8913043478261; 0,068349555
646; 0,109375; 0,109375; 103,1304347826087; 0,067848966
647; 0,109375; 0,109375; 103,04347826086956; 0,067791775
648; 0,109375; 0,109375; 102,3695652173913; 0,06734839
649; 0,109375; 0,109375; 103,26086956521739; 0,067934774
650; 0,109375; 0,109375; 102,76086956521739; 0,06760583
651; 0,109375; 0,109375; 103,54347826086956; 0,06812071
652; 0,109375; 0,109375; 104,8913043478261; 0,06900744
653; 0,109375; 0,109375; 103,58695652173913; 0,06814932
654; 0,109375; 0,109375; 103,43478260869566; 0,0680492
655; 0,109375; 0,109375; 103,30434782608695; 0,067963384
656; 0,109375; 0,109375; 104,45652173913044; 0,068721406
657; 0,109375; 0,109375; 103,04347826086956; 0,06779176
658; 0,109375; 0,109375; 104,45652173913044; 0,0687214
659; 0,109375; 0,109375; 102,47826086956522; 0,06741991
660; 0,109375; 0,109375; 103,28260869565217; 0,06794909
661; 0,109375; 0,109375; 102,45652173913044; 0,067405604
662; 0,109375; 0,109375; 102,97826086956522; 0,06774885
663; 0,109375; 0,109375; 105,26086956521739; 0,06925057
664; 0,109375; 0,109375; 102,28260869565217; 0,06729119
665; 0,109375; 0,109375; 106,23913043478261; 0,06989416
666; 0,109375; 0,109375; 104,06521739130434; 0,06846396
667; 0,109375; 0,109375; 103,91304347826087; 0,06836385
668; 0,109375; 0,109375; 103,76086956521739; 0,06826373
669; 0,109375; 0,109375; 102,80434782608695; 0,06763444
670; 0,109375; 0,109375; 103,65217391304348; 0,06819222
671; 0,109375; 0,109375; 103,8913043478261; 0,06834954
672; 0,109375; 0,109375; 103,30434782608695; 0,067963384
673; 0,109375; 0,109375; 103,58695652173913; 0,06814931
674; 0,109375; 0,109375; 103,47826086956522; 0,0680778
675; 0,109375; 0,109375; 103,52173913043478; 0,068106405
676; 0,109375; 0,109375; 103,80434782608695; 0,068292335
677; 0,109375; 0,109375; 104,04347826086956; 0,06844966
678; 0,109375; 0,109375; 105,32608695652173; 0,06929347
679; 0,109375; 0,109375; 103,73913043478261; 0,06824942
680; 0,109375; 0,109375; 103,97826086956522; 0,06840675
681; 0,109375; 0,109375; 103,34782608695652; 0,06799199
682; 0,109375; 0,109375; 103,84782608695652; 0,06832094
683; 0,109375; 0,109375; 103,95652173913044; 0,068392456
684; 0,109375; 0,109375; 103,3695652173913; 0,068006285
685; 0,109375; 0,109375; 103,45652173913044; 0,068063505
686; 0,109375; 0,109375; 103,3913043478261; 0,06802059
687; 0,109375; 0,109375; 103,17391304347827; 0,067877576
688; 0,109375; 0,109375; 102,8695652173913; 0,06767735
689; 0,109375; 0,109375; 103,45652173913044; 0,068063505
690; 0,109375; 0,109375; 103,21739130434783; 0,067906186
691; 0,109375; 0,109375; 104,19565217391305; 0,068549775
692; 0,109375; 0,109375; 102,6304347826087; 0,067520015
693; 0,109375; 0,109375; 104,02173913043478; 0,06843535
694; 0,109375; 0,109375; 102,82608695652173; 0,06764874
695; 0,109375; 0,109375; 103,91304347826087; 0,068363845
696; 0,109375; 0,109375; 102,17391304347827; 0,067219675
697; 0,109375; 0,109375; 103,47826086956522; 0,068077795
698; 0,109375; 0,109375; 103,06521739130434; 0,067806065
699; 0,109375; 0,109375; 103,84782608695652; 0,06832094
700; 0,109375; 0,109375; 102,80434782608695; 0,06763443
701; 0,109375; 0,109375; 103,08695652173913; 0,06782036
702; 0,109375; 0,109375; 103,6086956521739; 0,06816361
703; 0,109375; 0,109375; 102,82608695652173; 0,06764875
704; 0,109375; 0,109375; 103,21739130434783; 0,067906186
705; 0,109375; 0,109375; 103,97826086956522; 0,06840675
706; 0,109375; 0,109375; 103,3913043478261; 0,06802059
707; 0,109375; 0,109375; 104,80434782608695; 0,06895023
708; 0,109375; 0,109375; 104,0; 0,06842105
709; 0,109375; 0,109375; 104,08695652173913; 0,06847826
710; 0,109375; 0,109375; 103,6304347826087; 0,06817793
711; 0,109375; 0,109375; 102,6086956521739; 0,06750572
712; 0,109375; 0,109375; 103,97826086956522; 0,06840675
713; 0,109375; 0,109375; 103,78260869565217; 0,06827804
714; 0,109375; 0,109375; 103,6304347826087; 0,068177916
715; 0,109375; 0,109375; 103,34782608695652; 0,067991994
716; 0,109375; 0,109375; 102,95652173913044; 0,067734554
717; 0,109375; 0,109375; 103,84782608695652; 0,068320945
718; 0,109375; 0,109375; 104,91304347826087; 0,06902174
719; 0,109375; 0,109375; 103,47826086956522; 0,06807781
720; 0,109375; 0,109375; 103,67391304347827; 0,06820653
721; 0,109375; 0,109375; 103,6304347826087; 0,068177916
722; 0,109375; 0,109375; 106,91304347826087; 0,07033753
723; 0,109375; 0,109375; 102,80434782608695; 0,06763444
724; 0,109375; 0,109375; 103,67391304347827; 0,06820653
725; 0,109375; 0,109375; 103,6086956521739; 0,06816361
726; 0,109375; 0,109375; 102,84782608695652; 0,067663044
727; 0,109375; 0,109375; 103,6304347826087; 0,06817792
728; 0,109375; 0,109375; 102,84782608695652; 0,06766305
729; 0,109375; 0,109375; 104,08695652173913; 0,068478264
730; 0,109375; 0,109375; 103,19565217391305; 0,06789187
731; 0,109375; 0,109375; 103,65217391304348; 0,06819222
732; 0,109375; 0,109375; 106,02173913043478; 0,06975115
733; 0,109375; 0,109375; 103,32608695652173; 0,06797768
734; 0,109375; 0,09375; 102,65217391304348; 0,06753432
735; 0,09375; 0,09375; 104,97826086956522; 0,06906464
736; 0,09375; 0,09375; 105,52173913043478; 0,06942221
737; 0,09375; 0,09375; 105,43478260869566; 0,069365
738; 0,09375; 0,09375; 106,26086956521739; 0,069908485
739; 0,09375; 0,09375; 107,0; 0,07039475
740; 0,09375; 0,09375; 105,6086956521739; 0,06947942
741; 0,09375; 0,09375; 106,28260869565217; 0,06992278
742; 0,09375; 0,09375; 105,93478260869566; 0,069693945
743; 0,09375; 0,09375; 107,08695652173913; 0,07045197
744; 0,09375; 0,09375; 105,95652173913044; 0,06970825
745; 0,09375; 0,09375; 106,3913043478261; 0,06999429
746; 0,09375; 0,09375; 106,0; 0,06973685
747; 0,09375; 0,09375; 106,69565217391305; 0,07019453
748; 0,09375; 0,09375; 106,06521739130434; 0,069779776
749; 0,09375; 0,09375; 106,58695652173913; 0,070123
750; 0,09375; 0,09375; 107,34782608695652; 0,070623584
751; 0,09375; 0,09375; 105,8695652173913; 0,06965105
752; 0,09375; 0,09375; 107,45652173913044; 0,070695095
753; 0,09375; 0,09375; 106,47826086956522; 0,07005149
754; 0,09375; 0,09375; 106,76086956521739; 0,070237435
755; 0,09375; 0,09375; 106,08695652173913; 0,069794066
756; 0,09375; 0,09375; 105,97826086956522; 0,06972254
757; 0,09375; 0,09375; 106,08695652173913; 0,069794066
758; 0,09375; 0,09375; 105,52173913043478; 0,069422215
759; 0,09375; 0,09375; 106,08695652173913; 0,069794066
760; 0,09375; 0,09375; 107,3695652173913; 0,07063788
761; 0,09375; 0,09375; 107,28260869565217; 0,07058068
762; 0,09375; 0,09375; 106,43478260869566; 0,0700229
763; 0,09375; 0,09375; 107,52173913043478; 0,070738
764; 0,09375; 0,09375; 106,06521739130434; 0,06977976
765; 0,09375; 0,09375; 105,84782608695652; 0,069636755
766; 0,09375; 0,09375; 107,1304347826087; 0,07048055
767; 0,09375; 0,09375; 106,3913043478261; 0,069994286
768; 0,09375; 0,09375; 106,8695652173913; 0,07030894
769; 0,09375; 0,09375; 106,69565217391305; 0,07019453
770; 0,09375; 0,09375; 106,41304347826087; 0,07000859
771; 0,09375; 0,09375; 106,43478260869566; 0,070022896
772; 0,09375; 0,09375; 106,95652173913044; 0,07036615
773; 0,09375; 0,09375; 106,8695652173913; 0,07030893
774; 0,09375; 0,09375; 106,1304347826087; 0,06982267
775; 0,09375; 0,09375; 105,71739130434783; 0,06955093
776; 0,09375; 0,09375; 106,34782608695652; 0,0699657
777; 0,09375; 0,09375; 106,3913043478261; 0,0699943
778; 0,09375; 0,09375; 107,3913043478261; 0,07065218
779; 0,09375; 0,09375; 106,97826086956522; 0,07038045
780; 0,09375; 0,09375; 107,67391304347827; 0,070838116
781; 0,09375; 0,09375; 106,84782608695652; 0,07029464
782; 0,09375; 0,09375; 108,82608695652173; 0,07159613
783; 0,09375; 0,09375; 106,23913043478261; 0,06989418
784; 0,09375; 0,09375; 105,8913043478261; 0,06966534
785; 0,09375; 0,09375; 106,41304347826087; 0,07000859
786; 0,09375; 0,09375; 107,95652173913044; 0,07102404
787; 0,09375; 0,09375; 106,45652173913044; 0,07003721
788; 0,09375; 0,09375; 106,47826086956522; 0,070051506
789; 0,09375; 0,09375; 106,04347826086956; 0,069765456
790; 0,09375; 0,09375; 106,93478260869566; 0,07035184
791; 0,09375; 0,09375; 106,26086956521739; 0,06990847
792; 0,09375; 0,09375; 106,71739130434783; 0,07020882
793; 0,09375; 0,09375; 105,45652173913044; 0,0693793
794; 0,09375; 0,09375; 106,45652173913044; 0,0700372
795; 0,09375; 0,09375; 106,69565217391305; 0,07019453
796; 0,09375; 0,09375; 105,80434782608695; 0,06960814
797; 0,09375; 0,09375; 107,06521739130434; 0,07043766
798; 0,09375; 0,09375; 107,15217391304348; 0,07049487
799; 0,09375; 0,09375; 105,8913043478261; 0,06966535
800; 0,09375; 0,09375; 106,32608695652173; 0,06995139
801; 0,09375; 0,09375; 106,02173913043478; 0,06975116
802; 0,09375; 0,09375; 105,95652173913044; 0,06970825
803; 0,09375; 0,09375; 106,0; 0,06973686
804; 0,09375; 0,09375; 107,30434782608695; 0,07059498
805; 0,09375; 0,09375; 106,54347826086956; 0,07009441
806; 0,09375; 0,09375; 108,32608695652173; 0,07126718
807; 0,09375; 0,09375; 106,6086956521739; 0,070137314
808; 0,09375; 0,09375; 104,69565217391305; 0,068878725
809; 0,09375; 0,09375; 105,41304347826087; 0,0693507
810; 0,09375; 0,09375; 106,58695652173913; 0,07012301
811; 0,09375; 0,09375; 106,28260869565217; 0,06992278
812; 0,09375; 0,09375; 106,97826086956522; 0,07038045
813; 0,09375; 0,09375; 106,47826086956522; 0,07005149
814; 0,09375; 0,09375; 106,8695652173913; 0,07030894
815; 0,09375; 0,09375; 106,26086956521739; 0,06990848
816; 0,09375; 0,09375; 106,80434782608695; 0,07026603
817; 0,09375; 0,09375; 107,8913043478261; 0,07098114
818; 0,09375; 0,09375; 105,65217391304348; 0,06950803
819; 0,09375; 0,09375; 106,45652173913044; 0,0700372
820; 0,09375; 0,09375; 105,47826086956522; 0,06939361
821; 0,09375; 0,09375; 106,52173913043478; 0,0700801
822; 0,09375; 0,09375; 105,65217391304348; 0,06950803
823; 0,09375; 0,09375; 106,58695652173913; 0,070123
824; 0,09375; 0,09375; 106,32608695652173; 0,06995139
825; 0,09375; 0,09375; 107,1086956521739; 0,07046626
826; 0,09375; 0,09375; 105,6304347826087; 0,06949371
827; 0,09375; 0,09375; 105,73913043478261; 0,06956524
828; 0,09375; 0,09375; 107,65217391304348; 0,07082381
829; 0,09375; 0,09375; 106,93478260869566; 0,07035185
830; 0,09375; 0,09375; 105,6086956521739; 0,06947942
831; 0,09375; 0,09375; 106,54347826086956; 0,07009441
832; 0,09375; 0,09375; 105,43478260869566; 0,069365
833; 0,09375; 0,09375; 105,76086956521739; 0,069579534
834; 0,09375; 0,09375; 105,8913043478261; 0,06966534
835; 0,09375; 0,09375; 106,54347826086956; 0,07009441
836; 0,09375; 0,09375; 107,32608695652173; 0,07060929
837; 0,09375; 0,09375; 106,3695652173913; 0,06998
838; 0,09375; 0,09375; 105,71739130434783; 0,069550924
839; 0,09375; 0,09375; 105,95652173913044; 0,06970825
840; 0,09375; 0,09375; 106,26086956521739; 0,069908485
841; 0,09375; 0,09375; 107,06521739130434; 0,070437655
842; 0,09375; 0,09375; 106,47826086956522; 0,070051506
843; 0,09375; 0,09375; 106,28260869565217; 0,06992278
844; 0,09375; 0,09375; 107,73913043478261; 0,07088102
845; 0,09375; 0,09375; 106,67391304347827; 0,07018022
846; 0,09375; 0,09375; 105,71739130434783; 0,069550924
847; 0,09375; 0,09375; 107,80434782608695; 0,07092392
848; 0,09375; 0,09375; 106,69565217391305; 0,07019452
849; 0,09375; 0,09375; 106,52173913043478; 0,07008011
850; 0,09375; 0,09375; 106,17391304347827; 0,06985127
851; 0,09375; 0,09375; 107,69565217391305; 0,07085242
852; 0,09375; 0,09375; 108,1304347826087; 0,07113846
853; 0,09375; 0,09375; 105,52173913043478; 0,06942221
854; 0,09375; 0,09375; 106,1086956521739; 0,069808364
855; 0,09375; 0,09375; 106,56521739130434; 0,07010871
856; 0,09375; 0,09375; 106,67391304347827; 0,07018022
857; 0,09375; 0,09375; 107,69565217391305; 0,070852414
858; 0,09375; 0,09375; 107,73913043478261; 0,070881024
859; 0,09375; 0,09375; 106,91304347826087; 0,07033754
860; 0,09375; 0,09375; 106,19565217391305; 0,069865584
861; 0,09375; 0,09375; 106,6304347826087; 0,07015162
862; 0,09375; 0,09375; 106,80434782608695; 0,07026603
863; 0,09375; 0,09375; 106,23913043478261; 0,06989419
864; 0,09375; 0,09375; 106,73913043478261; 0,07022313
865; 0,09375; 0,09375; 107,54347826086956; 0,07075231
866; 0,09375; 0,09375; 106,58695652173913; 0,07012302
867; 0,09375; 0,09375; 106,32608695652173; 0,06995139
868; 0,09375; 0,09375; 106,65217391304348; 0,07016592
869; 0,09375; 0,09375; 106,06521739130434; 0,06977976
870; 0,09375; 0,09375; 106,26086956521739; 0,06990848
871; 0,09375; 0,09375; 106,91304347826087; 0,07033754
872; 0,09375; 0,09375; 105,73913043478261; 0,06956523
873; 0,09375; 0,09375; 107,73913043478261; 0,07088102
874; 0,09375; 0,09375; 106,0; 0,06973686
875; 0,09375; 0,09375; 106,41304347826087; 0,0700086
876; 0,09375; 0,09375; 106,84782608695652; 0,07029463
877; 0,09375; 0,09375; 106,28260869565217; 0,06992278
878; 0,09375; 0,09375; 106,15217391304348; 0,069836974
879; 0,09375; 0,09375; 105,80434782608695; 0,06960815
880; 0,09375; 0,09375; 106,41304347826087; 0,0700086
881; 0,09375; 0,09375; 106,15217391304348; 0,06983697
882; 0,09375; 0,09375; 106,30434782608695; 0,06993709
883; 0,09375; 0,09375; 106,3695652173913; 0,069979995
884; 0,09375; 0,09375; 106,1086956521739; 0,069808364
885; 0,09375; 0,09375; 107,08695652173913; 0,07045195
886; 0,09375; 0,09375; 106,08695652173913; 0,069794066
887; 0,09375; 0,09375; 106,8913043478261; 0,07032323
888; 0,09375; 0,09375; 107,52173913043478; 0,07073801
889; 0,09375; 0,09375; 106,26086956521739; 0,06990848
890; 0,09375; 0,09375; 104,65217391304348; 0,06885013
891; 0,09375; 0,09375; 107,6304347826087; 0,07080951
892; 0,09375; 0,09375; 107,17391304347827; 0,070509166
893; 0,09375; 0,09375; 106,6304347826087; 0,07015161
894; 0,09375; 0,09375; 106,54347826086956; 0,07009441
895; 0,09375; 0,09375; 106,34782608695652; 0,06996568
896; 0,09375; 0,09375; 106,56521739130434; 0,07010871
897; 0,09375; 0,09375; 106,30434782608695; 0,06993709
898; 0,09375; 0,09375; 106,80434782608695; 0,07026602
899; 0,09375; 0,09375; 106,82608695652173; 0,07028034
900; 0,09375; 0,09375; 106,69565217391305; 0,07019453
901; 0,09375; 0,09375; 106,71739130434783; 0,07020883
902; 0,09375; 0,09375; 106,56521739130434; 0,07010871
903; 0,09375; 0,09375; 106,65217391304348; 0,07016592
904; 0,09375; 0,09375; 106,3695652173913; 0,06997999
905; 0,09375; 0,09375; 107,1086956521739; 0,070466265
906; 0,09375; 0,09375; 106,54347826086956; 0,070094414
907; 0,09375; 0,09375; 106,52173913043478; 0,0700801
908; 0,09375; 0,09375; 107,0; 0,07039474
909; 0,09375; 0,09375; 107,32608695652173; 0,07060929
910; 0,09375; 0,09375; 107,0; 0,07039475
911; 0,09375; 0,09375; 106,3695652173913; 0,06997999
912; 0,09375; 0,09375; 106,58695652173913; 0,07012302
913; 0,09375; 0,09375; 105,8695652173913; 0,069651045
914; 0,09375; 0,09375; 106,58695652173913; 0,07012301
915; 0,09375; 0,09375; 106,23913043478261; 0,06989419
916; 0,09375; 0,09375; 106,15217391304348; 0,06983698
917; 0,09375; 0,09375; 105,47826086956522; 0,069393605
918; 0,09375; 0,09375; 105,28260869565217; 0,06926489
919; 0,09375; 0,09375; 106,6086956521739; 0,07013731
920; 0,09375; 0,09375; 105,6086956521739; 0,06947941
921; 0,09375; 0,09375; 106,8695652173913; 0,07030893
922; 0,09375; 0,09375; 106,56521739130434; 0,070108704
923; 0,09375; 0,09375; 106,26086956521739; 0,069908485
924; 0,09375; 0,09375; 107,04347826086956; 0,07042336
925; 0,09375; 0,09375; 106,3695652173913; 0,06997998
926; 0,09375; 0,09375; 105,08695652173913; 0,069136165
927; 0,09375; 0,09375; 105,8913043478261; 0,06966534
928; 0,09375; 0,09375; 106,93478260869566; 0,07035185
929; 0,09375; 0,09375; 107,65217391304348; 0,07082381
930; 0,09375; 0,09375; 106,19565217391305; 0,06986558
931; 0,09375; 0,09375; 106,6086956521739; 0,07013732
932; 0,09375; 0,09375; 107,23913043478261; 0,070552066
933; 0,09375; 0,09375; 105,52173913043478; 0,06942222
934; 0,09375; 0,09375; 106,6086956521739; 0,07013732
935; 0,09375; 0,09375; 106,82608695652173; 0,070280336
936; 0,09375; 0,09375; 106,3913043478261; 0,069994286
937; 0,09375; 0,09375; 107,0; 0,07039474
938; 0,09375; 0,09375; 106,65217391304348; 0,07016592
939; 0,09375; 0,09375; 106,41304347826087; 0,07000859
940; 0,09375; 0,09375; 106,45652173913044; 0,07003719
941; 0,09375; 0,09375; 106,21739130434783; 0,06987988
942; 0,09375; 0,09375; 106,8913043478261; 0,07032324
943; 0,09375; 0,09375; 106,3695652173913; 0,06998
944; 0,09375; 0,09375; 106,52173913043478; 0,07008011
945; 0,09375; 0,09375; 105,6304347826087; 0,069493726
946; 0,09375; 0,09375; 106,6086956521739; 0,07013731
947; 0,09375; 0,09375; 106,15217391304348; 0,069836974
948; 0,09375; 0,09375; 108,15217391304348; 0,07115275
949; 0,09375; 0,09375; 104,17391304347827; 0,06853547
950; 0,09375; 0,09375; 106,47826086956522; 0,070051506
951; 0,09375; 0,09375; 106,5; 0,07006581
952; 0,09375; 0,09375; 106,69565217391305; 0,07019451
953; 0,09375; 0,09375; 107,3695652173913; 0,07063788
954; 0,09375; 0,09375; 105,84782608695652; 0,06963675
955; 0,09375; 0,09375; 106,58695652173913; 0,070123
956; 0,09375; 0,09375; 106,21739130434783; 0,06987988
957; 0,09375; 0,09375; 106,8695652173913; 0,07030893
958; 0,09375; 0,09375; 105,54347826086956; 0,069436505
959; 0,09375; 0,09375; 105,97826086956522; 0,06972254
960; 0,09375; 0,09375; 106,8913043478261; 0,07032324
961; 0,09375; 0,09375; 106,15217391304348; 0,06983698
962; 0,09375; 0,09375; 105,6086956521739; 0,06947942
963; 0,09375; 0,09375; 105,91304347826087; 0,069679655
964; 0,09375; 0,09375; 108,1304347826087; 0,07113846
965; 0,09375; 0,09375; 106,52173913043478; 0,0700801
966; 0,09375; 0,09375; 106,56521739130434; 0,07010871
967; 0,09375; 0,09375; 106,56521739130434; 0,070108704
968; 0,09375; 0,09375; 106,26086956521739; 0,069908485
969; 0,09375; 0,09375; 107,0; 0,07039475
970; 0,09375; 0,09375; 106,47826086956522; 0,070051506
971; 0,09375; 0,09375; 106,56521739130434; 0,070108704
972; 0,09375; 0,09375; 106,76086956521739; 0,07023743
973; 0,09375; 0,09375; 106,56521739130434; 0,07010871
974; 0,09375; 0,09375; 107,34782608695652; 0,07062358
975; 0,09375; 0,09375; 106,1304347826087; 0,06982268
976; 0,09375; 0,09375; 105,95652173913044; 0,06970826
977; 0,09375; 0,09375; 107,71739130434783; 0,07086672
978; 0,09375; 0,09375; 106,23913043478261; 0,06989417
979; 0,09375; 0,09375; 106,41304347826087; 0,0700086
980; 0,09375; 0,09375; 107,95652173913044; 0,07102404
981; 0,09375; 0,09375; 106,3695652173913; 0,069979995
982; 0,09375; 0,09375; 105,73913043478261; 0,06956524
983; 0,09375; 0,09375; 107,5; 0,0707237
984; 0,09375; 0,09375; 106,26086956521739; 0,069908485
985; 0,09375; 0,09375; 106,6086956521739; 0,07013731
986; 0,09375; 0,09375; 107,28260869565217; 0,07058068
987; 0,09375; 0,09375; 105,76086956521739; 0,069579534
988; 0,09375; 0,09375; 105,1086956521739; 0,069150455
989; 0,09375; 0,09375; 105,73913043478261; 0,06956523
990; 0,09375; 0,09375; 107,56521739130434; 0,07076661
991; 0,09375; 0,09375; 106,32608695652173; 0,06995139
992; 0,09375; 0,09375; 106,04347826086956; 0,069765456
993; 0,09375; 0,09375; 106,67391304347827; 0,070180215
994; 0,09375; 0,09375; 106,08695652173913; 0,069794066
995; 0,09375; 0,09375; 106,34782608695652; 0,06996568
996; 0,09375; 0,09375; 106,76086956521739; 0,07023742
997; 0,09375; 0,09375; 106,97826086956522; 0,07038044
998; 0,09375; 0,09375; 106,58695652173913; 0,070123
999; 0,09375; 0,09375; 106,91304347826087; 0,07033754
1000; 0,09375; 0,09375; 106,6086956521739; 0,070137314
1001; 0,09375; 0,09375; 105,71739130434783; 0,069550924
1002; 0,09375; 0,09375; 105,32608695652173; 0,06929349
1003; 0,09375; 0,09375; 106,26086956521739; 0,069908485
1004; 0,09375; 0,09375; 106,32608695652173; 0,06995139
1005; 0,09375; 0,09375; 106,78260869565217; 0,07025172
1006; 0,09375; 0,09375; 106,6086956521739; 0,07013731
1007; 0,09375; 0,09375; 106,6086956521739; 0,07013731
1008; 0,09375; 0,09375; 106,8913043478261; 0,07032324
1009; 0,09375; 0,09375; 106,1304347826087; 0,06982267
1010; 0,09375; 0,09375; 106,1086956521739; 0,069808364
1011; 0,09375; 0,09375; 105,95652173913044; 0,06970826
1012; 0,09375; 0,09375; 105,82608695652173; 0,06962244
1013; 0,09375; 0,09375; 106,43478260869566; 0,070022896
1014; 0,09375; 0,09375; 105,17391304347827; 0,06919338
1015; 0,09375; 0,09375; 105,04347826086956; 0,06910757
1016; 0,09375; 0,09375; 106,80434782608695; 0,07026603
1017; 0,09375; 0,09375; 107,6086956521739; 0,07079521
1018; 0,09375; 0,09375; 106,80434782608695; 0,07026603
1019; 0,09375; 0,09375; 105,84782608695652; 0,06963675
1020; 0,09375; 0,09375; 106,41304347826087; 0,070008606
1021; 0,09375; 0,09375; 106,02173913043478; 0,06975116
1022; 0,09375; 0,09375; 105,93478260869566; 0,069693945
1023; 0,09375; 0,09375; 106,5; 0,070065804
1024; 0,09375; 0,09375; 105,6304347826087; 0,06949371
1025; 0,09375; 0,09375; 106,43478260869566; 0,07002289
1026; 0,09375; 0,09375; 105,54347826086956; 0,069436505
1027; 0,09375; 0,09375; 104,6304347826087; 0,068835825
1028; 0,09375; 0,09375; 107,84782608695652; 0,07095253
1029; 0,09375; 0,09375; 106,54347826086956; 0,07009442
1030; 0,09375; 0,09375; 106,69565217391305; 0,07019453
1031; 0,09375; 0,09375; 107,08695652173913; 0,07045197
1032; 0,09375; 0,09375; 109,3913043478261; 0,07196797
1033; 0,09375; 0,09375; 105,76086956521739; 0,06957953
1034; 0,09375; 0,09375; 107,17391304347827; 0,07050915
1035; 0,09375; 0,09375; 107,0; 0,07039475
1036; 0,09375; 0,09375; 106,97826086956522; 0,07038046
1037; 0,09375; 0,09375; 106,56521739130434; 0,070108704
1038; 0,09375; 0,09375; 106,73913043478261; 0,07022313
1039; 0,09375; 0,09375; 105,8695652173913; 0,06965104
1040; 0,09375; 0,09375; 106,97826086956522; 0,07038044
1041; 0,09375; 0,09375; 107,15217391304348; 0,07049486
1042; 0,09375; 0,09375; 106,8913043478261; 0,07032324
1043; 0,09375; 0,09375; 106,67391304347827; 0,070180215
1044; 0,09375; 0,09375; 106,26086956521739; 0,06990849
1045; 0,09375; 0,09375; 106,32608695652173; 0,069951385
1046; 0,09375; 0,09375; 106,97826086956522; 0,07038044
1047; 0,09375; 0,09375; 105,80434782608695; 0,06960814
1048; 0,09375; 0,09375; 105,95652173913044; 0,06970825
1049; 0,09375; 0,09375; 106,0; 0,06973685
1050; 0,09375; 0,09375; 105,6304347826087; 0,069493726
1051; 0,09375; 0,09375; 106,69565217391305; 0,07019453
1052; 0,09375; 0,09375; 106,17391304347827; 0,069851264
1053; 0,09375; 0,09375; 106,08695652173913; 0,069794066
1054; 0,09375; 0,09375; 106,43478260869566; 0,070022896
1055; 0,09375; 0,09375; 106,43478260869566; 0,07002288
1056; 0,09375; 0,09375; 105,8913043478261; 0,06966536
1057; 0,09375; 0,09375; 106,02173913043478; 0,06975115
1058; 0,09375; 0,09375; 106,06521739130434; 0,06977975
1059; 0,09375; 0,09375; 106,5; 0,070065804
1060; 0,09375; 0,09375; 107,02173913043478; 0,07040905
1061; 0,09375; 0,09375; 107,08695652173913; 0,07045195
1062; 0,09375; 0,09375; 105,21739130434783; 0,06922198
1063; 0,09375; 0,09375; 106,45652173913044; 0,07003721
1064; 0,09375; 0,09375; 107,04347826086956; 0,07042336
1065; 0,09375; 0,09375; 105,8913043478261; 0,06966536
1066; 0,09375; 0,09375; 106,73913043478261; 0,07022312
1067; 0,09375; 0,09375; 106,71739130434783; 0,07020883
1068; 0,09375; 0,09375; 106,82608695652173; 0,070280336
1069; 0,09375; 0,09375; 106,06521739130434; 0,06977976
1070; 0,09375; 0,09375; 106,30434782608695; 0,06993709
1071; 0,09375; 0,09375; 107,43478260869566; 0,07068079
1072; 0,09375; 0,09375; 106,41304347826087; 0,070008606
1073; 0,09375; 0,09375; 105,67391304347827; 0,06952232
1074; 0,09375; 0,09375; 106,0; 0,06973686
1075; 0,09375; 0,09375; 107,04347826086956; 0,07042336
1076; 0,09375; 0,09375; 106,34782608695652; 0,0699657
1077; 0,09375; 0,09375; 105,34782608695652; 0,0693078
1078; 0,09375; 0,09375; 106,43478260869566; 0,0700229
1079; 0,09375; 0,09375; 106,6304347826087; 0,07015163
1080; 0,09375; 0,09375; 105,41304347826087; 0,0693507
1081; 0,09375; 0,09375; 106,47826086956522; 0,070051506
1082; 0,09375; 0,09375; 105,80434782608695; 0,06960815
1083; 0,09375; 0,09375; 106,21739130434783; 0,06987987
1084; 0,09375; 0,09375; 105,95652173913044; 0,06970826
1085; 0,09375; 0,09375; 106,78260869565217; 0,070251726
1086; 0,09375; 0,09375; 106,26086956521739; 0,06990848
1087; 0,09375; 0,09375; 105,3695652173913; 0,069322094
1088; 0,09375; 0,09375; 105,91304347826087; 0,06967964
1089; 0,09375; 0,09375; 106,8695652173913; 0,07030894
1090; 0,09375; 0,09375; 105,02173913043478; 0,069093265
1091; 0,09375; 0,09375; 107,91304347826087; 0,07099544
1092; 0,09375; 0,09375; 106,30434782608695; 0,06993709
1093; 0,09375; 0,09375; 106,71739130434783; 0,07020883
1094; 0,09375; 0,09375; 106,41304347826087; 0,07000859
1095; 0,09375; 0,09375; 105,47826086956522; 0,06939361
1096; 0,09375; 0,09375; 105,67391304347827; 0,06952233
1097; 0,09375; 0,09375; 105,41304347826087; 0,069350705
1098; 0,09375; 0,09375; 106,71739130434783; 0,07020883
1099; 0,09375; 0,09375; 107,3695652173913; 0,07063788
1100; 0,09375; 0,09375; 106,76086956521739; 0,07023743
1101; 0,09375; 0,09375; 108,06521739130434; 0,071095556
1102; 0,09375; 0,09375; 106,34782608695652; 0,0699657
1103; 0,09375; 0,09375; 106,26086956521739; 0,069908485
1104; 0,09375; 0,09375; 106,8913043478261; 0,070323244
1105; 0,09375; 0,09375; 106,17391304347827; 0,06985127
1106; 0,09375; 0,09375; 108,21739130434783; 0,07119567
1107; 0,09375; 0,09375; 106,69565217391305; 0,07019451
1108; 0,09375; 0,09375; 104,78260869565217; 0,068935946
1109; 0,09375; 0,09375; 105,84782608695652; 0,06963674
1110; 0,09375; 0,09375; 108,17391304347827; 0,07116706
1111; 0,09375; 0,09375; 106,0; 0,069736846
1112; 0,09375; 0,09375; 106,21739130434783; 0,06987988
1113; 0,09375; 0,09375; 106,1086956521739; 0,06980836
1114; 0,09375; 0,09375; 107,32608695652173; 0,07060927
1115; 0,09375; 0,09375; 107,17391304347827; 0,07050917
1116; 0,09375; 0,09375; 107,26086956521739; 0,07056638
1117; 0,09375; 0,09375; 104,93478260869566; 0,06903606
1118; 0,09375; 0,09375; 106,80434782608695; 0,07026604
1119; 0,09375; 0,09375; 106,26086956521739; 0,06990848
1120; 0,09375; 0,09375; 106,8913043478261; 0,07032325
1121; 0,09375; 0,09375; 106,69565217391305; 0,07019451
1122; 0,09375; 0,09375; 106,3695652173913; 0,069979995
1123; 0,09375; 0,09375; 106,69565217391305; 0,07019452
1124; 0,09375; 0,09375; 105,21739130434783; 0,06922198
1125; 0,09375; 0,09375; 106,3913043478261; 0,06999429
1126; 0,09375; 0,09375; 106,84782608695652; 0,07029464
1127; 0,09375; 0,09375; 105,6086956521739; 0,06947942
1128; 0,09375; 0,09375; 106,15217391304348; 0,06983697
1129; 0,09375; 0,09375; 106,6304347826087; 0,07015162
1130; 0,09375; 0,09375; 107,0; 0,07039475
1131; 0,09375; 0,09375; 107,15217391304348; 0,07049487
1132; 0,09375; 0,09375; 106,32608695652173; 0,069951385
1133; 0,09375; 0,09375; 105,8695652173913; 0,069651045
1134; 0,09375; 0,09375; 106,58695652173913; 0,07012301
1135; 0,09375; 0,09375; 106,45652173913044; 0,0700372
1136; 0,09375; 0,09375; 107,52173913043478; 0,070738
1137; 0,09375; 0,09375; 106,3913043478261; 0,069994286
1138; 0,09375; 0,09375; 106,06521739130434; 0,069779776
1139; 0,09375; 0,09375; 106,47826086956522; 0,07005149
1140; 0,09375; 0,09375; 105,82608695652173; 0,06962244
1141; 0,09375; 0,09375; 106,15217391304348; 0,069836974
1142; 0,09375; 0,09375; 105,43478260869566; 0,069365
1143; 0,09375; 0,09375; 106,23913043478261; 0,06989418
1144; 0,09375; 0,09375; 107,65217391304348; 0,07082381
1145; 0,09375; 0,09375; 106,3695652173913; 0,06998
1146; 0,09375; 0,09375; 106,52173913043478; 0,07008012
1147; 0,09375; 0,09375; 107,19565217391305; 0,07052347
1148; 0,09375; 0,09375; 106,15217391304348; 0,06983698
1149; 0,09375; 0,09375; 107,17391304347827; 0,070509166
1150; 0,09375; 0,09375; 105,80434782608695; 0,06960814
1151; 0,09375; 0,09375; 106,34782608695652; 0,0699657
1152; 0,09375; 0,09375; 105,19565217391305; 0,069207676
1153; 0,09375; 0,09375; 106,04347826086956; 0,069765456
1154; 0,09375; 0,09375; 106,28260869565217; 0,0699228
1155; 0,09375; 0,09375; 106,02173913043478; 0,069751166
1156; 0,09375; 0,09375; 106,41304347826087; 0,07000859
1157; 0,09375; 0,09375; 106,52173913043478; 0,0700801
1158; 0,09375; 0,09375; 105,54347826086956; 0,06943652
1159; 0,09375; 0,09375; 106,8913043478261; 0,07032324
1160; 0,09375; 0,09375; 106,58695652173913; 0,07012302
1161; 0,09375; 0,09375; 106,3695652173913; 0,06997999
1162; 0,09375; 0,09375; 106,28260869565217; 0,06992278
1163; 0,09375; 0,09375; 108,0; 0,07105264
1164; 0,09375; 0,09375; 106,5; 0,0700658
1165; 0,09375; 0,09375; 106,71739130434783; 0,07020881
1166; 0,09375; 0,09375; 106,6086956521739; 0,07013731
1167; 0,09375; 0,09375; 106,58695652173913; 0,07012301
1168; 0,09375; 0,09375; 106,1086956521739; 0,06980837
1169; 0,09375; 0,09375; 106,45652173913044; 0,07003719
1170; 0,09375; 0,09375; 107,32608695652173; 0,07060928
1171; 0,09375; 0,09375; 106,30434782608695; 0,06993709
1172; 0,09375; 0,09375; 104,43478260869566; 0,0687071
1173; 0,09375; 0,09375; 106,6086956521739; 0,070137314
1174; 0,09375; 0,09375; 105,80434782608695; 0,06960814
1175; 0,09375; 0,09375; 106,76086956521739; 0,07023744
1176; 0,09375; 0,09375; 106,17391304347827; 0,06985128
1177; 0,09375; 0,09375; 106,23913043478261; 0,06989418
1178; 0,09375; 0,09375; 107,5; 0,0707237
1179; 0,09375; 0,09375; 106,19565217391305; 0,06986558
1180; 0,09375; 0,09375; 105,97826086956522; 0,069722556
1181; 0,09375; 0,09375; 107,28260869565217; 0,070580676
1182; 0,09375; 0,09375; 107,1086956521739; 0,070466265
1183; 0,09375; 0,09375; 105,19565217391305; 0,069207676
1184; 0,09375; 0,09375; 106,3695652173913; 0,069979995
1185; 0,09375; 0,09375; 106,6086956521739; 0,07013731
1186; 0,09375; 0,09375; 107,3695652173913; 0,07063788
1187; 0,09375; 0,09375; 108,30434782608695; 0,071252875
1188; 0,09375; 0,09375; 106,69565217391305; 0,07019453
1189; 0,09375; 0,09375; 105,6086956521739; 0,06947941
1190; 0,09375; 0,09375; 106,1304347826087; 0,06982266
1191; 0,09375; 0,09375; 106,32608695652173; 0,06995139
1192; 0,09375; 0,09375; 106,26086956521739; 0,06990849
1193; 0,09375; 0,09375; 106,19565217391305; 0,06986558
1194; 0,09375; 0,09375; 106,69565217391305; 0,07019453
1195; 0,09375; 0,09375; 107,56521739130434; 0,0707666
1196; 0,09375; 0,09375; 107,45652173913044; 0,07069509
1197; 0,09375; 0,09375; 106,47826086956522; 0,070051506
1198; 0,09375; 0,09375; 106,30434782608695; 0,06993709
1199; 0,09375; 0,09375; 107,0; 0,07039474
1200; 0,09375; 0,09375; 107,1304347826087; 0,07048056
1201; 0,09375; 0,09375; 106,95652173913044; 0,07036615
1202; 0,09375; 0,09375; 105,47826086956522; 0,06939361
1203; 0,09375; 0,09375; 106,45652173913044; 0,0700372
1204; 0,09375; 0,09375; 105,82608695652173; 0,06962244
1205; 0,09375; 0,09375; 106,23913043478261; 0,06989419
1206; 0,09375; 0,09375; 106,21739130434783; 0,069879875
1207; 0,09375; 0,09375; 106,95652173913044; 0,07036616
1208; 0,09375; 0,09375; 106,6086956521739; 0,07013732
1209; 0,09375; 0,09375; 104,56521739130434; 0,068792924
1210; 0,09375; 0,09375; 106,3913043478261; 0,06999429
1211; 0,09375; 0,09375; 106,65217391304348; 0,07016592
1212; 0,09375; 0,09375; 106,43478260869566; 0,0700229
1213; 0,09375; 0,09375; 106,78260869565217; 0,07025173
1214; 0,09375; 0,09375; 106,04347826086956; 0,06976546
1215; 0,09375; 0,09375; 106,34782608695652; 0,06996568
1216; 0,09375; 0,09375; 105,58695652173913; 0,06946513
1217; 0,09375; 0,09375; 106,41304347826087; 0,07000859
1218; 0,09375; 0,09375; 107,41304347826087; 0,070666485
1219; 0,09375; 0,09375; 106,43478260869566; 0,070022896
1220; 0,09375; 0,09375; 106,47826086956522; 0,070051506
1221; 0,09375; 0,09375; 107,56521739130434; 0,070766605
1222; 0,09375; 0,09375; 106,3695652173913; 0,06997998
1223; 0,09375; 0,09375; 106,34782608695652; 0,06996569
1224; 0,09375; 0,09375; 106,28260869565217; 0,06992279
1225; 0,09375; 0,09375; 106,17391304347827; 0,06985128
1226; 0,09375; 0,09375; 106,19565217391305; 0,06986558
1227; 0,09375; 0,09375; 106,43478260869566; 0,0700229
1228; 0,09375; 0,09375; 106,3695652173913; 0,069979995
1229; 0,09375; 0,09375; 105,67391304347827; 0,06952233
1230; 0,09375; 0,09375; 106,41304347826087; 0,07000859
1231; 0,09375; 0,09375; 108,56521739130434; 0,07142449
1232; 0,09375; 0,09375; 106,47826086956522; 0,07005149
1233; 0,09375; 0,09375; 106,43478260869566; 0,0700229
1234; 0,09375; 0,09375; 106,45652173913044; 0,0700372
1235; 0,09375; 0,09375; 107,04347826086956; 0,07042336
1236; 0,09375; 0,09375; 107,6304347826087; 0,070809506
1237; 0,09375; 0,09375; 105,78260869565217; 0,06959383
1238; 0,09375; 0,09375; 106,21739130434783; 0,06987988
1239; 0,09375; 0,09375; 105,82608695652173; 0,06962244
1240; 0,09375; 0,09375; 106,84782608695652; 0,07029463
1241; 0,09375; 0,09375; 106,43478260869566; 0,07002289
1242; 0,09375; 0,09375; 107,45652173913044; 0,07069509
1243; 0,09375; 0,09375; 107,30434782608695; 0,07059498
1244; 0,09375; 0,09375; 106,1086956521739; 0,06980837
1245; 0,09375; 0,09375; 105,73913043478261; 0,06956524
1246; 0,09375; 0,09375; 107,6086956521739; 0,07079521
1247; 0,09375; 0,09375; 106,30434782608695; 0,06993708
1248; 0,09375; 0,09375; 106,80434782608695; 0,07026603
1249; 0,09375; 0,09375; 106,45652173913044; 0,0700372
1250; 0,09375; 0,09375; 106,97826086956522; 0,07038046
1251; 0,09375; 0,09375; 106,41304347826087; 0,070008606
1252; 0,09375; 0,09375; 106,73913043478261; 0,070223115
1253; 0,09375; 0,09375; 108,1086956521739; 0,07112416
1254; 0,09375; 0,09375; 106,56521739130434; 0,070108704
1255; 0,09375; 0,09375; 106,80434782608695; 0,07026603
1256; 0,09375; 0,09375; 104,95652173913044; 0,06905036
1257; 0,09375; 0,09375; 104,97826086956522; 0,06906466
1258; 0,09375; 0,09375; 106,30434782608695; 0,06993709
1259; 0,09375; 0,09375; 106,1086956521739; 0,06980837
1260; 0,09375; 0,09375; 106,97826086956522; 0,07038045
1261; 0,09375; 0,09375; 106,5; 0,07006581
1262; 0,09375; 0,09375; 106,28260869565217; 0,0699228
1263; 0,09375; 0,09375; 106,34782608695652; 0,06996569
1264; 0,09375; 0,09375; 106,21739130434783; 0,069879875
1265; 0,09375; 0,09375; 107,23913043478261; 0,07055207
1266; 0,09375; 0,09375; 106,71739130434783; 0,07020882
1267; 0,09375; 0,09375; 106,56521739130434; 0,07010871
1268; 0,09375; 0,09375; 106,65217391304348; 0,07016592
1269; 0,09375; 0,09375; 107,28260869565217; 0,07058068
1270; 0,09375; 0,09375; 107,30434782608695; 0,07059498
1271; 0,09375; 0,09375; 105,95652173913044; 0,06970824
1272; 0,09375; 0,09375; 106,43478260869566; 0,070022896
1273; 0,09375; 0,09375; 107,23913043478261; 0,07055207
1274; 0,09375; 0,09375; 107,47826086956522; 0,07070939
1275; 0,09375; 0,09375; 106,6304347826087; 0,07015161
1276; 0,09375; 0,09375; 105,78260869565217; 0,06959383
1277; 0,09375; 0,09375; 107,23913043478261; 0,07055207
1278; 0,09375; 0,09375; 106,52173913043478; 0,07008012
1279; 0,09375; 0,09375; 106,1304347826087; 0,06982268
1280; 0,09375; 0,09375; 106,30434782608695; 0,069937095
1281; 0,09375; 0,09375; 106,34782608695652; 0,06996568
1282; 0,09375; 0,09375; 106,58695652173913; 0,070123
1283; 0,09375; 0,09375; 106,28260869565217; 0,069922775
1284; 0,09375; 0,09375; 106,21739130434783; 0,06987988
1285; 0,09375; 0,09375; 105,82608695652173; 0,06962244
1286; 0,09375; 0,09375; 106,17391304347827; 0,069851264
1287; 0,09375; 0,09375; 106,3913043478261; 0,069994286
1288; 0,09375; 0,09375; 107,21739130434783; 0,07053777
1289; 0,09375; 0,09375; 106,41304347826087; 0,070008606
1290; 0,09375; 0,09375; 106,23913043478261; 0,06989419
1291; 0,09375; 0,09375; 106,65217391304348; 0,070165925
1292; 0,09375; 0,09375; 106,6086956521739; 0,07013731
1293; 0,09375; 0,09375; 106,21739130434783; 0,069879875
1294; 0,09375; 0,09375; 106,82608695652173; 0,07028033
1295; 0,09375; 0,09375; 107,04347826086956; 0,07042336
1296; 0,09375; 0,09375; 105,58695652173913; 0,06946511
1297; 0,09375; 0,09375; 105,97826086956522; 0,069722556
1298; 0,09375; 0,09375; 105,80434782608695; 0,06960814
1299; 0,09375; 0,09375; 105,8695652173913; 0,069651045
1300; 0,09375; 0,09375; 107,15217391304348; 0,07049487
1301; 0,09375; 0,09375; 106,8913043478261; 0,07032324
1302; 0,09375; 0,09375; 106,17391304347827; 0,06985127
1303; 0,09375; 0,09375; 106,41304347826087; 0,07000859
1304; 0,09375; 0,09375; 106,26086956521739; 0,06990848
1305; 0,09375; 0,09375; 106,1304347826087; 0,06982266
1306; 0,09375; 0,09375; 106,17391304347827; 0,069851264
1307; 0,09375; 0,09375; 106,78260869565217; 0,070251726
1308; 0,09375; 0,09375; 105,65217391304348; 0,069508016
1309; 0,09375; 0,09375; 107,3695652173913; 0,07063788
1310; 0,09375; 0,09375; 107,0; 0,07039475
1311; 0,09375; 0,09375; 107,28260869565217; 0,07058067
1312; 0,09375; 0,09375; 105,71739130434783; 0,06955093
1313; 0,09375; 0,09375; 107,26086956521739; 0,07056636
1314; 0,09375; 0,09375; 105,21739130434783; 0,06922197
1315; 0,09375; 0,09375; 107,06521739130434; 0,070437655
1316; 0,09375; 0,09375; 105,95652173913044; 0,06970824
1317; 0,09375; 0,09375; 106,06521739130434; 0,06977976
1318; 0,09375; 0,09375; 105,71739130434783; 0,06955093
1319; 0,09375; 0,09375; 107,43478260869566; 0,0706808
1320; 0,09375; 0,09375; 107,1304347826087; 0,07048056
1321; 0,09375; 0,09375; 106,65217391304348; 0,07016591
1322; 0,09375; 0,09375; 105,6304347826087; 0,069493726
1323; 0,09375; 0,09375; 107,47826086956522; 0,0707094
1324; 0,09375; 0,09375; 107,08695652173913; 0,07045197
1325; 0,09375; 0,09375; 106,1304347826087; 0,06982267
1326; 0,09375; 0,09375; 106,43478260869566; 0,070022896
1327; 0,09375; 0,09375; 106,76086956521739; 0,070237435
1328; 0,09375; 0,09375; 106,15217391304348; 0,06983697
1329; 0,09375; 0,09375; 107,23913043478261; 0,07055208
1330; 0,09375; 0,09375; 106,26086956521739; 0,06990849
1331; 0,09375; 0,09375; 104,93478260869566; 0,06903606
1332; 0,09375; 0,09375; 106,17391304347827; 0,06985127
1333; 0,09375; 0,09375; 106,52173913043478; 0,0700801
1334; 0,09375; 0,09375; 106,6086956521739; 0,070137314
1335; 0,09375; 0,09375; 106,3913043478261; 0,06999429
1336; 0,09375; 0,09375; 106,82608695652173; 0,07028033
1337; 0,09375; 0,09375; 107,1304347826087; 0,07048057
1338; 0,09375; 0,09375; 106,65217391304348; 0,07016592
1339; 0,09375; 0,09375; 106,47826086956522; 0,07005149
1340; 0,09375; 0,09375; 106,15217391304348; 0,069836974
1341; 0,09375; 0,09375; 106,71739130434783; 0,070208825
1342; 0,09375; 0,09375; 106,78260869565217; 0,07025173
1343; 0,09375; 0,09375; 106,6304347826087; 0,07015161
1344; 0,09375; 0,09375; 106,6086956521739; 0,07013731
1345; 0,09375; 0,09375; 106,54347826086956; 0,07009441
1346; 0,09375; 0,09375; 106,41304347826087; 0,07000859
1347; 0,09375; 0,09375; 106,71739130434783; 0,070208825
1348; 0,09375; 0,09375; 106,52173913043478; 0,07008011
1349; 0,09375; 0,09375; 106,02173913043478; 0,06975116
1350; 0,09375; 0,09375; 105,8913043478261; 0,069665335
1351; 0,09375; 0,09375; 106,43478260869566; 0,070022896
1352; 0,09375; 0,09375; 106,91304347826087; 0,07033754
1353; 0,09375; 0,09375; 106,28260869565217; 0,06992279
1354; 0,09375; 0,09375; 106,3913043478261; 0,0699943
1355; 0,09375; 0,09375; 107,02173913043478; 0,070409045
1356; 0,09375; 0,09375; 106,95652173913044; 0,07036615
1357; 0,09375; 0,09375; 105,80434782608695; 0,06960814
1358; 0,09375; 0,09375; 105,76086956521739; 0,06957954
1359; 0,09375; 0,09375; 105,5; 0,0694079
1360; 0,09375; 0,09375; 106,82608695652173; 0,07028034
1361; 0,09375; 0,09375; 106,0; 0,06973687
1362; 0,09375; 0,09375; 106,5; 0,070065804
1363; 0,09375; 0,09375; 106,6304347826087; 0,07015162
1364; 0,09375; 0,09375; 107,32608695652173; 0,07060929
1365; 0,09375; 0,09375; 105,95652173913044; 0,06970825
1366; 0,09375; 0,09375; 106,08695652173913; 0,069794066
1367; 0,09375; 0,09375; 106,54347826086956; 0,070094414
1368; 0,09375; 0,09375; 106,45652173913044; 0,07003719
1369; 0,09375; 0,09375; 106,0; 0,06973685
1370; 0,09375; 0,09375; 106,84782608695652; 0,070294626
1371; 0,09375; 0,09375; 105,43478260869566; 0,069365
1372; 0,09375; 0,09375; 107,6086956521739; 0,07079521
1373; 0,09375; 0,09375; 106,65217391304348; 0,07016592
1374; 0,09375; 0,09375; 107,1086956521739; 0,07046625
1375; 0,09375; 0,09375; 107,0; 0,07039476
1376; 0,09375; 0,09375; 107,28260869565217; 0,070580676
1377; 0,09375; 0,09375; 106,3695652173913; 0,069979995
1378; 0,09375; 0,09375; 105,58695652173913; 0,06946512
1379; 0,09375; 0,09375; 106,19565217391305; 0,06986558
1380; 0,09375; 0,09375; 106,6086956521739; 0,070137314
1381; 0,09375; 0,09375; 105,47826086956522; 0,069393605
1382; 0,09375; 0,09375; 107,76086956521739; 0,07089532
1383; 0,09375; 0,09375; 105,56521739130434; 0,06945081
1384; 0,09375; 0,09375; 106,32608695652173; 0,06995139
1385; 0,09375; 0,09375; 105,95652173913044; 0,06970825
1386; 0,09375; 0,09375; 105,3695652173913; 0,069322094
1387; 0,09375; 0,09375; 105,02173913043478; 0,069093265
1388; 0,09375; 0,09375; 105,78260869565217; 0,06959383
1389; 0,09375; 0,09375; 105,84782608695652; 0,06963674
1390; 0,09375; 0,09375; 105,30434782608695; 0,06927919
1391; 0,09375; 0,09375; 106,76086956521739; 0,07023743
1392; 0,09375; 0,09375; 106,69565217391305; 0,07019453
1393; 0,09375; 0,09375; 106,58695652173913; 0,07012301
1394; 0,09375; 0,09375; 108,1304347826087; 0,07113846
1395; 0,09375; 0,09375; 106,54347826086956; 0,070094414
1396; 0,09375; 0,09375; 106,76086956521739; 0,07023743
1397; 0,09375; 0,09375; 106,76086956521739; 0,07023743
1398; 0,09375; 0,09375; 106,5; 0,070065804
1399; 0,09375; 0,09375; 105,52173913043478; 0,06942221
1400; 0,09375; 0,09375; 106,80434782608695; 0,07026603
1401; 0,09375; 0,09375; 106,08695652173913; 0,069794066
1402; 0,09375; 0,09375; 106,78260869565217; 0,07025173
1403; 0,09375; 0,09375; 106,43478260869566; 0,070022896
1404; 0,09375; 0,09375; 107,8695652173913; 0,07096683
1405; 0,09375; 0,09375; 109,80434782608695; 0,072239704
1406; 0,09375; 0,09375; 106,17391304347827; 0,06985127
1407; 0,09375; 0,09375; 106,56521739130434; 0,07010871
1408; 0,09375; 0,09375; 105,93478260869566; 0,069693945
1409; 0,09375; 0,09375; 107,45652173913044; 0,07069509
1410; 0,09375; 0,09375; 106,19565217391305; 0,06986557
1411; 0,09375; 0,09375; 107,1304347826087; 0,07048056
1412; 0,09375; 0,09375; 105,3695652173913; 0,0693221
1413; 0,09375; 0,09375; 106,34782608695652; 0,0699657
1414; 0,09375; 0,09375; 106,1304347826087; 0,06982268
1415; 0,09375; 0,09375; 106,32608695652173; 0,069951385
1416; 0,09375; 0,09375; 106,06521739130434; 0,06977976
1417; 0,09375; 0,09375; 105,19565217391305; 0,069207676
1418; 0,09375; 0,09375; 105,47826086956522; 0,06939361
1419; 0,09375; 0,09375; 106,43478260869566; 0,070022896
1420; 0,09375; 0,09375; 107,1086956521739; 0,07046627
1421; 0,09375; 0,09375; 106,41304347826087; 0,070008606
1422; 0,09375; 0,09375; 105,8913043478261; 0,06966535
1423; 0,09375; 0,09375; 107,15217391304348; 0,07049486
1424; 0,09375; 0,09375; 105,97826086956522; 0,06972255
1425; 0,09375; 0,09375; 105,58695652173913; 0,069465116
1426; 0,09375; 0,09375; 106,28260869565217; 0,06992279
1427; 0,09375; 0,09375; 105,34782608695652; 0,06930779
1428; 0,09375; 0,09375; 106,47826086956522; 0,070051506
1429; 0,09375; 0,09375; 106,34782608695652; 0,06996568
1430; 0,09375; 0,09375; 106,45652173913044; 0,0700372
1431; 0,09375; 0,09375; 105,8913043478261; 0,06966535
1432; 0,09375; 0,09375; 106,73913043478261; 0,07022313
1433; 0,09375; 0,09375; 105,67391304347827; 0,069522336
1434; 0,09375; 0,09375; 106,8695652173913; 0,07030893
1435; 0,09375; 0,09375; 105,8695652173913; 0,06965104
1436; 0,09375; 0,09375; 104,93478260869566; 0,06903605
1437; 0,09375; 0,09375; 106,0; 0,06973686
1438; 0,09375; 0,09375; 105,3695652173913; 0,06932209
1439; 0,09375; 0,09375; 106,34782608695652; 0,06996569
1440; 0,09375; 0,09375; 106,19565217391305; 0,06986558
1441; 0,09375; 0,09375; 106,65217391304348; 0,07016592
1442; 0,09375; 0,09375; 106,82608695652173; 0,070280336
1443; 0,09375; 0,09375; 106,65217391304348; 0,07016592
1444; 0,09375; 0,09375; 105,6086956521739; 0,06947942
1445; 0,09375; 0,09375; 106,6304347826087; 0,07015161
1446; 0,09375; 0,09375; 105,58695652173913; 0,069465116
1447; 0,09375; 0,09375; 105,43478260869566; 0,069364995
1448; 0,09375; 0,09375; 106,23913043478261; 0,06989419
1449; 0,09375; 0,09375; 104,95652173913044; 0,069050364
1450; 0,09375; 0,09375; 106,71739130434783; 0,070208825
1451; 0,09375; 0,09375; 106,26086956521739; 0,06990849
1452; 0,09375; 0,09375; 107,23913043478261; 0,070552066
1453; 0,09375; 0,09375; 105,78260869565217; 0,06959383
1454; 0,09375; 0,09375; 107,91304347826087; 0,07099544
1455; 0,09375; 0,09375; 107,80434782608695; 0,07092392
1456; 0,09375; 0,09375; 106,84782608695652; 0,07029464
1457; 0,09375; 0,09375; 106,41304347826087; 0,0700086
1458; 0,09375; 0,09375; 107,23913043478261; 0,07055208
1459; 0,09375; 0,09375; 105,97826086956522; 0,06972255
1460; 0,09375; 0,09375; 107,08695652173913; 0,07045196
1461; 0,09375; 0,09375; 107,3913043478261; 0,07065219
1462; 0,09375; 0,09375; 106,43478260869566; 0,070022896
1463; 0,09375; 0,09375; 105,95652173913044; 0,06970826
1464; 0,09375; 0,09375; 105,76086956521739; 0,069579534
1465; 0,09375; 0,09375; 106,43478260869566; 0,0700229
1466; 0,09375; 0,09375; 106,97826086956522; 0,07038046
1467; 0,09375; 0,09375; 106,80434782608695; 0,07026602
1468; 0,09375; 0,09375; 106,26086956521739; 0,06990848
1469; 0,09375; 0,09375; 106,5; 0,0700658
1470; 0,09375; 0,09375; 106,3913043478261; 0,0699943
1471; 0,09375; 0,09375; 106,84782608695652; 0,07029463
1472; 0,09375; 0,09375; 105,5; 0,0694079
1473; 0,09375; 0,09375; 106,3913043478261; 0,069994286
1474; 0,09375; 0,09375; 106,34782608695652; 0,06996568
1475; 0,09375; 0,09375; 105,82608695652173; 0,06962244
1476; 0,09375; 0,09375; 107,08695652173913; 0,07045197
1477; 0,09375; 0,09375; 105,95652173913044; 0,06970825
1478; 0,09375; 0,09375; 107,28260869565217; 0,07058068
1479; 0,09375; 0,09375; 107,54347826086956; 0,0707523
1480; 0,09375; 0,09375; 106,95652173913044; 0,07036615
1481; 0,09375; 0,09375; 106,56521739130434; 0,07010871
1482; 0,09375; 0,09375; 106,5; 0,0700658
1483; 0,09375; 0,09375; 105,32608695652173; 0,06929349
1484; 0,09375; 0,09375; 106,71739130434783; 0,07020881
1485; 0,09375; 0,09375; 106,19565217391305; 0,06986557
1486; 0,09375; 0,09375; 105,6304347826087; 0,06949371
1487; 0,09375; 0,09375; 106,78260869565217; 0,07025173
1488; 0,09375; 0,09375; 105,91304347826087; 0,069679655
1489; 0,09375; 0,09375; 107,1304347826087; 0,07048057
1490; 0,09375; 0,09375; 105,82608695652173; 0,06962244
1491; 0,09375; 0,09375; 107,21739130434783; 0,070537776
1492; 0,09375; 0,09375; 106,8913043478261; 0,070323244
1493; 0,09375; 0,09375; 105,69565217391305; 0,06953662
1494; 0,09375; 0,09375; 107,3695652173913; 0,07063788
1495; 0,09375; 0,09375; 105,76086956521739; 0,06957954
1496; 0,09375; 0,09375; 106,69565217391305; 0,07019453
1497; 0,09375; 0,09375; 106,5; 0,070065804
1498; 0,09375; 0,09375; 106,58695652173913; 0,07012302
1499; 0,09375; 0,09375; 106,41304347826087; 0,0700086
1500; 0,09375; 0,09375; 105,93478260869566; 0,069693945
1501; 0,09375; 0,09375; 106,97826086956522; 0,07038044
1502; 0,09375; 0,09375; 106,6086956521739; 0,07013731
1503; 0,09375; 0,09375; 106,3695652173913; 0,069979995
1504; 0,09375; 0,09375; 106,28260869565217; 0,06992278
1505; 0,09375; 0,09375; 105,71739130434783; 0,06955093
1506; 0,09375; 0,09375; 106,95652173913044; 0,07036615
1507; 0,09375; 0,09375; 106,73913043478261; 0,07022312
1508; 0,09375; 0,09375; 106,56521739130434; 0,07010871
1509; 0,09375; 0,09375; 106,19565217391305; 0,06986558
1510; 0,09375; 0,09375; 106,28260869565217; 0,06992278
1511; 0,09375; 0,09375; 106,80434782608695; 0,07026603
1512; 0,09375; 0,09375; 106,47826086956522; 0,070051506
1513; 0,09375; 0,09375; 106,80434782608695; 0,07026603
1514; 0,09375; 0,09375; 107,41304347826087; 0,07066649
1515; 0,09375; 0,09375; 106,82608695652173; 0,07028033
1516; 0,09375; 0,09375; 107,54347826086956; 0,07075231
1517; 0,09375; 0,09375; 105,97826086956522; 0,069722556
1518; 0,09375; 0,09375; 108,28260869565217; 0,071238585
1519; 0,09375; 0,09375; 106,52173913043478; 0,0700801
1520; 0,09375; 0,09375; 105,8913043478261; 0,06966534
1521; 0,09375; 0,09375; 106,19565217391305; 0,06986558
1522; 0,09375; 0,09375; 105,67391304347827; 0,06952233
1523; 0,09375; 0,09375; 106,02173913043478; 0,06975116
1524; 0,09375; 0,09375; 105,21739130434783; 0,06922198
1525; 0,09375; 0,09375; 106,26086956521739; 0,06990849
1526; 0,09375; 0,09375; 105,8695652173913; 0,06965104
1527; 0,09375; 0,09375; 105,91304347826087; 0,06967965
1528; 0,09375; 0,09375; 106,8913043478261; 0,070323244
1529; 0,09375; 0,09375; 106,84782608695652; 0,07029464
1530; 0,09375; 0,09375; 106,1086956521739; 0,06980837
1531; 0,09375; 0,09375; 106,21739130434783; 0,06987988
1532; 0,09375; 0,09375; 106,52173913043478; 0,07008012
1533; 0,09375; 0,09375; 106,02173913043478; 0,069751166
1534; 0,09375; 0,09375; 105,91304347826087; 0,069679655
1535; 0,09375; 0,09375; 106,52173913043478; 0,0700801
1536; 0,09375; 0,09375; 106,52173913043478; 0,0700801
1537; 0,09375; 0,09375; 107,47826086956522; 0,07070941
1538; 0,09375; 0,09375; 106,02173913043478; 0,069751166
1539; 0,09375; 0,09375; 106,6304347826087; 0,07015161
1540; 0,09375; 0,09375; 106,30434782608695; 0,06993708
1541; 0,09375; 0,09375; 105,58695652173913; 0,069465116
1542; 0,09375; 0,09375; 105,17391304347827; 0,06919337
1543; 0,09375; 0,09375; 106,69565217391305; 0,07019452
1544; 0,09375; 0,09375; 106,17391304347827; 0,06985128
1545; 0,09375; 0,09375; 108,23913043478261; 0,07120996
1546; 0,09375; 0,09375; 106,41304347826087; 0,070008606
1547; 0,09375; 0,09375; 106,08695652173913; 0,069794066
1548; 0,09375; 0,09375; 105,8695652173913; 0,06965105
1549; 0,09375; 0,09375; 107,28260869565217; 0,070580676
1550; 0,09375; 0,09375; 106,76086956521739; 0,07023742
1551; 0,09375; 0,09375; 105,8695652173913; 0,069651045
1552; 0,09375; 0,09375; 106,84782608695652; 0,07029464
1553; 0,09375; 0,09375; 106,97826086956522; 0,07038046
1554; 0,09375; 0,09375; 106,08695652173913; 0,069794066
1555; 0,09375; 0,09375; 106,54347826086956; 0,07009441
1556; 0,09375; 0,09375; 106,34782608695652; 0,0699657
1557; 0,09375; 0,09375; 106,73913043478261; 0,07022313
1558; 0,09375; 0,09375; 106,54347826086956; 0,07009441
1559; 0,09375; 0,09375; 106,54347826086956; 0,070094414
1560; 0,09375; 0,09375; 106,52173913043478; 0,07008011
1561; 0,09375; 0,09375; 105,71739130434783; 0,06955093
1562; 0,09375; 0,09375; 106,58695652173913; 0,07012301
1563; 0,09375; 0,09375; 106,26086956521739; 0,06990848
1564; 0,09375; 0,09375; 106,93478260869566; 0,07035185
1565; 0,09375; 0,09375; 105,41304347826087; 0,069350705
1566; 0,09375; 0,09375; 106,6304347826087; 0,07015162
1567; 0,09375; 0,09375; 106,8913043478261; 0,070323244
1568; 0,09375; 0,09375; 107,17391304347827; 0,07050917
1569; 0,09375; 0,09375; 106,47826086956522; 0,070051506
1570; 0,09375; 0,09375; 106,23913043478261; 0,06989417
1571; 0,09375; 0,09375; 108,76086956521739; 0,071553215
1572; 0,09375; 0,09375; 106,97826086956522; 0,07038044
1573; 0,09375; 0,09375; 106,15217391304348; 0,06983697
1574; 0,09375; 0,09375; 106,23913043478261; 0,06989418
1575; 0,09375; 0,09375; 106,23913043478261; 0,06989418
1576; 0,09375; 0,09375; 105,8695652173913; 0,06965104
1577; 0,09375; 0,09375; 106,8913043478261; 0,070323244
1578; 0,09375; 0,09375; 106,73913043478261; 0,07022314
1579; 0,09375; 0,09375; 105,91304347826087; 0,06967964
1580; 0,09375; 0,09375; 106,84782608695652; 0,070294626
1581; 0,09375; 0,09375; 107,8695652173913; 0,07096683
1582; 0,09375; 0,09375; 106,43478260869566; 0,0700229
1583; 0,09375; 0,09375; 106,6086956521739; 0,07013731
1584; 0,09375; 0,09375; 106,58695652173913; 0,07012302
1585; 0,09375; 0,09375; 106,30434782608695; 0,06993709
1586; 0,09375; 0,09375; 105,80434782608695; 0,069608144
1587; 0,09375; 0,09375; 105,8695652173913; 0,06965103
1588; 0,09375; 0,09375; 106,47826086956522; 0,070051506
1589; 0,09375; 0,09375; 106,30434782608695; 0,06993708
1590; 0,09375; 0,09375; 106,1086956521739; 0,069808364
1591; 0,09375; 0,09375; 106,58695652173913; 0,070123
1592; 0,09375; 0,09375; 106,47826086956522; 0,070051506
1593; 0,09375; 0,09375; 107,3695652173913; 0,07063789
1594; 0,09375; 0,09375; 107,41304347826087; 0,070666485
1595; 0,09375; 0,09375; 106,45652173913044; 0,0700372
1596; 0,09375; 0,09375; 107,43478260869566; 0,0706808
1597; 0,09375; 0,09375; 106,76086956521739; 0,07023744
1598; 0,09375; 0,09375; 106,8913043478261; 0,070323244
1599; 0,09375; 0,09375; 106,73913043478261; 0,07022313
1600; 0,09375; 0,09375; 106,32608695652173; 0,06995139
1601; 0,09375; 0,09375; 106,8695652173913; 0,07030893
1602; 0,09375; 0,09375; 107,58695652173913; 0,07078091
1603; 0,09375; 0,09375; 107,21739130434783; 0,07053776
1604; 0,09375; 0,09375; 106,47826086956522; 0,0700515
1605; 0,09375; 0,09375; 106,47826086956522; 0,0700515
1606; 0,09375; 0,09375; 105,15217391304348; 0,06917907
1607; 0,09375; 0,09375; 106,91304347826087; 0,07033754
1608; 0,09375; 0,09375; 106,52173913043478; 0,07008011
1609; 0,09375; 0,09375; 107,6304347826087; 0,070809506
1610; 0,09375; 0,09375; 106,08695652173913; 0,069794066
1611; 0,09375; 0,09375; 105,65217391304348; 0,06950802
1612; 0,09375; 0,09375; 106,78260869565217; 0,070251726
1613; 0,09375; 0,09375; 106,5; 0,0700658
1614; 0,09375; 0,09375; 107,3913043478261; 0,07065219
1615; 0,09375; 0,09375; 105,8695652173913; 0,06965104
1616; 0,09375; 0,09375; 106,93478260869566; 0,07035185
1617; 0,09375; 0,09375; 106,08695652173913; 0,06979405
1618; 0,09375; 0,09375; 105,76086956521739; 0,069579534
1619; 0,09375; 0,09375; 107,17391304347827; 0,070509166
1620; 0,09375; 0,09375; 106,5; 0,0700658
1621; 0,09375; 0,09375; 105,78260869565217; 0,069593824
1622; 0,09375; 0,09375; 105,15217391304348; 0,06917907
1623; 0,09375; 0,09375; 106,45652173913044; 0,0700372
1624; 0,09375; 0,09375; 105,76086956521739; 0,06957953
1625; 0,09375; 0,09375; 106,15217391304348; 0,06983697
1626; 0,09375; 0,09375; 105,97826086956522; 0,06972255
1627; 0,09375; 0,09375; 105,71739130434783; 0,06955093
1628; 0,09375; 0,09375; 106,34782608695652; 0,06996569
1629; 0,09375; 0,09375; 107,26086956521739; 0,07056637
1630; 0,09375; 0,09375; 105,21739130434783; 0,06922198
1631; 0,09375; 0,09375; 107,08695652173913; 0,07045197
1632; 0,09375; 0,09375; 106,30434782608695; 0,06993708
1633; 0,09375; 0,09375; 106,58695652173913; 0,07012302
1634; 0,09375; 0,09375; 105,8913043478261; 0,06966535
1635; 0,09375; 0,09375; 106,45652173913044; 0,0700372
1636; 0,09375; 0,09375; 106,34782608695652; 0,06996569
1637; 0,09375; 0,09375; 105,71739130434783; 0,06955093
1638; 0,09375; 0,09375; 106,3913043478261; 0,069994286
1639; 0,09375; 0,09375; 105,95652173913044; 0,06970825
1640; 0,09375; 0,09375; 106,34782608695652; 0,0699657
1641; 0,09375; 0,09375; 106,76086956521739; 0,07023743
1642; 0,09375; 0,09375; 106,8695652173913; 0,07030894
1643; 0,09375; 0,09375; 105,84782608695652; 0,06963675
1644; 0,09375; 0,09375; 106,56521739130434; 0,07010871
1645; 0,09375; 0,09375; 106,65217391304348; 0,07016592
1646; 0,09375; 0,09375; 107,1304347826087; 0,07048056
1647; 0,09375; 0,09375; 106,02173913043478; 0,069751166
1648; 0,09375; 0,09375; 106,56521739130434; 0,07010872
1649; 0,09375; 0,09375; 106,82608695652173; 0,07028032
1650; 0,09375; 0,09375; 106,15217391304348; 0,06983697
1651; 0,09375; 0,09375; 106,80434782608695; 0,07026602
1652; 0,09375; 0,09375; 106,91304347826087; 0,070337534
1653; 0,09375; 0,09375; 105,8913043478261; 0,06966535
1654; 0,09375; 0,09375; 106,26086956521739; 0,06990849
1655; 0,09375; 0,09375; 106,23913043478261; 0,06989418
1656; 0,09375; 0,09375; 106,6086956521739; 0,070137314
1657; 0,09375; 0,09375; 105,84782608695652; 0,06963675
1658; 0,09375; 0,09375; 107,3695652173913; 0,07063789
1659; 0,09375; 0,09375; 106,69565217391305; 0,070194505
1660; 0,09375; 0,09375; 105,8913043478261; 0,06966535
1661; 0,09375; 0,09375; 106,76086956521739; 0,07023742
1662; 0,09375; 0,09375; 106,04347826086956; 0,06976547
1663; 0,09375; 0,09375; 107,02173913043478; 0,07040905
1664; 0,09375; 0,09375; 107,04347826086956; 0,07042336
1665; 0,09375; 0,09375; 106,52173913043478; 0,0700801
1666; 0,09375; 0,09375; 106,1086956521739; 0,06980837
1667; 0,09375; 0,09375; 106,47826086956522; 0,07005149
1668; 0,09375; 0,09375; 107,71739130434783; 0,07086673
1669; 0,09375; 0,09375; 107,08695652173913; 0,07045196
1670; 0,09375; 0,09375; 106,8695652173913; 0,07030893
1671; 0,09375; 0,09375; 107,5; 0,07072369
1672; 0,09375; 0,09375; 106,41304347826087; 0,07000859
1673; 0,09375; 0,09375; 106,91304347826087; 0,07033754
1674; 0,09375; 0,09375; 106,47826086956522; 0,07005149
1675; 0,09375; 0,09375; 105,6304347826087; 0,06949372
1676; 0,09375; 0,09375; 106,02173913043478; 0,06975115
1677; 0,09375; 0,09375; 106,54347826086956; 0,0700944
1678; 0,09375; 0,09375; 108,43478260869566; 0,07133869
1679; 0,09375; 0,09375; 106,3913043478261; 0,0699943
1680; 0,09375; 0,09375; 107,80434782608695; 0,07092393
1681; 0,09375; 0,09375; 105,6086956521739; 0,06947941
1682; 0,09375; 0,09375; 105,65217391304348; 0,069508016
1683; 0,09375; 0,09375; 106,47826086956522; 0,070051506
1684; 0,09375; 0,09375; 106,3695652173913; 0,069979995
1685; 0,09375; 0,09375; 106,19565217391305; 0,06986557
1686; 0,09375; 0,09375; 105,67391304347827; 0,06952232
1687; 0,09375; 0,09375; 107,02173913043478; 0,07040905
1688; 0,09375; 0,09375; 106,56521739130434; 0,070108704
1689; 0,09375; 0,09375; 106,32608695652173; 0,069951385
1690; 0,09375; 0,09375; 106,56521739130434; 0,07010873
1691; 0,09375; 0,09375; 108,04347826086956; 0,07108126
1692; 0,09375; 0,09375; 106,56521739130434; 0,07010871
1693; 0,09375; 0,09375; 106,15217391304348; 0,06983697
1694; 0,09375; 0,09375; 106,82608695652173; 0,07028033
1695; 0,09375; 0,09375; 104,97826086956522; 0,06906465
1696; 0,09375; 0,09375; 106,65217391304348; 0,070165925
1697; 0,09375; 0,09375; 106,23913043478261; 0,06989419
1698; 0,09375; 0,09375; 106,04347826086956; 0,069765456
1699; 0,09375; 0,09375; 107,08695652173913; 0,07045197
1700; 0,09375; 0,09375; 107,19565217391305; 0,070523486
1701; 0,09375; 0,09375; 106,45652173913044; 0,0700372
1702; 0,09375; 0,09375; 106,21739130434783; 0,06987988
1703; 0,09375; 0,09375; 106,58695652173913; 0,07012302
1704; 0,09375; 0,09375; 106,43478260869566; 0,0700229
1705; 0,09375; 0,09375; 106,06521739130434; 0,06977976
1706; 0,09375; 0,09375; 106,8913043478261; 0,07032324
1707; 0,09375; 0,09375; 106,65217391304348; 0,07016591
1708; 0,09375; 0,09375; 106,1304347826087; 0,06982268
1709; 0,09375; 0,09375; 106,43478260869566; 0,070022896
1710; 0,09375; 0,09375; 106,6086956521739; 0,07013732
1711; 0,09375; 0,09375; 106,19565217391305; 0,06986558
1712; 0,09375; 0,09375; 106,28260869565217; 0,06992278
1713; 0,09375; 0,09375; 106,23913043478261; 0,06989419
1714; 0,09375; 0,09375; 107,21739130434783; 0,07053777
1715; 0,09375; 0,09375; 107,02173913043478; 0,07040905
1716; 0,09375; 0,09375; 106,3913043478261; 0,06999431
1717; 0,09375; 0,09375; 107,54347826086956; 0,0707523
1718; 0,09375; 0,09375; 106,45652173913044; 0,07003719
1719; 0,09375; 0,09375; 106,1086956521739; 0,06980837
1720; 0,09375; 0,09375; 108,52173913043478; 0,071395904
1721; 0,09375; 0,09375; 106,95652173913044; 0,07036615
1722; 0,09375; 0,09375; 106,43478260869566; 0,07002289
1723; 0,09375; 0,09375; 106,04347826086956; 0,06976546
1724; 0,09375; 0,09375; 106,6086956521739; 0,070137314
1725; 0,09375; 0,09375; 107,8913043478261; 0,07098114
1726; 0,09375; 0,09375; 106,06521739130434; 0,06977977
1727; 0,09375; 0,09375; 105,58695652173913; 0,069465116
1728; 0,09375; 0,09375; 106,47826086956522; 0,070051506
1729; 0,09375; 0,09375; 107,17391304347827; 0,07050917
1730; 0,09375; 0,09375; 107,34782608695652; 0,070623584
1731; 0,09375; 0,09375; 106,23913043478261; 0,06989418
1732; 0,09375; 0,09375; 106,45652173913044; 0,0700372
1733; 0,09375; 0,09375; 106,54347826086956; 0,07009441
1734; 0,09375; 0,09375; 106,47826086956522; 0,070051506
1735; 0,09375; 0,09375; 105,91304347826087; 0,069679655
1736; 0,09375; 0,09375; 106,71739130434783; 0,07020883
1737; 0,09375; 0,09375; 105,93478260869566; 0,069693945
1738; 0,09375; 0,09375; 108,6304347826087; 0,07146741
1739; 0,09375; 0,09375; 106,52173913043478; 0,07008011
1740; 0,09375; 0,09375; 106,34782608695652; 0,06996569
1741; 0,09375; 0,09375; 106,3695652173913; 0,069979995
1742; 0,09375; 0,09375; 106,45652173913044; 0,07003719
1743; 0,09375; 0,09375; 105,8913043478261; 0,06966535
1744; 0,09375; 0,09375; 104,8695652173913; 0,06899315
1745; 0,09375; 0,09375; 106,8695652173913; 0,07030894
1746; 0,09375; 0,09375; 106,0; 0,06973685
1747; 0,09375; 0,09375; 106,43478260869566; 0,070022896
1748; 0,09375; 0,09375; 106,32608695652173; 0,06995138
1749; 0,09375; 0,09375; 106,71739130434783; 0,07020881
1750; 0,09375; 0,09375; 106,19565217391305; 0,06986558
1751; 0,09375; 0,09375; 107,15217391304348; 0,07049487
1752; 0,09375; 0,09375; 105,95652173913044; 0,06970825
1753; 0,09375; 0,09375; 106,1304347826087; 0,06982267
1754; 0,09375; 0,09375; 106,47826086956522; 0,07005149
1755; 0,09375; 0,09375; 106,02173913043478; 0,06975115
1756; 0,09375; 0,09375; 106,47826086956522; 0,0700515
1757; 0,09375; 0,09375; 108,04347826086956; 0,071081236
1758; 0,09375; 0,09375; 106,80434782608695; 0,07026603
1759; 0,09375; 0,09375; 106,23913043478261; 0,06989418
1760; 0,09375; 0,09375; 105,30434782608695; 0,06927919
1761; 0,09375; 0,09375; 106,3913043478261; 0,06999429
1762; 0,09375; 0,09375; 106,08695652173913; 0,069794066
1763; 0,09375; 0,09375; 107,3695652173913; 0,07063788
1764; 0,09375; 0,09375; 106,93478260869566; 0,07035185
1765; 0,09375; 0,09375; 106,56521739130434; 0,07010871
1766; 0,09375; 0,09375; 106,28260869565217; 0,06992279
1767; 0,09375; 0,09375; 107,47826086956522; 0,07070939
1768; 0,09375; 0,09375; 106,3913043478261; 0,0699943
1769; 0,09375; 0,09375; 106,04347826086956; 0,06976546
1770; 0,09375; 0,09375; 106,91304347826087; 0,07033754
1771; 0,09375; 0,09375; 107,30434782608695; 0,07059498
1772; 0,09375; 0,09375; 105,73913043478261; 0,06956524
1773; 0,09375; 0,09375; 106,26086956521739; 0,06990849
1774; 0,09375; 0,09375; 107,8913043478261; 0,07098113
1775; 0,09375; 0,09375; 106,1304347826087; 0,069822654
1776; 0,09375; 0,09375; 106,6304347826087; 0,07015161
1777; 0,09375; 0,09375; 106,3695652173913; 0,06997999
1778; 0,09375; 0,09375; 106,21739130434783; 0,069879875
1779; 0,09375; 0,09375; 109,1304347826087; 0,07179635
1780; 0,09375; 0,09375; 106,93478260869566; 0,07035184
1781; 0,09375; 0,09375; 107,08695652173913; 0,07045197
1782; 0,09375; 0,09375; 106,95652173913044; 0,07036614
1783; 0,09375; 0,09375; 106,17391304347827; 0,069851264
1784; 0,09375; 0,09375; 106,93478260869566; 0,07035184
1785; 0,09375; 0,09375; 108,34782608695652; 0,071281485
1786; 0,09375; 0,09375; 105,8913043478261; 0,06966535
1787; 0,09375; 0,09375; 106,58695652173913; 0,070123
1788; 0,09375; 0,09375; 106,82608695652173; 0,07028033
1789; 0,09375; 0,09375; 108,23913043478261; 0,07120997
1790; 0,09375; 0,09375; 105,65217391304348; 0,06950802
1791; 0,09375; 0,09375; 106,26086956521739; 0,069908485
1792; 0,09375; 0,09375; 106,21739130434783; 0,06987988
1793; 0,09375; 0,09375; 105,65217391304348; 0,069508016
1794; 0,09375; 0,09375; 106,32608695652173; 0,06995139
1795; 0,09375; 0,09375; 106,21739130434783; 0,069879875
1796; 0,09375; 0,09375; 106,32608695652173; 0,06995139
1797; 0,09375; 0,09375; 107,54347826086956; 0,0707523
1798; 0,09375; 0,09375; 104,95652173913044; 0,06905036
1799; 0,09375; 0,09375; 105,47826086956522; 0,069393605
1800; 0,09375; 0,09375; 106,30434782608695; 0,06993709
1801; 0,09375; 0,09375; 106,45652173913044; 0,07003719
1802; 0,09375; 0,09375; 106,41304347826087; 0,07000859
1803; 0,09375; 0,09375; 105,93478260869566; 0,06969394
1804; 0,09375; 0,09375; 104,93478260869566; 0,06903606
1805; 0,09375; 0,09375; 106,6086956521739; 0,07013731
1806; 0,09375; 0,09375; 105,67391304347827; 0,06952232
1807; 0,09375; 0,09375; 106,67391304347827; 0,07018022
1808; 0,09375; 0,09375; 105,30434782608695; 0,06927919
1809; 0,09375; 0,09375; 106,32608695652173; 0,069951385
1810; 0,09375; 0,09375; 106,21739130434783; 0,06987987
1811; 0,09375; 0,09375; 107,8695652173913; 0,07096684
1812; 0,09375; 0,09375; 108,21739130434783; 0,07119566
1813; 0,09375; 0,09375; 106,04347826086956; 0,069765456
1814; 0,09375; 0,09375; 106,21739130434783; 0,069879875
1815; 0,09375; 0,09375; 107,06521739130434; 0,070437655
1816; 0,09375; 0,09375; 106,82608695652173; 0,07028033
1817; 0,09375; 0,09375; 106,8913043478261; 0,070323244
1818; 0,09375; 0,09375; 106,52173913043478; 0,0700801
1819; 0,09375; 0,09375; 105,93478260869566; 0,069693945
1820; 0,09375; 0,09375; 106,02173913043478; 0,06975116
1821; 0,09375; 0,09375; 106,34782608695652; 0,0699657
1822; 0,09375; 0,09375; 106,8913043478261; 0,070323244
1823; 0,09375; 0,09375; 106,28260869565217; 0,06992279
1824; 0,09375; 0,09375; 105,34782608695652; 0,0693078
1825; 0,09375; 0,09375; 106,6304347826087; 0,07015161
1826; 0,09375; 0,09375; 106,8695652173913; 0,07030894
1827; 0,09375; 0,09375; 106,58695652173913; 0,07012302
1828; 0,09375; 0,09375; 105,69565217391305; 0,06953663
1829; 0,09375; 0,09375; 106,8913043478261; 0,07032324
1830; 0,09375; 0,09375; 106,17391304347827; 0,06985127
1831; 0,09375; 0,09375; 106,84782608695652; 0,07029464
1832; 0,09375; 0,09375; 105,97826086956522; 0,069722556
1833; 0,09375; 0,09375; 106,6086956521739; 0,07013731
1834; 0,09375; 0,09375; 105,67391304347827; 0,06952233
1835; 0,09375; 0,09375; 106,6086956521739; 0,07013732
1836; 0,09375; 0,09375; 106,91304347826087; 0,07033755
1837; 0,09375; 0,09375; 106,15217391304348; 0,06983698
1838; 0,09375; 0,09375; 106,34782608695652; 0,0699657
1839; 0,09375; 0,09375; 105,97826086956522; 0,069722556
1840; 0,09375; 0,09375; 106,76086956521739; 0,07023743
1841; 0,09375; 0,09375; 105,58695652173913; 0,069465116
1842; 0,09375; 0,09375; 106,15217391304348; 0,06983697
1843; 0,09375; 0,09375; 106,34782608695652; 0,06996569
1844; 0,09375; 0,09375; 106,5; 0,0700658
1845; 0,09375; 0,09375; 106,54347826086956; 0,07009441
1846; 0,09375; 0,09375; 106,15217391304348; 0,06983698
1847; 0,09375; 0,09375; 106,80434782608695; 0,07026603
1848; 0,09375; 0,09375; 106,30434782608695; 0,06993709
1849; 0,09375; 0,09375; 106,6086956521739; 0,070137314
1850; 0,09375; 0,09375; 106,0; 0,06973685
1851; 0,09375; 0,09375; 107,6086956521739; 0,0707952
1852; 0,09375; 0,09375; 107,52173913043478; 0,070738
1853; 0,09375; 0,09375; 106,8913043478261; 0,070323244
1854; 0,09375; 0,09375; 106,45652173913044; 0,0700372
1855; 0,09375; 0,09375; 105,6086956521739; 0,06947942
1856; 0,09375; 0,09375; 106,32608695652173; 0,069951385
1857; 0,09375; 0,09375; 105,56521739130434; 0,06945081
1858; 0,09375; 0,09375; 106,0; 0,06973685
1859; 0,09375; 0,09375; 106,6086956521739; 0,07013731
1860; 0,09375; 0,09375; 106,06521739130434; 0,06977976
1861; 0,09375; 0,09375; 105,52173913043478; 0,06942221
1862; 0,09375; 0,09375; 106,1086956521739; 0,069808364
1863; 0,09375; 0,09375; 106,3695652173913; 0,069979995
1864; 0,09375; 0,09375; 106,52173913043478; 0,0700801
1865; 0,09375; 0,09375; 106,5; 0,070065804
1866; 0,09375; 0,09375; 105,82608695652173; 0,06962244
1867; 0,09375; 0,09375; 108,73913043478261; 0,07153892
1868; 0,09375; 0,09375; 106,52173913043478; 0,07008011
1869; 0,09375; 0,09375; 106,93478260869566; 0,07035185
1870; 0,09375; 0,09375; 106,5; 0,07006581
1871; 0,09375; 0,09375; 106,02173913043478; 0,069751166
1872; 0,09375; 0,09375; 105,58695652173913; 0,06946511
1873; 0,09375; 0,09375; 106,95652173913044; 0,070366144
1874; 0,09375; 0,09375; 106,02173913043478; 0,06975116
1875; 0,09375; 0,09375; 107,71739130434783; 0,07086671
1876; 0,09375; 0,09375; 106,82608695652173; 0,07028033
1877; 0,09375; 0,09375; 106,34782608695652; 0,06996569
1878; 0,09375; 0,09375; 106,28260869565217; 0,06992278
1879; 0,09375; 0,09375; 105,84782608695652; 0,06963674
1880; 0,09375; 0,09375; 107,08695652173913; 0,07045196
1881; 0,09375; 0,09375; 106,73913043478261; 0,07022312
1882; 0,09375; 0,09375; 106,84782608695652; 0,07029464
1883; 0,09375; 0,09375; 107,45652173913044; 0,07069509
1884; 0,09375; 0,09375; 105,45652173913044; 0,06937931
1885; 0,09375; 0,09375; 106,45652173913044; 0,07003719
1886; 0,09375; 0,09375; 107,1086956521739; 0,07046626
1887; 0,09375; 0,09375; 106,30434782608695; 0,06993709
1888; 0,09375; 0,09375; 105,23913043478261; 0,06923628
1889; 0,09375; 0,09375; 106,06521739130434; 0,06977976
1890; 0,09375; 0,09375; 107,17391304347827; 0,07050916
1891; 0,09375; 0,09375; 105,6086956521739; 0,069479406
1892; 0,09375; 0,09375; 106,71739130434783; 0,07020883
1893; 0,09375; 0,09375; 106,54347826086956; 0,07009441
1894; 0,09375; 0,09375; 105,71739130434783; 0,06955092
1895; 0,09375; 0,09375; 108,56521739130434; 0,07142451
1896; 0,09375; 0,09375; 106,78260869565217; 0,070251726
1897; 0,09375; 0,09375; 106,04347826086956; 0,06976546
1898; 0,09375; 0,09375; 106,67391304347827; 0,07018022
1899; 0,09375; 0,09375; 106,34782608695652; 0,0699657
1900; 0,09375; 0,09375; 106,23913043478261; 0,06989417
1901; 0,09375; 0,09375; 106,43478260869566; 0,070022896
1902; 0,09375; 0,09375; 106,78260869565217; 0,07025173
1903; 0,09375; 0,09375; 106,78260869565217; 0,070251726
1904; 0,09375; 0,09375; 108,56521739130434; 0,07142449
1905; 0,09375; 0,09375; 106,26086956521739; 0,06990848
1906; 0,09375; 0,09375; 106,02173913043478; 0,06975115
1907; 0,09375; 0,09375; 106,91304347826087; 0,07033755
1908; 0,09375; 0,09375; 107,73913043478261; 0,07088102
1909; 0,09375; 0,09375; 107,54347826086956; 0,07075229
1910; 0,09375; 0,09375; 107,97826086956522; 0,07103834
1911; 0,09375; 0,09375; 105,76086956521739; 0,06957953
1912; 0,09375; 0,09375; 108,56521739130434; 0,0714245
1913; 0,09375; 0,09375; 107,3913043478261; 0,07065219
1914; 0,09375; 0,09375; 106,21739130434783; 0,069879875
1915; 0,09375; 0,09375; 106,65217391304348; 0,07016592
1916; 0,09375; 0,09375; 106,3913043478261; 0,06999429
1917; 0,09375; 0,09375; 106,78260869565217; 0,070251726
1918; 0,09375; 0,09375; 105,58695652173913; 0,06946513
1919; 0,09375; 0,09375; 107,04347826086956; 0,07042335
1920; 0,09375; 0,09375; 106,54347826086956; 0,07009441
1921; 0,09375; 0,09375; 106,0; 0,06973686
1922; 0,09375; 0,09375; 105,71739130434783; 0,06955093
1923; 0,09375; 0,09375; 106,67391304347827; 0,07018022
1924; 0,09375; 0,09375; 106,6086956521739; 0,07013731
1925; 0,09375; 0,09375; 106,47826086956522; 0,070051506
1926; 0,09375; 0,09375; 106,3695652173913; 0,06997999
1927; 0,09375; 0,09375; 106,54347826086956; 0,07009441
1928; 0,09375; 0,09375; 107,3913043478261; 0,07065219
1929; 0,09375; 0,09375; 105,97826086956522; 0,06972255
1930; 0,09375; 0,09375; 107,56521739130434; 0,07076659
1931; 0,09375; 0,09375; 107,1304347826087; 0,070480555
1932; 0,09375; 0,09375; 106,8695652173913; 0,070308946
1933; 0,09375; 0,09375; 106,30434782608695; 0,069937095
1934; 0,09375; 0,09375; 106,0; 0,06973686
1935; 0,09375; 0,09375; 106,1304347826087; 0,06982266
1936; 0,09375; 0,09375; 108,30434782608695; 0,07125287
1937; 0,09375; 0,09375; 106,02173913043478; 0,06975115
1938; 0,09375; 0,09375; 106,3913043478261; 0,06999431
1939; 0,09375; 0,09375; 106,52173913043478; 0,0700801
1940; 0,09375; 0,09375; 105,47826086956522; 0,069393605
1941; 0,09375; 0,09375; 105,97826086956522; 0,06972255
1942; 0,09375; 0,09375; 106,76086956521739; 0,07023742
1943; 0,09375; 0,09375; 106,17391304347827; 0,06985127
1944; 0,09375; 0,09375; 105,95652173913044; 0,06970826
1945; 0,09375; 0,09375; 106,82608695652173; 0,07028034
1946; 0,09375; 0,09375; 107,34782608695652; 0,07062359
1947; 0,09375; 0,09375; 106,69565217391305; 0,07019453
1948; 0,09375; 0,09375; 106,15217391304348; 0,06983697
1949; 0,09375; 0,09375; 106,23913043478261; 0,06989417
1950; 0,09375; 0,09375; 106,32608695652173; 0,069951385
1951; 0,09375; 0,09375; 106,6086956521739; 0,0701373
1952; 0,09375; 0,09375; 106,43478260869566; 0,07002289
1953; 0,09375; 0,09375; 106,71739130434783; 0,07020883
1954; 0,09375; 0,09375; 106,6086956521739; 0,07013732
1955; 0,09375; 0,09375; 105,76086956521739; 0,069579534
1956; 0,09375; 0,09375; 106,04347826086956; 0,069765456
1957; 0,09375; 0,09375; 106,76086956521739; 0,070237435
1958; 0,09375; 0,09375; 105,73913043478261; 0,06956524
1959; 0,09375; 0,09375; 105,97826086956522; 0,069722556
1960; 0,09375; 0,09375; 106,17391304347827; 0,06985127
1961; 0,09375; 0,09375; 105,3913043478261; 0,06933641
1962; 0,09375; 0,09375; 106,58695652173913; 0,07012301
1963; 0,09375; 0,09375; 105,8695652173913; 0,06965104
1964; 0,09375; 0,09375; 105,54347826086956; 0,06943652
1965; 0,09375; 0,09375; 107,76086956521739; 0,07089532
1966; 0,09375; 0,09375; 106,47826086956522; 0,070051506
1967; 0,09375; 0,09375; 106,26086956521739; 0,069908485
1968; 0,09375; 0,09375; 106,3913043478261; 0,06999429
1969; 0,09375; 0,09375; 107,02173913043478; 0,07040905
1970; 0,09375; 0,09375; 106,3913043478261; 0,06999429
1971; 0,09375; 0,09375; 105,71739130434783; 0,06955093
1972; 0,09375; 0,09375; 106,73913043478261; 0,070223115
1973; 0,09375; 0,09375; 106,45652173913044; 0,0700372
1974; 0,09375; 0,09375; 105,04347826086956; 0,06910756
1975; 0,09375; 0,09375; 107,30434782608695; 0,070594974
1976; 0,09375; 0,09375; 106,32608695652173; 0,06995138
1977; 0,09375; 0,09375; 107,04347826086956; 0,07042336
1978; 0,09375; 0,09375; 105,6304347826087; 0,06949372
1979; 0,09375; 0,09375; 105,69565217391305; 0,06953663
1980; 0,09375; 0,09375; 106,0; 0,069736846
1981; 0,09375; 0,09375; 106,47826086956522; 0,070051506
1982; 0,09375; 0,09375; 106,15217391304348; 0,06983697
1983; 0,09375; 0,09375; 106,69565217391305; 0,07019452
1984; 0,09375; 0,09375; 105,73913043478261; 0,06956524
1985; 0,09375; 0,09375; 105,1304347826087; 0,069164775
1986; 0,09375; 0,09375; 106,82608695652173; 0,070280336
1987; 0,09375; 0,09375; 106,04347826086956; 0,06976546
1988; 0,09375; 0,09375; 106,04347826086956; 0,06976546
1989; 0,09375; 0,09375; 106,45652173913044; 0,0700372
1990; 0,09375; 0,09375; 106,15217391304348; 0,06983698
1991; 0,09375; 0,09375; 106,3695652173913; 0,06998
1992; 0,09375; 0,09375; 107,1304347826087; 0,07048056
1993; 0,09375; 0,09375; 106,52173913043478; 0,07008011
1994; 0,09375; 0,09375; 106,34782608695652; 0,06996568
1995; 0,09375; 0,09375; 105,8913043478261; 0,06966534
1996; 0,09375; 0,09375; 107,32608695652173; 0,07060929
1997; 0,09375; 0,09375; 106,76086956521739; 0,07023742
1998; 0,09375; 0,09375; 106,8695652173913; 0,070308946
1999; 0,09375; 0,09375; 107,15217391304348; 0,07049487
2000; 0,09375; 0,09375; 106,32608695652173; 0,06995139
2001; 0,09375; 0,09375; 106,78260869565217; 0,070251726
2002; 0,09375; 0,09375; 105,43478260869566; 0,069365
2003; 0,09375; 0,09375; 106,45652173913044; 0,0700372
2004; 0,09375; 0,09375; 106,3695652173913; 0,069979995
2005; 0,09375; 0,09375; 106,73913043478261; 0,070223115
2006; 0,09375; 0,09375; 106,47826086956522; 0,0700515
2007; 0,09375; 0,09375; 106,21739130434783; 0,069879875
2008; 0,09375; 0,09375; 106,56521739130434; 0,07010871
2009; 0,09375; 0,09375; 106,45652173913044; 0,0700372
2010; 0,09375; 0,09375; 107,0; 0,07039475
2011; 0,09375; 0,09375; 106,30434782608695; 0,069937095
2012; 0,09375; 0,09375; 107,1304347826087; 0,07048056
2013; 0,09375; 0,09375; 107,3913043478261; 0,07065219
2014; 0,09375; 0,09375; 106,3913043478261; 0,06999429
2015; 0,09375; 0,09375; 107,97826086956522; 0,071038336
2016; 0,09375; 0,09375; 106,97826086956522; 0,07038045
2017; 0,09375; 0,09375; 106,28260869565217; 0,06992278
2018; 0,09375; 0,09375; 106,28260869565217; 0,06992278
2019; 0,09375; 0,09375; 106,34782608695652; 0,06996568
2020; 0,09375; 0,09375; 107,3913043478261; 0,07065219
2021; 0,09375; 0,09375; 106,97826086956522; 0,07038044
2022; 0,09375; 0,09375; 106,6304347826087; 0,07015162
2023; 0,09375; 0,09375; 105,3695652173913; 0,0693221
2024; 0,09375; 0,09375; 106,80434782608695; 0,07026604
2025; 0,09375; 0,09375; 106,78260869565217; 0,07025174
2026; 0,09375; 0,09375; 106,02173913043478; 0,06975116
2027; 0,09375; 0,09375; 106,26086956521739; 0,06990849
2028; 0,09375; 0,09375; 106,5; 0,07006581
2029; 0,09375; 0,09375; 107,0; 0,07039475
2030; 0,09375; 0,09375; 106,56521739130434; 0,07010871
2031; 0,09375; 0,09375; 107,28260869565217; 0,07058067
2032; 0,09375; 0,09375; 107,06521739130434; 0,07043766
2033; 0,09375; 0,09375; 106,54347826086956; 0,07009441
2034; 0,09375; 0,09375; 106,54347826086956; 0,07009441
2035; 0,09375; 0,09375; 105,93478260869566; 0,069693945
2036; 0,09375; 0,09375; 105,82608695652173; 0,06962244
2037; 0,09375; 0,09375; 105,67391304347827; 0,06952232
2038; 0,09375; 0,09375; 106,17391304347827; 0,06985127
2039; 0,09375; 0,09375; 106,73913043478261; 0,07022314
2040; 0,09375; 0,09375; 106,71739130434783; 0,070208825
2041; 0,09375; 0,09375; 106,65217391304348; 0,070165925
2042; 0,09375; 0,09375; 106,67391304347827; 0,070180215
2043; 0,09375; 0,09375; 106,95652173913044; 0,070366144
2044; 0,09375; 0,09375; 105,80434782608695; 0,069608144
2045; 0,09375; 0,09375; 106,84782608695652; 0,070294626
2046; 0,09375; 0,09375; 106,52173913043478; 0,07008012
2047; 0,09375; 0,09375; 106,30434782608695; 0,06993709
2048; 0,09375; 0,09375; 106,97826086956522; 0,07038046
2049; 0,09375; 0,09375; 109,93478260869566; 0,07232553
2050; 0,09375; 0,09375; 106,45652173913044; 0,0700372
2051; 0,09375; 0,09375; 105,97826086956522; 0,069722556
2052; 0,09375; 0,09375; 106,1086956521739; 0,06980837
2053; 0,09375; 0,09375; 107,15217391304348; 0,07049486
2054; 0,09375; 0,09375; 107,08695652173913; 0,07045195
2055; 0,09375; 0,09375; 106,28260869565217; 0,06992278
2056; 0,09375; 0,09375; 106,6304347826087; 0,07015162
2057; 0,09375; 0,09375; 108,19565217391305; 0,07118136
2058; 0,09375; 0,09375; 107,52173913043478; 0,070737995
2059; 0,09375; 0,09375; 107,15217391304348; 0,07049487
2060; 0,09375; 0,09375; 105,73913043478261; 0,06956524
2061; 0,09375; 0,09375; 107,8695652173913; 0,07096683
2062; 0,09375; 0,09375; 105,93478260869566; 0,069693945
2063; 0,09375; 0,09375; 105,8913043478261; 0,06966534
2064; 0,09375; 0,09375; 106,47826086956522; 0,070051506
2065; 0,09375; 0,09375; 106,19565217391305; 0,06986557
2066; 0,09375; 0,09375; 106,54347826086956; 0,0700944
2067; 0,09375; 0,09375; 105,6304347826087; 0,069493726
2068; 0,09375; 0,09375; 106,71739130434783; 0,070208825
2069; 0,09375; 0,09375; 106,32608695652173; 0,06995139
2070; 0,09375; 0,09375; 106,52173913043478; 0,0700801
2071; 0,09375; 0,09375; 106,67391304347827; 0,07018022
2072; 0,09375; 0,09375; 106,58695652173913; 0,07012302
2073; 0,09375; 0,09375; 106,02173913043478; 0,06975116
2074; 0,09375; 0,09375; 107,23913043478261; 0,07055207
2075; 0,09375; 0,09375; 106,30434782608695; 0,06993709
2076; 0,09375; 0,09375; 106,32608695652173; 0,069951385
2077; 0,09375; 0,09375; 106,65217391304348; 0,070165925
2078; 0,09375; 0,09375; 106,8695652173913; 0,07030893
2079; 0,09375; 0,09375; 107,08695652173913; 0,07045196
2080; 0,09375; 0,09375; 106,6086956521739; 0,07013732
2081; 0,09375; 0,09375; 106,3913043478261; 0,069994286
2082; 0,09375; 0,09375; 106,73913043478261; 0,07022314
2083; 0,09375; 0,09375; 106,76086956521739; 0,07023742
2084; 0,09375; 0,09375; 106,65217391304348; 0,070165925
2085; 0,09375; 0,09375; 105,65217391304348; 0,069508016
2086; 0,09375; 0,09375; 105,8913043478261; 0,06966534
2087; 0,09375; 0,09375; 105,58695652173913; 0,069465116
2088; 0,09375; 0,09375; 106,3913043478261; 0,069994286
2089; 0,09375; 0,09375; 106,45652173913044; 0,0700372
2090; 0,09375; 0,09375; 104,71739130434783; 0,06889302
2091; 0,09375; 0,09375; 106,84782608695652; 0,07029463
2092; 0,09375; 0,09375; 106,0; 0,069736846
2093; 0,09375; 0,09375; 107,04347826086956; 0,07042336
2094; 0,09375; 0,09375; 105,93478260869566; 0,069693945
2095; 0,09375; 0,09375; 106,3913043478261; 0,06999429
2096; 0,09375; 0,09375; 106,56521739130434; 0,07010871
2097; 0,09375; 0,09375; 106,23913043478261; 0,06989418
2098; 0,09375; 0,09375; 106,56521739130434; 0,07010871
2099; 0,09375; 0,09375; 106,04347826086956; 0,069765456
2100; 0,09375; 0,09375; 106,76086956521739; 0,07023742
2101; 0,09375; 0,09375; 107,30434782608695; 0,070594974
2102; 0,09375; 0,09375; 106,1086956521739; 0,069808364
2103; 0,09375; 0,09375; 106,65217391304348; 0,070165925
2104; 0,09375; 0,09375; 106,17391304347827; 0,06985129
2105; 0,09375; 0,09375; 105,69565217391305; 0,06953663
2106; 0,09375; 0,09375; 106,76086956521739; 0,07023743
2107; 0,09375; 0,09375; 106,47826086956522; 0,07005149
2108; 0,09375; 0,09375; 107,52173913043478; 0,070738
2109; 0,09375; 0,09375; 106,52173913043478; 0,0700801
2110; 0,09375; 0,09375; 106,97826086956522; 0,07038045
2111; 0,09375; 0,09375; 106,0; 0,06973685
2112; 0,09375; 0,09375; 107,71739130434783; 0,07086672
2113; 0,09375; 0,09375; 106,65217391304348; 0,07016592
2114; 0,09375; 0,09375; 105,8695652173913; 0,06965103
2115; 0,09375; 0,09375; 106,76086956521739; 0,07023742
2116; 0,09375; 0,09375; 105,06521739130434; 0,06912187
2117; 0,09375; 0,09375; 106,5; 0,07006581
2118; 0,09375; 0,09375; 106,06521739130434; 0,06977976
2119; 0,09375; 0,09375; 106,5; 0,070065804
2120; 0,09375; 0,09375; 106,3913043478261; 0,069994286
2121; 0,09375; 0,09375; 106,1086956521739; 0,069808364
2122; 0,09375; 0,09375; 107,17391304347827; 0,07050917
2123; 0,09375; 0,09375; 106,58695652173913; 0,07012302
2124; 0,09375; 0,09375; 106,34782608695652; 0,06996569
2125; 0,09375; 0,09375; 107,34782608695652; 0,07062359
2126; 0,09375; 0,09375; 105,65217391304348; 0,06950803
2127; 0,09375; 0,09375; 105,95652173913044; 0,06970825
2128; 0,09375; 0,09375; 107,56521739130434; 0,0707666
2129; 0,09375; 0,09375; 106,08695652173913; 0,069794066
2130; 0,09375; 0,09375; 107,28260869565217; 0,07058068
2131; 0,09375; 0,09375; 106,23913043478261; 0,06989417
2132; 0,09375; 0,09375; 106,41304347826087; 0,0700086
2133; 0,09375; 0,09375; 106,15217391304348; 0,06983697
2134; 0,09375; 0,09375; 107,02173913043478; 0,07040905
2135; 0,09375; 0,09375; 106,1304347826087; 0,06982266
2136; 0,09375; 0,09375; 105,56521739130434; 0,06945081
2137; 0,09375; 0,09375; 105,52173913043478; 0,069422215
2138; 0,09375; 0,09375; 106,32608695652173; 0,069951385
2139; 0,09375; 0,09375; 106,76086956521739; 0,07023743
2140; 0,09375; 0,09375; 106,04347826086956; 0,069765456
2141; 0,09375; 0,09375; 106,1304347826087; 0,06982266
2142; 0,09375; 0,09375; 106,41304347826087; 0,07000859
2143; 0,09375; 0,09375; 106,93478260869566; 0,07035184
2144; 0,09375; 0,09375; 105,34782608695652; 0,0693078
2145; 0,09375; 0,09375; 106,95652173913044; 0,07036615
2146; 0,09375; 0,09375; 106,02173913043478; 0,06975116
2147; 0,09375; 0,09375; 106,95652173913044; 0,07036614
2148; 0,09375; 0,09375; 106,56521739130434; 0,07010871
2149; 0,09375; 0,09375; 106,3695652173913; 0,06997999
2150; 0,09375; 0,09375; 105,6086956521739; 0,06947941
2151; 0,09375; 0,09375; 107,19565217391305; 0,07052348
2152; 0,09375; 0,09375; 106,95652173913044; 0,07036615
2153; 0,09375; 0,09375; 105,19565217391305; 0,069207676
2154; 0,09375; 0,09375; 107,45652173913044; 0,0706951
2155; 0,09375; 0,09375; 106,1304347826087; 0,069822654
2156; 0,09375; 0,09375; 107,3913043478261; 0,07065219
2157; 0,09375; 0,09375; 105,67391304347827; 0,06952232
2158; 0,09375; 0,09375; 107,58695652173913; 0,0707809
2159; 0,09375; 0,09375; 105,97826086956522; 0,069722556
2160; 0,09375; 0,09375; 106,76086956521739; 0,07023741
2161; 0,09375; 0,09375; 107,47826086956522; 0,07070939
2162; 0,09375; 0,09375; 106,58695652173913; 0,07012302
2163; 0,09375; 0,09375; 105,3913043478261; 0,0693364
2164; 0,09375; 0,09375; 106,23913043478261; 0,06989418
2165; 0,09375; 0,09375; 106,3695652173913; 0,06997999
2166; 0,09375; 0,09375; 106,3913043478261; 0,0699943
2167; 0,09375; 0,09375; 106,23913043478261; 0,06989417
2168; 0,09375; 0,09375; 106,23913043478261; 0,06989418
2169; 0,09375; 0,09375; 106,67391304347827; 0,070180215
2170; 0,09375; 0,09375; 106,28260869565217; 0,06992278
2171; 0,09375; 0,09375; 105,93478260869566; 0,069693945
2172; 0,09375; 0,09375; 106,47826086956522; 0,07005149
2173; 0,09375; 0,09375; 105,84782608695652; 0,06963675
2174; 0,09375; 0,09375; 106,41304347826087; 0,0700086
2175; 0,09375; 0,09375; 105,71739130434783; 0,06955093
2176; 0,09375; 0,09375; 107,78260869565217; 0,07090963
2177; 0,09375; 0,09375; 106,73913043478261; 0,07022314
2178; 0,09375; 0,09375; 107,78260869565217; 0,07090963
2179; 0,09375; 0,09375; 105,8695652173913; 0,069651045
2180; 0,09375; 0,09375; 106,45652173913044; 0,07003719
2181; 0,09375; 0,09375; 107,15217391304348; 0,07049487
2182; 0,09375; 0,09375; 105,04347826086956; 0,06910756
2183; 0,09375; 0,09375; 106,47826086956522; 0,070051506
2184; 0,09375; 0,09375; 105,15217391304348; 0,06917908
2185; 0,09375; 0,09375; 106,08695652173913; 0,06979406
2186; 0,09375; 0,09375; 106,26086956521739; 0,06990849
2187; 0,09375; 0,09375; 107,19565217391305; 0,07052348
2188; 0,09375; 0,09375; 107,21739130434783; 0,07053776
2189; 0,09375; 0,09375; 107,3913043478261; 0,07065219
2190; 0,09375; 0,09375; 106,28260869565217; 0,06992278
2191; 0,09375; 0,09375; 107,43478260869566; 0,07068079
2192; 0,09375; 0,09375; 106,41304347826087; 0,0700086
2193; 0,09375; 0,09375; 106,73913043478261; 0,07022312
2194; 0,09375; 0,09375; 107,23913043478261; 0,070552066
2195; 0,09375; 0,09375; 106,08695652173913; 0,069794066
2196; 0,09375; 0,09375; 106,3913043478261; 0,06999429
2197; 0,09375; 0,09375; 106,58695652173913; 0,070123
2198; 0,09375; 0,09375; 107,58695652173913; 0,0707809
2199; 0,09375; 0,09375; 106,45652173913044; 0,0700372
2200; 0,09375; 0,09375; 106,47826086956522; 0,07005149
2201; 0,09375; 0,09375; 107,26086956521739; 0,07056637
2202; 0,09375; 0,09375; 105,5; 0,06940792
2203; 0,09375; 0,09375; 106,19565217391305; 0,06986558
2204; 0,09375; 0,09375; 105,54347826086956; 0,06943652
2205; 0,09375; 0,09375; 106,47826086956522; 0,0700515
2206; 0,09375; 0,09375; 106,6086956521739; 0,07013731
2207; 0,09375; 0,09375; 104,52173913043478; 0,06876432
2208; 0,09375; 0,09375; 105,8913043478261; 0,06966536
2209; 0,09375; 0,09375; 106,17391304347827; 0,06985127
2210; 0,09375; 0,09375; 106,1086956521739; 0,06980836
2211; 0,09375; 0,09375; 106,17391304347827; 0,06985128
2212; 0,09375; 0,09375; 105,23913043478261; 0,069236286
2213; 0,09375; 0,09375; 106,1086956521739; 0,06980836
2214; 0,09375; 0,09375; 108,30434782608695; 0,07125287
2215; 0,09375; 0,09375; 106,73913043478261; 0,07022313
2216; 0,09375; 0,09375; 108,3913043478261; 0,07131009
2217; 0,09375; 0,09375; 106,28260869565217; 0,06992278
2218; 0,09375; 0,09375; 107,3695652173913; 0,07063788
2219; 0,09375; 0,09375; 106,43478260869566; 0,07002289
2220; 0,09375; 0,09375; 106,28260869565217; 0,069922775
2221; 0,09375; 0,09375; 106,1304347826087; 0,06982268
2222; 0,09375; 0,09375; 106,5; 0,0700658
2223; 0,09375; 0,09375; 106,76086956521739; 0,07023743
2224; 0,09375; 0,09375; 107,26086956521739; 0,07056637
2225; 0,09375; 0,09375; 107,23913043478261; 0,07055208
2226; 0,09375; 0,09375; 108,3913043478261; 0,07131008
2227; 0,09375; 0,09375; 107,19565217391305; 0,07052347
2228; 0,09375; 0,09375; 106,56521739130434; 0,07010871
2229; 0,09375; 0,09375; 105,6304347826087; 0,069493726
2230; 0,09375; 0,09375; 106,30434782608695; 0,06993709
2231; 0,09375; 0,09375; 106,69565217391305; 0,07019453
2232; 0,09375; 0,09375; 106,41304347826087; 0,07000859
2233; 0,09375; 0,09375; 105,30434782608695; 0,06927919
2234; 0,09375; 0,09375; 105,82608695652173; 0,06962244
2235; 0,09375; 0,09375; 106,41304347826087; 0,0700086
2236; 0,09375; 0,09375; 106,30434782608695; 0,06993709
2237; 0,09375; 0,09375; 106,02173913043478; 0,06975116
2238; 0,09375; 0,09375; 106,6086956521739; 0,070137314
2239; 0,09375; 0,09375; 106,1304347826087; 0,06982266
2240; 0,09375; 0,09375; 106,69565217391305; 0,07019453
2241; 0,09375; 0,09375; 106,84782608695652; 0,070294626
2242; 0,09375; 0,09375; 106,6304347826087; 0,07015161
2243; 0,09375; 0,09375; 105,78260869565217; 0,06959384
2244; 0,09375; 0,09375; 106,23913043478261; 0,06989419
2245; 0,09375; 0,09375; 105,8913043478261; 0,06966535
2246; 0,09375; 0,09375; 107,04347826086956; 0,07042336
2247; 0,09375; 0,09375; 106,93478260869566; 0,07035185
2248; 0,09375; 0,09375; 106,45652173913044; 0,07003719
2249; 0,09375; 0,09375; 106,06521739130434; 0,06977976
2250; 0,09375; 0,09375; 106,52173913043478; 0,0700801
2251; 0,09375; 0,09375; 106,76086956521739; 0,070237435
2252; 0,09375; 0,09375; 106,3695652173913; 0,06997998
2253; 0,09375; 0,09375; 106,04347826086956; 0,069765456
2254; 0,09375; 0,09375; 106,23913043478261; 0,06989419
2255; 0,09375; 0,09375; 107,84782608695652; 0,07095252
2256; 0,09375; 0,09375; 107,0; 0,070394754
2257; 0,09375; 0,09375; 106,41304347826087; 0,07000859
2258; 0,09375; 0,09375; 106,8913043478261; 0,07032324
2259; 0,09375; 0,09375; 106,0; 0,06973685
2260; 0,09375; 0,09375; 107,04347826086956; 0,07042336
2261; 0,09375; 0,09375; 106,80434782608695; 0,07026603
2262; 0,09375; 0,09375; 106,6086956521739; 0,07013731
2263; 0,09375; 0,09375; 105,08695652173913; 0,069136165
2264; 0,09375; 0,09375; 106,3913043478261; 0,06999429
2265; 0,09375; 0,09375; 107,58695652173913; 0,0707809
2266; 0,09375; 0,09375; 105,69565217391305; 0,06953663
2267; 0,09375; 0,09375; 106,32608695652173; 0,06995139
2268; 0,09375; 0,09375; 106,15217391304348; 0,06983697
2269; 0,09375; 0,09375; 106,58695652173913; 0,07012301
2270; 0,09375; 0,09375; 106,02173913043478; 0,06975116
2271; 0,09375; 0,09375; 106,56521739130434; 0,07010871
2272; 0,09375; 0,09375; 105,06521739130434; 0,06912186
2273; 0,09375; 0,09375; 106,91304347826087; 0,07033754
2274; 0,09375; 0,09375; 106,84782608695652; 0,07029463
2275; 0,09375; 0,09375; 105,43478260869566; 0,069365
2276; 0,09375; 0,09375; 106,34782608695652; 0,0699657
2277; 0,09375; 0,09375; 106,3913043478261; 0,0699943
2278; 0,09375; 0,09375; 106,19565217391305; 0,069865584
2279; 0,09375; 0,09375; 105,71739130434783; 0,06955093
2280; 0,09375; 0,09375; 106,54347826086956; 0,07009441
2281; 0,09375; 0,09375; 106,32608695652173; 0,06995139
2282; 0,09375; 0,09375; 108,04347826086956; 0,07108125
2283; 0,09375; 0,09375; 106,02173913043478; 0,06975115
2284; 0,09375; 0,09375; 106,6304347826087; 0,07015163
2285; 0,09375; 0,09375; 105,67391304347827; 0,069522314
2286; 0,09375; 0,09375; 107,91304347826087; 0,07099543
2287; 0,09375; 0,09375; 105,41304347826087; 0,069350705
2288; 0,09375; 0,09375; 105,69565217391305; 0,06953663
2289; 0,09375; 0,09375; 106,8695652173913; 0,07030894
2290; 0,09375; 0,09375; 106,47826086956522; 0,07005149
2291; 0,09375; 0,09375; 105,78260869565217; 0,06959383
2292; 0,09375; 0,09375; 106,21739130434783; 0,06987988
2293; 0,09375; 0,09375; 106,80434782608695; 0,07026602
2294; 0,09375; 0,09375; 105,58695652173913; 0,06946512
2295; 0,09375; 0,09375; 106,56521739130434; 0,070108704
2296; 0,09375; 0,09375; 107,69565217391305; 0,07085241
2297; 0,09375; 0,09375; 106,15217391304348; 0,06983697
2298; 0,09375; 0,09375; 105,93478260869566; 0,069693945
2299; 0,09375; 0,09375; 105,8913043478261; 0,06966534
2300; 0,09375; 0,09375; 105,93478260869566; 0,06969395
2301; 0,09375; 0,09375; 106,54347826086956; 0,07009441
2302; 0,09375; 0,09375; 107,65217391304348; 0,07082381
2303; 0,09375; 0,09375; 105,95652173913044; 0,06970824
2304; 0,09375; 0,09375; 106,3913043478261; 0,06999429
2305; 0,09375; 0,09375; 106,17391304347827; 0,06985127
2306; 0,09375; 0,09375; 105,76086956521739; 0,06957953
2307; 0,09375; 0,09375; 107,06521739130434; 0,07043766
2308; 0,09375; 0,09375; 106,19565217391305; 0,06986558
2309; 0,09375; 0,09375; 107,19565217391305; 0,07052348
2310; 0,09375; 0,09375; 106,06521739130434; 0,06977976
2311; 0,09375; 0,09375; 106,19565217391305; 0,06986558
2312; 0,09375; 0,09375; 106,6086956521739; 0,07013731
2313; 0,09375; 0,09375; 106,17391304347827; 0,06985127
2314; 0,09375; 0,09375; 106,80434782608695; 0,07026603
2315; 0,09375; 0,09375; 105,41304347826087; 0,0693507
2316; 0,09375; 0,09375; 107,1304347826087; 0,07048057
2317; 0,09375; 0,09375; 106,26086956521739; 0,06990848
2318; 0,09375; 0,09375; 105,93478260869566; 0,069693945
2319; 0,09375; 0,09375; 106,30434782608695; 0,06993709
2320; 0,09375; 0,09375; 106,6086956521739; 0,07013732
2321; 0,09375; 0,09375; 105,84782608695652; 0,06963675
2322; 0,09375; 0,09375; 106,17391304347827; 0,06985127
2323; 0,09375; 0,09375; 106,73913043478261; 0,07022313
2324; 0,09375; 0,09375; 106,19565217391305; 0,06986558
2325; 0,09375; 0,09375; 107,82608695652173; 0,07093823
2326; 0,09375; 0,09375; 108,3695652173913; 0,07129578
2327; 0,09375; 0,09375; 105,84782608695652; 0,06963674
2328; 0,09375; 0,09375; 107,65217391304348; 0,07082381
2329; 0,09375; 0,09375; 107,93478260869566; 0,07100975
2330; 0,09375; 0,09375; 106,6304347826087; 0,07015161
2331; 0,09375; 0,09375; 106,43478260869566; 0,0700229
2332; 0,09375; 0,09375; 106,08695652173913; 0,06979406
2333; 0,09375; 0,09375; 107,1086956521739; 0,070466265
2334; 0,09375; 0,09375; 106,17391304347827; 0,06985128
2335; 0,09375; 0,09375; 106,84782608695652; 0,07029464
2336; 0,09375; 0,09375; 104,41304347826087; 0,06869281
2337; 0,09375; 0,09375; 106,04347826086956; 0,069765456
2338; 0,09375; 0,09375; 106,3695652173913; 0,069979995
2339; 0,09375; 0,09375; 106,58695652173913; 0,07012301
2340; 0,09375; 0,09375; 105,93478260869566; 0,069693945
2341; 0,09375; 0,09375; 106,5; 0,0700658
2342; 0,09375; 0,09375; 106,3695652173913; 0,06997998
2343; 0,09375; 0,09375; 106,73913043478261; 0,07022313
2344; 0,09375; 0,09375; 106,30434782608695; 0,06993707
2345; 0,09375; 0,09375; 106,19565217391305; 0,06986558
2346; 0,09375; 0,09375; 107,41304347826087; 0,07066649
2347; 0,09375; 0,09375; 105,82608695652173; 0,06962244
2348; 0,09375; 0,09375; 106,0; 0,06973686
2349; 0,09375; 0,09375; 105,47826086956522; 0,069393605
2350; 0,09375; 0,09375; 106,80434782608695; 0,07026602
2351; 0,09375; 0,09375; 105,97826086956522; 0,06972254
2352; 0,09375; 0,09375; 107,8913043478261; 0,07098113
2353; 0,09375; 0,09375; 106,15217391304348; 0,06983697
2354; 0,09375; 0,09375; 105,67391304347827; 0,06952232
2355; 0,09375; 0,09375; 106,6086956521739; 0,07013732
2356; 0,09375; 0,09375; 106,54347826086956; 0,07009441
2357; 0,09375; 0,09375; 106,06521739130434; 0,06977976
2358; 0,09375; 0,09375; 106,19565217391305; 0,06986557
2359; 0,09375; 0,09375; 106,84782608695652; 0,07029463
2360; 0,09375; 0,09375; 106,06521739130434; 0,06977976
2361; 0,09375; 0,09375; 106,28260869565217; 0,06992279
2362; 0,09375; 0,09375; 106,32608695652173; 0,06995139
2363; 0,09375; 0,09375; 106,47826086956522; 0,070051506
2364; 0,09375; 0,09375; 106,76086956521739; 0,07023743
2365; 0,09375; 0,09375; 105,54347826086956; 0,06943651
2366; 0,09375; 0,09375; 106,56521739130434; 0,07010871
2367; 0,09375; 0,09375; 106,47826086956522; 0,07005149
2368; 0,09375; 0,09375; 106,41304347826087; 0,0700086
2369; 0,09375; 0,09375; 105,80434782608695; 0,06960814
2370; 0,09375; 0,09375; 106,69565217391305; 0,07019453
2371; 0,09375; 0,09375; 106,6086956521739; 0,07013731
2372; 0,09375; 0,09375; 106,5; 0,07006581
2373; 0,09375; 0,09375; 105,6304347826087; 0,069493726
2374; 0,09375; 0,09375; 106,08695652173913; 0,069794066
2375; 0,09375; 0,09375; 105,65217391304348; 0,06950802
2376; 0,09375; 0,09375; 106,5; 0,07006581
2377; 0,09375; 0,09375; 106,28260869565217; 0,06992278
2378; 0,09375; 0,09375; 106,58695652173913; 0,070123
2379; 0,09375; 0,09375; 105,30434782608695; 0,06927919
2380; 0,09375; 0,09375; 106,34782608695652; 0,0699657
2381; 0,09375; 0,09375; 109,04347826086956; 0,07173914
2382; 0,09375; 0,09375; 106,3695652173913; 0,06997999
2383; 0,09375; 0,09375; 106,84782608695652; 0,070294626
2384; 0,09375; 0,09375; 107,56521739130434; 0,0707666
2385; 0,09375; 0,09375; 106,65217391304348; 0,07016592
2386; 0,09375; 0,09375; 106,8913043478261; 0,070323244
2387; 0,09375; 0,09375; 107,04347826086956; 0,070423365
2388; 0,09375; 0,09375; 105,32608695652173; 0,06929349
2389; 0,09375; 0,09375; 106,34782608695652; 0,06996569
2390; 0,09375; 0,09375; 106,45652173913044; 0,07003719
2391; 0,09375; 0,09375; 107,6304347826087; 0,070809506
2392; 0,09375; 0,09375; 105,34782608695652; 0,0693078
2393; 0,09375; 0,09375; 106,56521739130434; 0,07010871
2394; 0,09375; 0,09375; 104,8913043478261; 0,06900746
2395; 0,09375; 0,09375; 106,26086956521739; 0,06990848
2396; 0,09375; 0,09375; 105,6086956521739; 0,06947941
2397; 0,09375; 0,09375; 106,73913043478261; 0,07022312
2398; 0,09375; 0,09375; 107,76086956521739; 0,07089532
2399; 0,09375; 0,09375; 106,28260869565217; 0,06992279
2400; 0,09375; 0,09375; 106,58695652173913; 0,070123
2401; 0,09375; 0,09375; 106,08695652173913; 0,069794066
2402; 0,09375; 0,09375; 107,71739130434783; 0,07086672
2403; 0,09375; 0,09375; 107,76086956521739; 0,07089532
2404; 0,09375; 0,09375; 105,76086956521739; 0,069579534
2405; 0,09375; 0,09375; 106,52173913043478; 0,0700801
2406; 0,09375; 0,09375; 106,8695652173913; 0,07030894
2407; 0,09375; 0,09375; 108,0; 0,07105265
2408; 0,09375; 0,09375; 106,32608695652173; 0,069951385
2409; 0,09375; 0,09375; 106,26086956521739; 0,069908485
2410; 0,09375; 0,09375; 106,56521739130434; 0,070108704
2411; 0,09375; 0,09375; 107,17391304347827; 0,07050917
2412; 0,09375; 0,09375; 106,3913043478261; 0,06999431
2413; 0,09375; 0,09375; 105,97826086956522; 0,069722556
2414; 0,09375; 0,09375; 106,8913043478261; 0,070323244
2415; 0,09375; 0,09375; 105,69565217391305; 0,06953663
2416; 0,09375; 0,09375; 106,17391304347827; 0,06985127
2417; 0,09375; 0,09375; 106,15217391304348; 0,069836974
2418; 0,09375; 0,09375; 106,3913043478261; 0,06999429
2419; 0,09375; 0,09375; 105,69565217391305; 0,06953663
2420; 0,09375; 0,09375; 106,82608695652173; 0,070280336
2421; 0,09375; 0,09375; 105,80434782608695; 0,06960814
2422; 0,09375; 0,09375; 106,67391304347827; 0,07018022
2423; 0,09375; 0,09375; 106,1304347826087; 0,06982267
2424; 0,09375; 0,09375; 106,71739130434783; 0,07020883
2425; 0,09375; 0,09375; 107,21739130434783; 0,07053777
2426; 0,09375; 0,09375; 105,84782608695652; 0,06963674
2427; 0,09375; 0,09375; 106,19565217391305; 0,069865584
2428; 0,09375; 0,09375; 106,41304347826087; 0,07000859
2429; 0,09375; 0,09375; 106,76086956521739; 0,07023742
2430; 0,09375; 0,09375; 106,02173913043478; 0,06975116
2431; 0,09375; 0,09375; 106,6086956521739; 0,070137314
2432; 0,09375; 0,09375; 106,21739130434783; 0,069879875
2433; 0,09375; 0,09375; 105,93478260869566; 0,06969396
2434; 0,09375; 0,09375; 106,04347826086956; 0,06976546
2435; 0,09375; 0,09375; 106,71739130434783; 0,07020881
2436; 0,09375; 0,09375; 105,71739130434783; 0,069550924
2437; 0,09375; 0,09375; 106,52173913043478; 0,0700801
2438; 0,09375; 0,09375; 106,8695652173913; 0,07030894
2439; 0,09375; 0,09375; 105,26086956521739; 0,06925059
2440; 0,09375; 0,09375; 106,04347826086956; 0,069765456
2441; 0,09375; 0,09375; 105,80434782608695; 0,06960814
2442; 0,09375; 0,09375; 108,21739130434783; 0,07119566
2443; 0,09375; 0,09375; 106,58695652173913; 0,07012302
2444; 0,09375; 0,09375; 106,76086956521739; 0,07023743
2445; 0,09375; 0,09375; 106,21739130434783; 0,06987988
2446; 0,09375; 0,09375; 107,69565217391305; 0,070852414
2447; 0,09375; 0,09375; 107,04347826086956; 0,07042336
2448; 0,09375; 0,09375; 106,54347826086956; 0,070094414
2449; 0,09375; 0,09375; 107,30434782608695; 0,07059498
2450; 0,09375; 0,09375; 105,56521739130434; 0,06945081
2451; 0,09375; 0,09375; 106,73913043478261; 0,07022314
2452; 0,09375; 0,09375; 106,32608695652173; 0,06995139
2453; 0,09375; 0,09375; 106,1086956521739; 0,06980837
2454; 0,09375; 0,09375; 106,58695652173913; 0,07012302
2455; 0,09375; 0,09375; 107,78260869565217; 0,07090962
2456; 0,09375; 0,09375; 104,56521739130434; 0,06879292
2457; 0,09375; 0,09375; 107,04347826086956; 0,07042336
2458; 0,09375; 0,09375; 107,3913043478261; 0,07065219
2459; 0,09375; 0,09375; 106,34782608695652; 0,0699657
2460; 0,09375; 0,09375; 106,3695652173913; 0,06997999
2461; 0,09375; 0,09375; 106,76086956521739; 0,07023742
2462; 0,09375; 0,09375; 106,1304347826087; 0,06982266
2463; 0,09375; 0,09375; 106,23913043478261; 0,06989418
2464; 0,09375; 0,09375; 105,43478260869566; 0,069365
2465; 0,09375; 0,09375; 105,65217391304348; 0,06950802
2466; 0,09375; 0,09375; 104,93478260869566; 0,06903606
2467; 0,09375; 0,09375; 106,6086956521739; 0,07013732
2468; 0,09375; 0,09375; 107,15217391304348; 0,07049487
2469; 0,09375; 0,09375; 105,8695652173913; 0,06965105
2470; 0,09375; 0,09375; 107,34782608695652; 0,070623584
2471; 0,09375; 0,09375; 106,17391304347827; 0,06985127
2472; 0,09375; 0,09375; 105,34782608695652; 0,0693078
2473; 0,09375; 0,09375; 106,1304347826087; 0,06982267
2474; 0,09375; 0,09375; 106,02173913043478; 0,06975116
2475; 0,09375; 0,09375; 106,71739130434783; 0,07020883
2476; 0,09375; 0,09375; 107,82608695652173; 0,07093823
2477; 0,09375; 0,09375; 106,5; 0,070065804
2478; 0,09375; 0,09375; 106,65217391304348; 0,070165925
2479; 0,09375; 0,09375; 105,67391304347827; 0,06952232
2480; 0,09375; 0,09375; 106,21739130434783; 0,069879875
2481; 0,09375; 0,09375; 107,97826086956522; 0,07103834
2482; 0,09375; 0,09375; 106,02173913043478; 0,06975116
2483; 0,09375; 0,09375; 107,45652173913044; 0,070695095
2484; 0,09375; 0,09375; 106,23913043478261; 0,06989417
2485; 0,09375; 0,09375; 106,73913043478261; 0,070223115
2486; 0,09375; 0,09375; 106,97826086956522; 0,07038045
2487; 0,09375; 0,09375; 105,28260869565217; 0,06926488
2488; 0,09375; 0,09375; 106,02173913043478; 0,06975115
2489; 0,09375; 0,09375; 106,15217391304348; 0,06983697
2490; 0,09375; 0,09375; 106,91304347826087; 0,07033754
2491; 0,09375; 0,09375; 106,06521739130434; 0,06977976
2492; 0,09375; 0,09375; 106,41304347826087; 0,07000859
2493; 0,09375; 0,09375; 105,95652173913044; 0,06970825
2494; 0,09375; 0,09375; 106,30434782608695; 0,06993709
2495; 0,09375; 0,09375; 107,3695652173913; 0,07063789
2496; 0,09375; 0,09375; 108,28260869565217; 0,07123858
2497; 0,09375; 0,09375; 106,6086956521739; 0,07013731
2498; 0,09375; 0,09375; 107,84782608695652; 0,07095253
2499; 0,09375; 0,09375; 106,3695652173913; 0,06997999
2500; 0,09375; 0,09375; 105,02173913043478; 0,06909327
2501; 0,09375; 0,09375; 106,45652173913044; 0,0700372
2502; 0,09375; 0,09375; 106,06521739130434; 0,069779776
2503; 0,09375; 0,09375; 107,69565217391305; 0,07085242
2504; 0,09375; 0,09375; 107,0; 0,07039475
2505; 0,09375; 0,09375; 105,8695652173913; 0,069651045
2506; 0,09375; 0,09375; 107,08695652173913; 0,07045197
2507; 0,09375; 0,09375; 106,26086956521739; 0,06990849
2508; 0,09375; 0,09375; 107,17391304347827; 0,070509166
2509; 0,09375; 0,09375; 105,82608695652173; 0,06962243
2510; 0,09375; 0,09375; 105,73913043478261; 0,06956522
2511; 0,09375; 0,09375; 106,82608695652173; 0,07028032
2512; 0,09375; 0,09375; 107,47826086956522; 0,07070939
2513; 0,09375; 0,09375; 106,34782608695652; 0,06996569
2514; 0,09375; 0,09375; 106,5; 0,0700658
2515; 0,09375; 0,09375; 105,21739130434783; 0,06922197
2516; 0,09375; 0,09375; 106,54347826086956; 0,070094414
2517; 0,09375; 0,09375; 106,80434782608695; 0,07026603
2518; 0,09375; 0,09375; 105,56521739130434; 0,06945082
2519; 0,09375; 0,09375; 107,17391304347827; 0,07050916
2520; 0,09375; 0,09375; 106,6304347826087; 0,07015162
2521; 0,09375; 0,09375; 106,30434782608695; 0,06993708
2522; 0,09375; 0,09375; 106,58695652173913; 0,07012302
2523; 0,09375; 0,09375; 106,0; 0,06973686
2524; 0,09375; 0,09375; 107,02173913043478; 0,07040907
2525; 0,09375; 0,09375; 106,52173913043478; 0,07008011
2526; 0,09375; 0,09375; 106,30434782608695; 0,06993709
2527; 0,09375; 0,09375; 106,26086956521739; 0,069908485
2528; 0,09375; 0,09375; 107,04347826086956; 0,07042336
2529; 0,09375; 0,09375; 106,34782608695652; 0,06996569
2530; 0,09375; 0,09375; 105,69565217391305; 0,06953663
2531; 0,09375; 0,09375; 107,52173913043478; 0,07073799
2532; 0,09375; 0,09375; 106,45652173913044; 0,0700372
2533; 0,09375; 0,09375; 107,80434782608695; 0,07092394
2534; 0,09375; 0,09375; 107,52173913043478; 0,070737995
2535; 0,09375; 0,09375; 106,43478260869566; 0,070022896
2536; 0,09375; 0,09375; 106,5; 0,0700658
2537; 0,09375; 0,09375; 105,6086956521739; 0,06947942
2538; 0,09375; 0,09375; 106,17391304347827; 0,06985127
2539; 0,09375; 0,09375; 106,0; 0,06973686
2540; 0,09375; 0,09375; 106,69565217391305; 0,07019453
2541; 0,09375; 0,09375; 106,6304347826087; 0,07015161
2542; 0,09375; 0,09375; 105,8913043478261; 0,06966535
2543; 0,09375; 0,09375; 105,17391304347827; 0,06919338
2544; 0,09375; 0,09375; 106,73913043478261; 0,07022314
2545; 0,09375; 0,09375; 105,8913043478261; 0,06966535
2546; 0,09375; 0,09375; 106,08695652173913; 0,069794066
2547; 0,09375; 0,09375; 108,21739130434783; 0,07119566
2548; 0,09375; 0,09375; 106,65217391304348; 0,07016591
2549; 0,09375; 0,09375; 105,97826086956522; 0,069722556
2550; 0,09375; 0,09375; 106,30434782608695; 0,06993709
2551; 0,09375; 0,09375; 107,06521739130434; 0,07043766
2552; 0,09375; 0,09375; 105,69565217391305; 0,06953663
2553; 0,09375; 0,09375; 107,52173913043478; 0,070738
2554; 0,09375; 0,09375; 106,6304347826087; 0,07015161
2555; 0,09375; 0,09375; 106,26086956521739; 0,06990848
2556; 0,09375; 0,09375; 107,30434782608695; 0,07059498
2557; 0,09375; 0,09375; 106,32608695652173; 0,069951385
2558; 0,09375; 0,09375; 107,95652173913044; 0,07102404
2559; 0,09375; 0,09375; 107,47826086956522; 0,07070939
2560; 0,09375; 0,09375; 106,93478260869566; 0,07035185
2561; 0,09375; 0,09375; 106,43478260869566; 0,0700229
2562; 0,09375; 0,09375; 106,95652173913044; 0,07036614
2563; 0,09375; 0,09375; 105,54347826086956; 0,06943651
2564; 0,09375; 0,09375; 106,5; 0,070065804
2565; 0,09375; 0,09375; 108,1304347826087; 0,07113846
2566; 0,09375; 0,09375; 106,43478260869566; 0,070022896
2567; 0,09375; 0,09375; 107,76086956521739; 0,07089532
2568; 0,09375; 0,09375; 106,32608695652173; 0,069951385
2569; 0,09375; 0,09375; 106,23913043478261; 0,06989417
2570; 0,09375; 0,09375; 106,17391304347827; 0,06985127
2571; 0,09375; 0,09375; 105,32608695652173; 0,06929349
2572; 0,09375; 0,09375; 106,73913043478261; 0,07022313
2573; 0,09375; 0,09375; 105,97826086956522; 0,069722556
2574; 0,09375; 0,09375; 106,28260869565217; 0,0699228
2575; 0,09375; 0,09375; 106,54347826086956; 0,07009441
2576; 0,09375; 0,09375; 105,67391304347827; 0,06952233
2577; 0,09375; 0,09375; 107,91304347826087; 0,07099544
2578; 0,09375; 0,09375; 107,02173913043478; 0,07040905
2579; 0,09375; 0,09375; 104,8913043478261; 0,06900744
2580; 0,09375; 0,09375; 106,34782608695652; 0,0699657
2581; 0,09375; 0,09375; 107,21739130434783; 0,07053776
2582; 0,09375; 0,09375; 105,97826086956522; 0,069722556
2583; 0,09375; 0,09375; 108,65217391304348; 0,071481705
2584; 0,09375; 0,09375; 105,67391304347827; 0,06952232
2585; 0,09375; 0,09375; 106,69565217391305; 0,07019453
2586; 0,09375; 0,09375; 106,32608695652173; 0,06995139
2587; 0,09375; 0,09375; 106,21739130434783; 0,06987988
2588; 0,09375; 0,09375; 106,65217391304348; 0,07016592
2589; 0,09375; 0,09375; 107,45652173913044; 0,070695095
2590; 0,09375; 0,09375; 105,3695652173913; 0,0693221
2591; 0,09375; 0,09375; 106,02173913043478; 0,06975116
2592; 0,09375; 0,09375; 107,23913043478261; 0,07055208
2593; 0,09375; 0,09375; 106,76086956521739; 0,07023743
2594; 0,09375; 0,09375; 106,54347826086956; 0,07009441
2595; 0,09375; 0,09375; 106,34782608695652; 0,069965675
2596; 0,09375; 0,09375; 106,56521739130434; 0,07010871
2597; 0,09375; 0,09375; 106,41304347826087; 0,0700086
2598; 0,09375; 0,09375; 106,56521739130434; 0,07010871
2599; 0,09375; 0,09375; 106,6086956521739; 0,07013731
2600; 0,09375; 0,09375; 106,06521739130434; 0,06977975
2601; 0,09375; 0,09375; 106,08695652173913; 0,069794066
2602; 0,09375; 0,09375; 106,32608695652173; 0,069951385
2603; 0,09375; 0,09375; 106,8913043478261; 0,07032324
2604; 0,09375; 0,09375; 105,52173913043478; 0,0694222
2605; 0,09375; 0,09375; 106,80434782608695; 0,07026603
2606; 0,09375; 0,09375; 106,47826086956522; 0,0700515
2607; 0,09375; 0,09375; 105,76086956521739; 0,06957954
2608; 0,09375; 0,09375; 107,1304347826087; 0,07048056
2609; 0,09375; 0,09375; 106,54347826086956; 0,070094414
2610; 0,09375; 0,09375; 105,95652173913044; 0,06970826
2611; 0,09375; 0,09375; 108,3913043478261; 0,07131007
2612; 0,09375; 0,09375; 106,82608695652173; 0,070280336
2613; 0,09375; 0,09375; 106,21739130434783; 0,06987987
2614; 0,09375; 0,09375; 107,97826086956522; 0,07103834
2615; 0,09375; 0,09375; 107,91304347826087; 0,070995435
2616; 0,09375; 0,09375; 106,15217391304348; 0,06983698
2617; 0,09375; 0,09375; 106,21739130434783; 0,06987988
2618; 0,09375; 0,09375; 108,43478260869566; 0,07133869
2619; 0,09375; 0,09375; 107,45652173913044; 0,070695095
2620; 0,09375; 0,09375; 107,5; 0,0707237
2621; 0,09375; 0,09375; 106,06521739130434; 0,069779776
2622; 0,09375; 0,09375; 106,95652173913044; 0,070366144
2623; 0,09375; 0,09375; 107,15217391304348; 0,07049486
2624; 0,09375; 0,09375; 105,43478260869566; 0,069365
2625; 0,09375; 0,09375; 105,54347826086956; 0,069436505
2626; 0,09375; 0,09375; 106,30434782608695; 0,06993708
2627; 0,09375; 0,09375; 105,82608695652173; 0,069622435
2628; 0,09375; 0,09375; 106,76086956521739; 0,07023742
2629; 0,09375; 0,09375; 106,67391304347827; 0,07018022
2630; 0,09375; 0,09375; 107,56521739130434; 0,07076661
2631; 0,09375; 0,09375; 106,02173913043478; 0,06975116
2632; 0,09375; 0,09375; 106,76086956521739; 0,07023743
2633; 0,09375; 0,09375; 106,34782608695652; 0,0699657
2634; 0,09375; 0,09375; 106,45652173913044; 0,070037216
2635; 0,09375; 0,09375; 106,5; 0,0700658
2636; 0,09375; 0,09375; 105,34782608695652; 0,0693078
2637; 0,09375; 0,09375; 106,84782608695652; 0,07029463
2638; 0,09375; 0,09375; 106,47826086956522; 0,0700515
2639; 0,09375; 0,09375; 107,02173913043478; 0,070409045
2640; 0,09375; 0,09375; 108,19565217391305; 0,07118136
2641; 0,09375; 0,09375; 105,6086956521739; 0,06947941
2642; 0,09375; 0,09375; 106,58695652173913; 0,07012302
2643; 0,09375; 0,09375; 107,02173913043478; 0,07040905
2644; 0,09375; 0,09375; 106,45652173913044; 0,0700372
2645; 0,09375; 0,09375; 105,93478260869566; 0,069693945
2646; 0,09375; 0,09375; 106,02173913043478; 0,06975116
2647; 0,09375; 0,09375; 106,52173913043478; 0,0700801
2648; 0,09375; 0,09375; 106,84782608695652; 0,070294626
2649; 0,09375; 0,09375; 105,15217391304348; 0,069179066
2650; 0,09375; 0,09375; 106,69565217391305; 0,07019453
2651; 0,09375; 0,09375; 106,56521739130434; 0,07010871
2652; 0,09375; 0,09375; 106,80434782608695; 0,07026603
2653; 0,09375; 0,09375; 107,45652173913044; 0,07069509
2654; 0,09375; 0,09375; 105,69565217391305; 0,06953663
2655; 0,09375; 0,09375; 105,67391304347827; 0,069522336
2656; 0,09375; 0,09375; 106,02173913043478; 0,06975116
2657; 0,09375; 0,09375; 106,19565217391305; 0,069865584
2658; 0,09375; 0,09375; 106,02173913043478; 0,069751166
2659; 0,09375; 0,09375; 106,58695652173913; 0,07012301
2660; 0,09375; 0,09375; 105,78260869565217; 0,06959384
2661; 0,09375; 0,09375; 105,26086956521739; 0,06925058
2662; 0,09375; 0,09375; 106,02173913043478; 0,069751166
2663; 0,09375; 0,09375; 106,19565217391305; 0,06986557
2664; 0,09375; 0,09375; 106,06521739130434; 0,06977975
2665; 0,09375; 0,09375; 106,41304347826087; 0,07000859
2666; 0,09375; 0,09375; 106,6304347826087; 0,07015162
2667; 0,09375; 0,09375; 107,08695652173913; 0,07045195
2668; 0,09375; 0,09375; 106,58695652173913; 0,07012302
2669; 0,09375; 0,09375; 106,30434782608695; 0,06993709
2670; 0,09375; 0,09375; 106,08695652173913; 0,069794066
2671; 0,09375; 0,09375; 106,52173913043478; 0,0700801
2672; 0,09375; 0,09375; 106,52173913043478; 0,0700801
2673; 0,09375; 0,09375; 106,8695652173913; 0,07030893
2674; 0,09375; 0,09375; 106,04347826086956; 0,069765456
2675; 0,09375; 0,09375; 105,95652173913044; 0,06970825
2676; 0,09375; 0,09375; 104,78260869565217; 0,06893594
2677; 0,09375; 0,09375; 106,91304347826087; 0,07033754
2678; 0,09375; 0,09375; 106,3695652173913; 0,069979995
2679; 0,09375; 0,09375; 106,73913043478261; 0,07022312
2680; 0,09375; 0,09375; 106,04347826086956; 0,06976545
2681; 0,09375; 0,09375; 106,47826086956522; 0,070051506
2682; 0,09375; 0,09375; 105,8913043478261; 0,06966535
2683; 0,09375; 0,09375; 106,1086956521739; 0,069808364
2684; 0,09375; 0,09375; 106,73913043478261; 0,07022314
2685; 0,09375; 0,09375; 106,17391304347827; 0,06985127
2686; 0,09375; 0,09375; 106,82608695652173; 0,070280336
2687; 0,09375; 0,09375; 105,08695652173913; 0,06913618
2688; 0,09375; 0,09375; 107,65217391304348; 0,07082382
2689; 0,09375; 0,09375; 106,1304347826087; 0,06982268
2690; 0,09375; 0,09375; 106,32608695652173; 0,06995139
2691; 0,09375; 0,09375; 106,1086956521739; 0,069808364
2692; 0,09375; 0,09375; 106,17391304347827; 0,06985127
2693; 0,09375; 0,09375; 106,8695652173913; 0,07030893
2694; 0,09375; 0,09375; 106,23913043478261; 0,06989419
2695; 0,09375; 0,09375; 106,02173913043478; 0,06975115
2696; 0,09375; 0,09375; 107,02173913043478; 0,07040905
2697; 0,09375; 0,09375; 105,95652173913044; 0,06970825
2698; 0,09375; 0,09375; 107,30434782608695; 0,07059498
2699; 0,09375; 0,09375; 106,71739130434783; 0,070208825
2700; 0,09375; 0,09375; 106,3913043478261; 0,06999429
2701; 0,09375; 0,09375; 107,1086956521739; 0,07046626
2702; 0,09375; 0,09375; 106,6304347826087; 0,07015161
2703; 0,09375; 0,09375; 106,06521739130434; 0,06977976
2704; 0,09375; 0,09375; 105,76086956521739; 0,06957954
2705; 0,09375; 0,09375; 105,73913043478261; 0,06956523
2706; 0,09375; 0,09375; 106,80434782608695; 0,070266016
2707; 0,09375; 0,09375; 106,82608695652173; 0,07028033
2708; 0,09375; 0,09375; 106,52173913043478; 0,07008011
2709; 0,09375; 0,09375; 106,30434782608695; 0,06993708
2710; 0,09375; 0,09375; 105,54347826086956; 0,06943652
2711; 0,09375; 0,09375; 106,32608695652173; 0,0699514
2712; 0,09375; 0,09375; 106,19565217391305; 0,06986558
2713; 0,09375; 0,09375; 106,43478260869566; 0,070022896
2714; 0,09375; 0,09375; 106,26086956521739; 0,069908485
2715; 0,09375; 0,09375; 106,58695652173913; 0,07012301
2716; 0,09375; 0,09375; 105,93478260869566; 0,069693945
2717; 0,09375; 0,09375; 106,73913043478261; 0,07022312
2718; 0,09375; 0,09375; 106,76086956521739; 0,070237435
2719; 0,09375; 0,09375; 106,41304347826087; 0,07000859
2720; 0,09375; 0,09375; 106,43478260869566; 0,070022896
2721; 0,09375; 0,09375; 105,82608695652173; 0,06962245
2722; 0,09375; 0,09375; 105,93478260869566; 0,069693945
2723; 0,09375; 0,09375; 106,34782608695652; 0,06996568
2724; 0,09375; 0,09375; 106,8695652173913; 0,07030894
2725; 0,09375; 0,09375; 106,52173913043478; 0,0700801
2726; 0,09375; 0,09375; 105,82608695652173; 0,06962244
2727; 0,09375; 0,09375; 106,30434782608695; 0,06993708
2728; 0,09375; 0,09375; 106,8695652173913; 0,07030894
2729; 0,09375; 0,09375; 106,97826086956522; 0,07038044
2730; 0,09375; 0,09375; 105,97826086956522; 0,069722556
2731; 0,09375; 0,09375; 107,02173913043478; 0,07040905
2732; 0,09375; 0,09375; 107,93478260869566; 0,07100973
2733; 0,09375; 0,09375; 107,1304347826087; 0,070480555
2734; 0,09375; 0,09375; 106,54347826086956; 0,0700944
2735; 0,09375; 0,09375; 106,43478260869566; 0,070022896
2736; 0,09375; 0,09375; 105,73913043478261; 0,06956522
2737; 0,09375; 0,09375; 106,67391304347827; 0,07018022
2738; 0,09375; 0,09375; 107,56521739130434; 0,070766605
2739; 0,09375; 0,09375; 106,28260869565217; 0,06992278
2740; 0,09375; 0,09375; 105,26086956521739; 0,06925059
2741; 0,09375; 0,09375; 106,93478260869566; 0,07035183
2742; 0,09375; 0,09375; 105,52173913043478; 0,069422215
2743; 0,09375; 0,09375; 108,0; 0,07105264
2744; 0,09375; 0,09375; 106,32608695652173; 0,06995139
2745; 0,09375; 0,09375; 107,43478260869566; 0,07068079
2746; 0,09375; 0,09375; 108,1304347826087; 0,071138464
2747; 0,09375; 0,09375; 106,73913043478261; 0,07022312
2748; 0,09375; 0,09375; 105,97826086956522; 0,06972255
2749; 0,09375; 0,09375; 106,5; 0,070065804
2750; 0,09375; 0,09375; 107,06521739130434; 0,070437655
2751; 0,09375; 0,09375; 106,1304347826087; 0,06982268
2752; 0,09375; 0,09375; 106,45652173913044; 0,0700372
2753; 0,09375; 0,09375; 106,32608695652173; 0,069951385
2754; 0,09375; 0,09375; 105,5; 0,06940791
2755; 0,09375; 0,09375; 106,97826086956522; 0,07038044
2756; 0,09375; 0,09375; 105,65217391304348; 0,06950803
2757; 0,09375; 0,09375; 106,6086956521739; 0,07013732
2758; 0,09375; 0,09375; 107,1086956521739; 0,07046626
2759; 0,09375; 0,09375; 107,04347826086956; 0,07042334
2760; 0,09375; 0,09375; 105,93478260869566; 0,06969395
2761; 0,09375; 0,09375; 106,6304347826087; 0,07015162
2762; 0,09375; 0,09375; 106,21739130434783; 0,069879875
2763; 0,09375; 0,09375; 107,3913043478261; 0,07065219
2764; 0,09375; 0,09375; 106,67391304347827; 0,070180215
2765; 0,09375; 0,09375; 106,97826086956522; 0,07038044
2766; 0,09375; 0,09375; 106,08695652173913; 0,069794066
2767; 0,09375; 0,09375; 106,08695652173913; 0,069794066
2768; 0,09375; 0,09375; 104,95652173913044; 0,06905036
2769; 0,09375; 0,09375; 106,69565217391305; 0,07019452
2770; 0,09375; 0,09375; 106,0; 0,06973686
2771; 0,09375; 0,09375; 106,6086956521739; 0,070137314
2772; 0,09375; 0,09375; 107,04347826086956; 0,07042335
2773; 0,09375; 0,09375; 106,5; 0,070065804
2774; 0,09375; 0,09375; 106,76086956521739; 0,07023742
2775; 0,09375; 0,09375; 107,41304347826087; 0,07066649
2776; 0,09375; 0,09375; 108,30434782608695; 0,071252875
2777; 0,09375; 0,09375; 106,54347826086956; 0,07009441
2778; 0,09375; 0,09375; 105,91304347826087; 0,06967966
2779; 0,09375; 0,09375; 106,67391304347827; 0,070180215
2780; 0,09375; 0,09375; 106,23913043478261; 0,06989419
2781; 0,09375; 0,09375; 107,41304347826087; 0,07066649
2782; 0,09375; 0,09375; 106,6086956521739; 0,070137314
2783; 0,09375; 0,09375; 105,71739130434783; 0,06955093
2784; 0,09375; 0,09375; 105,84782608695652; 0,06963674
2785; 0,09375; 0,09375; 105,91304347826087; 0,06967965
2786; 0,09375; 0,09375; 106,52173913043478; 0,0700801
2787; 0,09375; 0,09375; 107,30434782608695; 0,07059498
2788; 0,09375; 0,09375; 106,80434782608695; 0,07026603
2789; 0,09375; 0,09375; 106,26086956521739; 0,06990848
2790; 0,09375; 0,09375; 106,23913043478261; 0,06989418
2791; 0,09375; 0,09375; 106,73913043478261; 0,07022312
2792; 0,09375; 0,09375; 105,93478260869566; 0,06969395
2793; 0,09375; 0,09375; 106,58695652173913; 0,07012301
2794; 0,09375; 0,09375; 105,52173913043478; 0,069422215
2795; 0,09375; 0,09375; 106,73913043478261; 0,07022314
2796; 0,09375; 0,09375; 107,3913043478261; 0,07065219
2797; 0,09375; 0,09375; 106,26086956521739; 0,06990848
2798; 0,09375; 0,09375; 106,45652173913044; 0,0700372
2799; 0,09375; 0,09375; 107,52173913043478; 0,070737995
2800; 0,09375; 0,09375; 106,43478260869566; 0,070022896
2801; 0,09375; 0,09375; 106,67391304347827; 0,07018022
2802; 0,09375; 0,09375; 105,80434782608695; 0,06960815
2803; 0,09375; 0,09375; 106,08695652173913; 0,069794066
2804; 0,09375; 0,09375; 106,3913043478261; 0,06999429
2805; 0,09375; 0,09375; 107,1304347826087; 0,07048056
2806; 0,09375; 0,09375; 107,6086956521739; 0,07079521
2807; 0,09375; 0,09375; 108,6086956521739; 0,0714531
2808; 0,09375; 0,09375; 105,17391304347827; 0,06919338
2809; 0,09375; 0,09375; 107,21739130434783; 0,07053778
2810; 0,09375; 0,09375; 106,08695652173913; 0,069794066
2811; 0,09375; 0,09375; 105,76086956521739; 0,06957953
2812; 0,09375; 0,09375; 105,82608695652173; 0,06962245
2813; 0,09375; 0,09375; 106,04347826086956; 0,069765456
2814; 0,09375; 0,09375; 105,5; 0,06940791
2815; 0,09375; 0,09375; 106,26086956521739; 0,06990848
2816; 0,09375; 0,09375; 106,67391304347827; 0,07018022
2817; 0,09375; 0,09375; 106,08695652173913; 0,06979405
2818; 0,09375; 0,09375; 106,82608695652173; 0,070280336
2819; 0,09375; 0,09375; 106,54347826086956; 0,07009441
2820; 0,09375; 0,09375; 105,91304347826087; 0,06967964
2821; 0,09375; 0,09375; 106,54347826086956; 0,070094414
2822; 0,09375; 0,09375; 107,15217391304348; 0,07049487
2823; 0,09375; 0,09375; 106,8913043478261; 0,07032325
2824; 0,09375; 0,09375; 105,69565217391305; 0,06953663
2825; 0,09375; 0,09375; 105,32608695652173; 0,06929351
2826; 0,09375; 0,09375; 106,26086956521739; 0,06990848
2827; 0,09375; 0,09375; 106,91304347826087; 0,07033755
2828; 0,09375; 0,09375; 106,71739130434783; 0,070208825
2829; 0,09375; 0,09375; 106,3913043478261; 0,06999429
2830; 0,09375; 0,09375; 107,0; 0,07039476
2831; 0,09375; 0,09375; 106,95652173913044; 0,07036614
2832; 0,09375; 0,09375; 106,08695652173913; 0,06979406
2833; 0,09375; 0,09375; 106,6086956521739; 0,07013732
2834; 0,09375; 0,09375; 106,67391304347827; 0,07018022
2835; 0,09375; 0,09375; 106,30434782608695; 0,06993708
2836; 0,09375; 0,09375; 106,23913043478261; 0,06989418
2837; 0,09375; 0,09375; 104,73913043478261; 0,06890733
2838; 0,09375; 0,09375; 107,47826086956522; 0,07070939
2839; 0,09375; 0,09375; 106,02173913043478; 0,06975116
2840; 0,09375; 0,09375; 107,23913043478261; 0,07055209
2841; 0,09375; 0,09375; 105,56521739130434; 0,06945081
2842; 0,09375; 0,09375; 106,32608695652173; 0,069951385
2843; 0,09375; 0,09375; 106,67391304347827; 0,070180215
2844; 0,09375; 0,09375; 106,15217391304348; 0,069836974
2845; 0,09375; 0,09375; 106,19565217391305; 0,06986558
2846; 0,09375; 0,09375; 106,34782608695652; 0,06996569
2847; 0,09375; 0,09375; 106,34782608695652; 0,06996569
2848; 0,09375; 0,09375; 107,73913043478261; 0,07088101
2849; 0,09375; 0,09375; 106,28260869565217; 0,069922775
2850; 0,09375; 0,09375; 106,32608695652173; 0,06995139
2851; 0,09375; 0,09375; 105,95652173913044; 0,06970825
2852; 0,09375; 0,09375; 106,23913043478261; 0,06989419
2853; 0,09375; 0,09375; 106,28260869565217; 0,06992278
2854; 0,09375; 0,09375; 105,56521739130434; 0,06945081
2855; 0,09375; 0,09375; 106,3695652173913; 0,06998
2856; 0,09375; 0,09375; 106,69565217391305; 0,07019451
2857; 0,09375; 0,09375; 106,26086956521739; 0,069908485
2858; 0,09375; 0,09375; 106,21739130434783; 0,069879875
2859; 0,09375; 0,09375; 106,65217391304348; 0,070165925
2860; 0,09375; 0,09375; 107,28260869565217; 0,07058067
2861; 0,09375; 0,09375; 106,73913043478261; 0,07022312
2862; 0,09375; 0,09375; 105,65217391304348; 0,06950802
2863; 0,09375; 0,09375; 106,8913043478261; 0,07032324
2864; 0,09375; 0,09375; 106,26086956521739; 0,06990848
2865; 0,09375; 0,09375; 106,0; 0,06973685
2866; 0,09375; 0,09375; 106,17391304347827; 0,06985127
2867; 0,09375; 0,09375; 107,30434782608695; 0,07059498
2868; 0,09375; 0,09375; 106,93478260869566; 0,07035185
2869; 0,09375; 0,09375; 107,08695652173913; 0,07045196
2870; 0,09375; 0,09375; 106,91304347826087; 0,07033754
2871; 0,09375; 0,09375; 105,17391304347827; 0,06919338
2872; 0,09375; 0,09375; 106,80434782608695; 0,07026603
2873; 0,09375; 0,09375; 107,19565217391305; 0,07052348
2874; 0,09375; 0,09375; 105,56521739130434; 0,06945081
2875; 0,09375; 0,09375; 106,5; 0,07006581
2876; 0,09375; 0,09375; 106,43478260869566; 0,070022896
2877; 0,09375; 0,09375; 106,84782608695652; 0,07029464
2878; 0,09375; 0,09375; 106,06521739130434; 0,06977977
2879; 0,09375; 0,09375; 105,97826086956522; 0,06972254
2880; 0,09375; 0,09375; 107,28260869565217; 0,070580676
2881; 0,09375; 0,09375; 105,97826086956522; 0,06972254
2882; 0,09375; 0,09375; 106,32608695652173; 0,06995139
2883; 0,09375; 0,09375; 106,80434782608695; 0,07026603
2884; 0,09375; 0,09375; 106,17391304347827; 0,06985127
2885; 0,09375; 0,09375; 106,08695652173913; 0,069794066
2886; 0,09375; 0,09375; 106,08695652173913; 0,069794066
2887; 0,09375; 0,09375; 108,28260869565217; 0,07123858
2888; 0,09375; 0,09375; 106,82608695652173; 0,07028033
2889; 0,09375; 0,09375; 106,17391304347827; 0,06985127
2890; 0,09375; 0,09375; 106,6086956521739; 0,070137314
2891; 0,09375; 0,09375; 106,8695652173913; 0,07030894
2892; 0,09375; 0,09375; 106,30434782608695; 0,069937095
2893; 0,09375; 0,09375; 107,73913043478261; 0,07088102
2894; 0,09375; 0,09375; 106,52173913043478; 0,0700801
2895; 0,09375; 0,09375; 109,19565217391305; 0,07183926
2896; 0,09375; 0,09375; 106,3913043478261; 0,069994286
2897; 0,09375; 0,09375; 106,80434782608695; 0,07026604
2898; 0,09375; 0,09375; 106,91304347826087; 0,07033754
2899; 0,09375; 0,09375; 107,34782608695652; 0,07062359
2900; 0,09375; 0,09375; 106,71739130434783; 0,070208825
2901; 0,09375; 0,09375; 106,41304347826087; 0,0700086
2902; 0,09375; 0,09375; 106,28260869565217; 0,06992278
2903; 0,09375; 0,09375; 105,3913043478261; 0,06933641
2904; 0,09375; 0,09375; 106,08695652173913; 0,069794066
2905; 0,09375; 0,09375; 105,76086956521739; 0,06957954
2906; 0,09375; 0,09375; 106,34782608695652; 0,0699657
2907; 0,09375; 0,09375; 107,32608695652173; 0,07060927
2908; 0,09375; 0,09375; 106,45652173913044; 0,0700372
2909; 0,09375; 0,09375; 107,02173913043478; 0,07040905
2910; 0,09375; 0,09375; 106,1086956521739; 0,06980837
2911; 0,09375; 0,09375; 106,08695652173913; 0,069794066
2912; 0,09375; 0,09375; 107,26086956521739; 0,07056637
2913; 0,09375; 0,09375; 107,02173913043478; 0,07040906
2914; 0,09375; 0,09375; 107,56521739130434; 0,07076659
2915; 0,09375; 0,09375; 106,82608695652173; 0,070280336
2916; 0,09375; 0,09375; 106,3695652173913; 0,06997999
2917; 0,09375; 0,09375; 108,15217391304348; 0,07115276
2918; 0,09375; 0,09375; 106,32608695652173; 0,06995139
2919; 0,09375; 0,09375; 107,3695652173913; 0,07063789
2920; 0,09375; 0,09375; 106,69565217391305; 0,07019453
2921; 0,09375; 0,09375; 105,93478260869566; 0,069693945
2922; 0,09375; 0,09375; 106,91304347826087; 0,070337534
2923; 0,09375; 0,09375; 106,97826086956522; 0,07038046
2924; 0,09375; 0,09375; 107,15217391304348; 0,07049485
2925; 0,09375; 0,09375; 106,15217391304348; 0,06983697
2926; 0,09375; 0,09375; 105,95652173913044; 0,06970826
2927; 0,09375; 0,09375; 107,08695652173913; 0,07045196
2928; 0,09375; 0,09375; 105,34782608695652; 0,06930779
2929; 0,09375; 0,09375; 105,76086956521739; 0,06957953
2930; 0,09375; 0,09375; 107,17391304347827; 0,070509166
2931; 0,09375; 0,09375; 107,3913043478261; 0,07065219
2932; 0,09375; 0,09375; 105,95652173913044; 0,06970825
2933; 0,09375; 0,09375; 105,43478260869566; 0,069365
2934; 0,09375; 0,09375; 108,84782608695652; 0,07161043
2935; 0,09375; 0,09375; 106,47826086956522; 0,0700515
2936; 0,09375; 0,09375; 106,93478260869566; 0,07035185
2937; 0,09375; 0,09375; 106,91304347826087; 0,07033754
2938; 0,09375; 0,09375; 106,54347826086956; 0,07009441
2939; 0,09375; 0,09375; 105,23913043478261; 0,06923628
2940; 0,09375; 0,09375; 106,73913043478261; 0,07022313
2941; 0,09375; 0,09375; 106,69565217391305; 0,07019453
2942; 0,09375; 0,09375; 106,41304347826087; 0,07000859
2943; 0,09375; 0,09375; 105,76086956521739; 0,06957953
2944; 0,09375; 0,09375; 106,54347826086956; 0,07009441
2945; 0,09375; 0,09375; 105,65217391304348; 0,06950803
2946; 0,09375; 0,09375; 106,34782608695652; 0,0699657
2947; 0,09375; 0,09375; 105,1304347826087; 0,06916477
2948; 0,09375; 0,09375; 107,3695652173913; 0,07063788
2949; 0,09375; 0,09375; 107,69565217391305; 0,07085242
2950; 0,09375; 0,09375; 106,3695652173913; 0,06997999
2951; 0,09375; 0,09375; 105,3695652173913; 0,0693221
2952; 0,09375; 0,09375; 107,1086956521739; 0,07046626
2953; 0,09375; 0,09375; 106,54347826086956; 0,070094414
2954; 0,09375; 0,09375; 106,1304347826087; 0,06982268
2955; 0,09375; 0,09375; 105,45652173913044; 0,06937931
2956; 0,09375; 0,09375; 106,3913043478261; 0,0699943
2957; 0,09375; 0,09375; 105,8913043478261; 0,06966534
2958; 0,09375; 0,09375; 106,6304347826087; 0,07015162
2959; 0,09375; 0,09375; 106,95652173913044; 0,070366144
2960; 0,09375; 0,09375; 107,45652173913044; 0,070695095
2961; 0,09375; 0,09375; 106,71739130434783; 0,07020883
2962; 0,09375; 0,09375; 106,06521739130434; 0,06977977
2963; 0,09375; 0,09375; 106,67391304347827; 0,07018022
2964; 0,09375; 0,09375; 106,76086956521739; 0,07023742
2965; 0,09375; 0,09375; 106,52173913043478; 0,07008011
2966; 0,09375; 0,09375; 106,78260869565217; 0,070251726
2967; 0,09375; 0,09375; 105,65217391304348; 0,06950803
2968; 0,09375; 0,09375; 106,19565217391305; 0,069865584
2969; 0,09375; 0,09375; 105,84782608695652; 0,06963674
2970; 0,09375; 0,09375; 105,71739130434783; 0,069550924
2971; 0,09375; 0,09375; 107,30434782608695; 0,070594974
2972; 0,09375; 0,09375; 106,32608695652173; 0,069951385
2973; 0,09375; 0,09375; 106,3695652173913; 0,06997999
2974; 0,09375; 0,09375; 105,58695652173913; 0,06946511
2975; 0,09375; 0,09375; 108,04347826086956; 0,07108126
2976; 0,09375; 0,09375; 108,15217391304348; 0,07115276
2977; 0,09375; 0,09375; 105,23913043478261; 0,06923628
2978; 0,09375; 0,09375; 106,1304347826087; 0,06982268
2979; 0,09375; 0,09375; 106,15217391304348; 0,06983697
2980; 0,09375; 0,09375; 106,08695652173913; 0,06979405
2981; 0,09375; 0,09375; 105,69565217391305; 0,06953661
2982; 0,09375; 0,09375; 105,71739130434783; 0,06955093
2983; 0,09375; 0,09375; 106,56521739130434; 0,07010871
2984; 0,09375; 0,09375; 106,80434782608695; 0,07026604
2985; 0,09375; 0,09375; 106,32608695652173; 0,06995139
2986; 0,09375; 0,09375; 106,04347826086956; 0,06976547
2987; 0,09375; 0,09375; 106,93478260869566; 0,07035184
2988; 0,09375; 0,09375; 106,0; 0,06973686
2989; 0,09375; 0,09375; 106,17391304347827; 0,06985127
2990; 0,09375; 0,09375; 106,3913043478261; 0,06999429
2991; 0,09375; 0,09375; 105,23913043478261; 0,069236286
2992; 0,09375; 0,09375; 105,6086956521739; 0,06947942
2993; 0,09375; 0,09375; 107,41304347826087; 0,07066649
2994; 0,09375; 0,09375; 105,80434782608695; 0,06960814
2995; 0,09375; 0,09375; 105,58695652173913; 0,069465116
2996; 0,09375; 0,09375; 105,93478260869566; 0,069693945
2997; 0,09375; 0,09375; 106,06521739130434; 0,06977975
2998; 0,09375; 0,09375; 106,5; 0,0700658
2999; 0,09375; 0,09375; 107,32608695652173; 0,07060927
3000; 0,09375; 0,09375; 107,15217391304348; 0,070494875
3001; 0,09375; 0,09375; 106,21739130434783; 0,06987989
3002; 0,09375; 0,09375; 106,5; 0,0700658
3003; 0,09375; 0,09375; 105,71739130434783; 0,06955093
3004; 0,09375; 0,09375; 107,76086956521739; 0,07089532
3005; 0,09375; 0,09375; 106,23913043478261; 0,06989419
3006; 0,09375; 0,09375; 106,6304347826087; 0,07015163
3007; 0,09375; 0,09375; 106,71739130434783; 0,070208825
3008; 0,09375; 0,09375; 107,02173913043478; 0,07040905
3009; 0,09375; 0,09375; 107,56521739130434; 0,0707666
3010; 0,09375; 0,09375; 107,08695652173913; 0,07045195
3011; 0,09375; 0,09375; 106,17391304347827; 0,06985127
3012; 0,09375; 0,09375; 106,02173913043478; 0,06975116
3013; 0,09375; 0,09375; 105,73913043478261; 0,06956523
3014; 0,09375; 0,09375; 106,84782608695652; 0,07029463
3015; 0,09375; 0,09375; 106,17391304347827; 0,06985127
3016; 0,09375; 0,09375; 107,26086956521739; 0,07056638
3017; 0,09375; 0,09375; 106,91304347826087; 0,07033754
3018; 0,09375; 0,09375; 105,3913043478261; 0,06933641
3019; 0,09375; 0,09375; 108,43478260869566; 0,07133869
3020; 0,09375; 0,09375; 108,15217391304348; 0,07115276
3021; 0,09375; 0,09375; 106,56521739130434; 0,07010872
3022; 0,09375; 0,09375; 105,93478260869566; 0,069693945
3023; 0,09375; 0,09375; 107,23913043478261; 0,07055207
3024; 0,09375; 0,09375; 106,52173913043478; 0,07008011
3025; 0,09375; 0,09375; 106,8913043478261; 0,070323244
3026; 0,09375; 0,09375; 106,95652173913044; 0,070366144
3027; 0,09375; 0,09375; 106,56521739130434; 0,07010871
3028; 0,09375; 0,09375; 106,65217391304348; 0,07016592
3029; 0,09375; 0,09375; 105,76086956521739; 0,06957953
3030; 0,09375; 0,09375; 106,47826086956522; 0,0700515
3031; 0,09375; 0,09375; 106,93478260869566; 0,07035185
3032; 0,09375; 0,09375; 106,80434782608695; 0,070266046
3033; 0,09375; 0,09375; 105,3695652173913; 0,069322094
3034; 0,09375; 0,09375; 106,32608695652173; 0,069951385
3035; 0,09375; 0,09375; 105,67391304347827; 0,06952232
3036; 0,09375; 0,09375; 106,41304347826087; 0,07000859
3037; 0,09375; 0,09375; 106,26086956521739; 0,06990849
3038; 0,09375; 0,09375; 106,15217391304348; 0,06983697
3039; 0,09375; 0,09375; 105,93478260869566; 0,069693945
3040; 0,09375; 0,09375; 106,82608695652173; 0,070280336
3041; 0,09375; 0,09375; 106,54347826086956; 0,07009441
3042; 0,09375; 0,09375; 106,8695652173913; 0,07030893
3043; 0,09375; 0,09375; 106,26086956521739; 0,06990849
3044; 0,09375; 0,09375; 105,34782608695652; 0,069307804
3045; 0,09375; 0,09375; 107,26086956521739; 0,07056637
3046; 0,09375; 0,09375; 109,34782608695652; 0,07193937
3047; 0,09375; 0,09375; 106,6086956521739; 0,070137314
3048; 0,09375; 0,09375; 106,02173913043478; 0,06975115
3049; 0,09375; 0,09375; 106,52173913043478; 0,0700801
3050; 0,09375; 0,09375; 105,19565217391305; 0,06920768
3051; 0,09375; 0,09375; 107,32608695652173; 0,07060929
3052; 0,09375; 0,09375; 106,54347826086956; 0,07009441
3053; 0,09375; 0,09375; 105,8913043478261; 0,06966535
3054; 0,09375; 0,09375; 107,21739130434783; 0,070537776
3055; 0,09375; 0,09375; 106,91304347826087; 0,07033754
3056; 0,09375; 0,09375; 106,30434782608695; 0,06993709
3057; 0,09375; 0,09375; 105,97826086956522; 0,069722556
3058; 0,09375; 0,09375; 106,8695652173913; 0,07030893
3059; 0,09375; 0,09375; 106,95652173913044; 0,070366144
3060; 0,09375; 0,09375; 106,06521739130434; 0,069779776
3061; 0,09375; 0,09375; 106,78260869565217; 0,07025174
3062; 0,09375; 0,09375; 107,3913043478261; 0,07065219
3063; 0,09375; 0,09375; 106,04347826086956; 0,06976547
3064; 0,09375; 0,09375; 106,65217391304348; 0,07016591
3065; 0,09375; 0,09375; 105,32608695652173; 0,06929349
3066; 0,09375; 0,09375; 106,6304347826087; 0,07015161
3067; 0,09375; 0,09375; 107,06521739130434; 0,070437655
3068; 0,09375; 0,09375; 106,95652173913044; 0,07036615
3069; 0,09375; 0,09375; 107,45652173913044; 0,07069509
3070; 0,09375; 0,09375; 106,82608695652173; 0,070280336
3071; 0,09375; 0,09375; 107,43478260869566; 0,07068079
3072; 0,09375; 0,09375; 106,26086956521739; 0,06990848
3073; 0,09375; 0,09375; 106,02173913043478; 0,06975116
3074; 0,09375; 0,09375; 106,67391304347827; 0,070180215
3075; 0,09375; 0,09375; 105,95652173913044; 0,06970825
3076; 0,09375; 0,09375; 106,04347826086956; 0,069765456
3077; 0,09375; 0,09375; 106,52173913043478; 0,0700801
3078; 0,09375; 0,09375; 106,23913043478261; 0,06989418
3079; 0,09375; 0,09375; 106,28260869565217; 0,06992278
3080; 0,09375; 0,09375; 106,93478260869566; 0,07035184
3081; 0,09375; 0,09375; 106,15217391304348; 0,06983697
3082; 0,09375; 0,09375; 104,3913043478261; 0,068678506
3083; 0,09375; 0,09375; 107,45652173913044; 0,07069509
3084; 0,09375; 0,09375; 106,5; 0,070065804
3085; 0,09375; 0,09375; 107,04347826086956; 0,07042337
3086; 0,09375; 0,09375; 106,54347826086956; 0,07009441
3087; 0,09375; 0,09375; 107,47826086956522; 0,0707094
3088; 0,09375; 0,09375; 105,84782608695652; 0,06963674
3089; 0,09375; 0,09375; 106,19565217391305; 0,06986558
3090; 0,09375; 0,09375; 105,95652173913044; 0,06970825
3091; 0,09375; 0,09375; 106,02173913043478; 0,069751166
3092; 0,09375; 0,09375; 107,0; 0,07039475
3093; 0,09375; 0,09375; 106,8695652173913; 0,070308946
3094; 0,09375; 0,09375; 106,43478260869566; 0,07002289
3095; 0,09375; 0,09375; 106,93478260869566; 0,07035185
3096; 0,09375; 0,09375; 106,5; 0,070065804
3097; 0,09375; 0,09375; 106,17391304347827; 0,06985127
3098; 0,09375; 0,09375; 107,08695652173913; 0,07045195
3099; 0,09375; 0,09375; 107,0; 0,070394754
3100; 0,09375; 0,09375; 106,43478260869566; 0,07002291
3101; 0,09375; 0,09375; 106,78260869565217; 0,070251726
3102; 0,09375; 0,09375; 106,43478260869566; 0,07002291
3103; 0,09375; 0,09375; 106,04347826086956; 0,069765456
3104; 0,09375; 0,09375; 106,30434782608695; 0,06993708
3105; 0,09375; 0,09375; 106,56521739130434; 0,07010871
3106; 0,09375; 0,09375; 108,34782608695652; 0,07128148
3107; 0,09375; 0,09375; 105,78260869565217; 0,06959383
3108; 0,09375; 0,09375; 106,69565217391305; 0,07019452
3109; 0,09375; 0,09375; 105,93478260869566; 0,069693945
3110; 0,09375; 0,09375; 104,67391304347827; 0,06886444
3111; 0,09375; 0,09375; 107,3913043478261; 0,07065217
3112; 0,09375; 0,09375; 105,30434782608695; 0,06927919
3113; 0,09375; 0,09375; 106,6086956521739; 0,07013732
3114; 0,09375; 0,09375; 106,6304347826087; 0,07015161
3115; 0,09375; 0,09375; 106,0; 0,06973685
3116; 0,09375; 0,09375; 107,41304347826087; 0,07066649
3117; 0,09375; 0,09375; 106,6086956521739; 0,070137314
3118; 0,09375; 0,09375; 106,54347826086956; 0,07009441
3119; 0,09375; 0,09375; 106,1304347826087; 0,06982266
3120; 0,09375; 0,09375; 105,08695652173913; 0,069136165
3121; 0,09375; 0,09375; 106,41304347826087; 0,0700086
3122; 0,09375; 0,09375; 106,04347826086956; 0,069765456
3123; 0,09375; 0,09375; 104,76086956521739; 0,06892164
3124; 0,09375; 0,09375; 105,6086956521739; 0,06947942
3125; 0,09375; 0,09375; 106,02173913043478; 0,06975116
3126; 0,09375; 0,09375; 106,17391304347827; 0,069851264
3127; 0,09375; 0,09375; 107,3913043478261; 0,07065217
3128; 0,09375; 0,09375; 107,1304347826087; 0,07048056
3129; 0,09375; 0,09375; 106,71739130434783; 0,070208825
3130; 0,09375; 0,09375; 106,32608695652173; 0,06995139
3131; 0,09375; 0,09375; 106,21739130434783; 0,06987989
3132; 0,09375; 0,09375; 106,69565217391305; 0,07019453
3133; 0,09375; 0,09375; 107,76086956521739; 0,07089533
3134; 0,09375; 0,09375; 106,1086956521739; 0,06980837
3135; 0,09375; 0,09375; 106,80434782608695; 0,07026603
3136; 0,09375; 0,09375; 106,30434782608695; 0,06993709
3137; 0,09375; 0,09375; 106,30434782608695; 0,06993709
3138; 0,09375; 0,09375; 106,43478260869566; 0,0700229
3139; 0,09375; 0,09375; 106,78260869565217; 0,07025173
3140; 0,09375; 0,09375; 108,93478260869566; 0,07166763
3141; 0,09375; 0,09375; 105,82608695652173; 0,069622435
3142; 0,09375; 0,09375; 106,32608695652173; 0,06995139
3143; 0,09375; 0,09375; 105,15217391304348; 0,06917907
3144; 0,09375; 0,09375; 106,6086956521739; 0,07013732
3145; 0,09375; 0,09375; 106,23913043478261; 0,06989419
3146; 0,09375; 0,09375; 106,65217391304348; 0,07016592
3147; 0,09375; 0,09375; 106,41304347826087; 0,07000859
3148; 0,09375; 0,09375; 106,67391304347827; 0,07018022
3149; 0,09375; 0,09375; 106,52173913043478; 0,0700801
3150; 0,09375; 0,09375; 105,95652173913044; 0,06970825
3151; 0,09375; 0,09375; 105,54347826086956; 0,069436505
3152; 0,09375; 0,09375; 106,32608695652173; 0,0699514
3153; 0,09375; 0,09375; 105,8695652173913; 0,06965104
3154; 0,09375; 0,09375; 106,54347826086956; 0,07009441
3155; 0,09375; 0,09375; 106,43478260869566; 0,0700229
3156; 0,09375; 0,09375; 106,32608695652173; 0,069951385
3157; 0,09375; 0,09375; 106,02173913043478; 0,06975116
3158; 0,09375; 0,09375; 106,1304347826087; 0,06982268
3159; 0,09375; 0,09375; 105,71739130434783; 0,06955093
3160; 0,09375; 0,09375; 105,43478260869566; 0,069365
3161; 0,09375; 0,09375; 106,80434782608695; 0,07026603
3162; 0,09375; 0,09375; 106,41304347826087; 0,0700086
3163; 0,09375; 0,09375; 106,73913043478261; 0,07022314
3164; 0,09375; 0,09375; 105,8913043478261; 0,06966535
3165; 0,09375; 0,09375; 105,3913043478261; 0,06933641
3166; 0,09375; 0,09375; 106,17391304347827; 0,06985127
3167; 0,09375; 0,09375; 106,97826086956522; 0,07038044
3168; 0,09375; 0,09375; 105,95652173913044; 0,06970825
3169; 0,09375; 0,09375; 106,08695652173913; 0,069794066
3170; 0,09375; 0,09375; 107,34782608695652; 0,07062358
3171; 0,09375; 0,09375; 106,17391304347827; 0,06985127
3172; 0,09375; 0,09375; 107,1086956521739; 0,070466265
3173; 0,09375; 0,09375; 106,21739130434783; 0,06987988
3174; 0,09375; 0,09375; 106,1086956521739; 0,06980837
3175; 0,09375; 0,09375; 106,91304347826087; 0,07033754
3176; 0,09375; 0,09375; 106,06521739130434; 0,06977976
3177; 0,09375; 0,09375; 106,54347826086956; 0,07009441
3178; 0,09375; 0,09375; 105,91304347826087; 0,06967965
3179; 0,09375; 0,09375; 105,71739130434783; 0,06955093
3180; 0,09375; 0,09375; 105,69565217391305; 0,06953663
3181; 0,09375; 0,09375; 105,8913043478261; 0,06966535
3182; 0,09375; 0,09375; 106,1304347826087; 0,06982268
3183; 0,09375; 0,09375; 107,69565217391305; 0,070852414
3184; 0,09375; 0,09375; 106,23913043478261; 0,06989418
3185; 0,09375; 0,09375; 106,34782608695652; 0,06996568
3186; 0,09375; 0,09375; 106,02173913043478; 0,069751166
3187; 0,09375; 0,09375; 106,30434782608695; 0,06993709
3188; 0,09375; 0,09375; 106,76086956521739; 0,07023742
3189; 0,09375; 0,09375; 106,41304347826087; 0,070008606
3190; 0,09375; 0,09375; 106,95652173913044; 0,07036615
3191; 0,09375; 0,09375; 106,69565217391305; 0,07019453
3192; 0,09375; 0,09375; 105,54347826086956; 0,069436505
3193; 0,09375; 0,09375; 105,95652173913044; 0,06970825
3194; 0,09375; 0,09375; 106,71739130434783; 0,07020882
3195; 0,09375; 0,09375; 105,45652173913044; 0,06937931
3196; 0,09375; 0,09375; 106,5; 0,0700658
3197; 0,09375; 0,09375; 106,30434782608695; 0,06993708
3198; 0,09375; 0,09375; 106,17391304347827; 0,069851264
3199; 0,09375; 0,09375; 106,3695652173913; 0,069979995
3200; 0,09375; 0,09375; 107,6086956521739; 0,07079521
3201; 0,09375; 0,09375; 106,43478260869566; 0,070022896
3202; 0,09375; 0,09375; 106,58695652173913; 0,07012301
3203; 0,09375; 0,09375; 106,34782608695652; 0,06996568
3204; 0,09375; 0,09375; 106,45652173913044; 0,070037186
3205; 0,09375; 0,09375; 106,67391304347827; 0,07018022
3206; 0,09375; 0,09375; 106,41304347826087; 0,0700086
3207; 0,09375; 0,09375; 106,04347826086956; 0,069765456
3208; 0,09375; 0,09375; 105,95652173913044; 0,06970824
3209; 0,09375; 0,09375; 106,19565217391305; 0,06986558
3210; 0,09375; 0,09375; 106,1304347826087; 0,06982267
3211; 0,09375; 0,09375; 105,17391304347827; 0,06919338
3212; 0,09375; 0,09375; 105,91304347826087; 0,06967966
3213; 0,09375; 0,09375; 106,80434782608695; 0,07026602
3214; 0,09375; 0,09375; 106,28260869565217; 0,06992279
3215; 0,09375; 0,09375; 106,54347826086956; 0,070094414
3216; 0,09375; 0,09375; 107,26086956521739; 0,07056637
3217; 0,09375; 0,09375; 106,41304347826087; 0,07000859
3218; 0,09375; 0,09375; 106,45652173913044; 0,0700372
3219; 0,09375; 0,09375; 106,41304347826087; 0,07000859
3220; 0,09375; 0,09375; 106,34782608695652; 0,06996568
3221; 0,09375; 0,09375; 106,93478260869566; 0,07035185
3222; 0,09375; 0,09375; 106,21739130434783; 0,069879875
3223; 0,09375; 0,09375; 106,6304347826087; 0,07015161
3224; 0,09375; 0,09375; 106,43478260869566; 0,070022896
3225; 0,09375; 0,09375; 106,65217391304348; 0,07016592
3226; 0,09375; 0,09375; 105,5; 0,06940791
3227; 0,09375; 0,09375; 106,54347826086956; 0,07009441
3228; 0,09375; 0,09375; 106,21739130434783; 0,06987988
3229; 0,09375; 0,09375; 107,17391304347827; 0,07050917
3230; 0,09375; 0,09375; 105,65217391304348; 0,06950802
3231; 0,09375; 0,09375; 106,58695652173913; 0,07012302
3232; 0,09375; 0,09375; 106,82608695652173; 0,070280336
3233; 0,09375; 0,09375; 106,45652173913044; 0,0700372
3234; 0,09375; 0,09375; 105,41304347826087; 0,06935071
3235; 0,09375; 0,09375; 105,41304347826087; 0,0693507
3236; 0,09375; 0,09375; 106,54347826086956; 0,07009441
3237; 0,09375; 0,09375; 107,67391304347827; 0,070838116
3238; 0,09375; 0,09375; 106,21739130434783; 0,06987988
3239; 0,09375; 0,09375; 105,67391304347827; 0,06952232
3240; 0,09375; 0,09375; 106,43478260869566; 0,07002289
3241; 0,09375; 0,09375; 104,8695652173913; 0,06899315
3242; 0,09375; 0,09375; 107,3913043478261; 0,07065219
3243; 0,09375; 0,09375; 106,65217391304348; 0,07016592
3244; 0,09375; 0,09375; 106,58695652173913; 0,07012301
3245; 0,09375; 0,09375; 105,06521739130434; 0,06912187
3246; 0,09375; 0,09375; 105,91304347826087; 0,06967964
3247; 0,09375; 0,09375; 106,71739130434783; 0,07020882
3248; 0,09375; 0,09375; 106,97826086956522; 0,07038046
3249; 0,09375; 0,09375; 106,28260869565217; 0,06992278
3250; 0,09375; 0,09375; 105,95652173913044; 0,06970825
3251; 0,09375; 0,09375; 106,47826086956522; 0,0700515
3252; 0,09375; 0,09375; 106,43478260869566; 0,070022896
3253; 0,09375; 0,09375; 106,17391304347827; 0,06985128
3254; 0,09375; 0,09375; 106,67391304347827; 0,0701802
3255; 0,09375; 0,09375; 107,3695652173913; 0,07063789
3256; 0,09375; 0,09375; 106,3695652173913; 0,06998
3257; 0,09375; 0,09375; 106,56521739130434; 0,07010871
3258; 0,09375; 0,09375; 106,28260869565217; 0,06992279
3259; 0,09375; 0,09375; 106,65217391304348; 0,07016592
3260; 0,09375; 0,09375; 106,17391304347827; 0,06985127
3261; 0,09375; 0,09375; 105,69565217391305; 0,06953662
3262; 0,09375; 0,09375; 106,71739130434783; 0,070208825
3263; 0,09375; 0,09375; 106,56521739130434; 0,07010871
3264; 0,09375; 0,09375; 106,52173913043478; 0,07008011
3265; 0,09375; 0,09375; 107,02173913043478; 0,07040905
3266; 0,09375; 0,09375; 106,54347826086956; 0,07009441
3267; 0,09375; 0,09375; 105,06521739130434; 0,06912186
3268; 0,09375; 0,09375; 106,23913043478261; 0,06989419
3269; 0,09375; 0,09375; 107,41304347826087; 0,07066649
3270; 0,09375; 0,09375; 106,02173913043478; 0,06975115
3271; 0,09375; 0,09375; 106,78260869565217; 0,070251726
3272; 0,09375; 0,09375; 106,23913043478261; 0,06989417
3273; 0,09375; 0,09375; 106,45652173913044; 0,0700372
3274; 0,09375; 0,09375; 105,26086956521739; 0,06925058
3275; 0,09375; 0,09375; 106,47826086956522; 0,070051506
3276; 0,09375; 0,09375; 106,78260869565217; 0,070251726
3277; 0,09375; 0,09375; 106,17391304347827; 0,06985128
3278; 0,09375; 0,09375; 106,45652173913044; 0,070037186
3279; 0,09375; 0,09375; 106,30434782608695; 0,06993709
3280; 0,09375; 0,09375; 107,17391304347827; 0,07050916
3281; 0,09375; 0,09375; 107,3913043478261; 0,07065219
3282; 0,09375; 0,09375; 106,76086956521739; 0,07023742
3283; 0,09375; 0,09375; 106,0; 0,06973686
3284; 0,09375; 0,09375; 106,65217391304348; 0,07016592
3285; 0,09375; 0,09375; 107,1304347826087; 0,07048058
3286; 0,09375; 0,09375; 104,71739130434783; 0,06889304
3287; 0,09375; 0,09375; 107,56521739130434; 0,070766605
3288; 0,09375; 0,09375; 106,30434782608695; 0,06993709
3289; 0,09375; 0,09375; 106,08695652173913; 0,069794066
3290; 0,09375; 0,09375; 106,1086956521739; 0,069808364
3291; 0,09375; 0,09375; 106,32608695652173; 0,069951385
3292; 0,09375; 0,09375; 105,80434782608695; 0,06960814
3293; 0,09375; 0,09375; 106,23913043478261; 0,06989417
3294; 0,09375; 0,09375; 106,78260869565217; 0,070251726
3295; 0,09375; 0,09375; 106,6304347826087; 0,07015161
3296; 0,09375; 0,09375; 106,06521739130434; 0,06977976
3297; 0,09375; 0,09375; 105,82608695652173; 0,06962244
3298; 0,09375; 0,09375; 105,84782608695652; 0,06963675
3299; 0,09375; 0,09375; 106,84782608695652; 0,070294626
3300; 0,09375; 0,09375; 105,8913043478261; 0,069665335
3301; 0,09375; 0,09375; 106,08695652173913; 0,06979407
3302; 0,09375; 0,09375; 105,65217391304348; 0,06950802
3303; 0,09375; 0,09375; 106,3913043478261; 0,06999429
3304; 0,09375; 0,09375; 106,3695652173913; 0,06997998
3305; 0,09375; 0,09375; 106,3695652173913; 0,06997998
3306; 0,09375; 0,09375; 106,5; 0,0700658
3307; 0,09375; 0,09375; 106,41304347826087; 0,07000859
3308; 0,09375; 0,09375; 106,52173913043478; 0,0700801
3309; 0,09375; 0,09375; 106,91304347826087; 0,07033754
3310; 0,09375; 0,09375; 105,78260869565217; 0,069593824
3311; 0,09375; 0,09375; 107,47826086956522; 0,07070939
3312; 0,09375; 0,09375; 105,76086956521739; 0,06957954
3313; 0,09375; 0,09375; 106,73913043478261; 0,07022312
3314; 0,09375; 0,09375; 107,30434782608695; 0,070594974
3315; 0,09375; 0,09375; 106,26086956521739; 0,06990848
3316; 0,09375; 0,09375; 105,65217391304348; 0,06950802
3317; 0,09375; 0,09375; 107,41304347826087; 0,07066649
3318; 0,09375; 0,09375; 106,71739130434783; 0,07020883
3319; 0,09375; 0,09375; 106,30434782608695; 0,06993709
3320; 0,09375; 0,09375; 106,56521739130434; 0,07010872
3321; 0,09375; 0,09375; 106,47826086956522; 0,07005149
3322; 0,09375; 0,09375; 106,71739130434783; 0,070208825
3323; 0,09375; 0,09375; 107,04347826086956; 0,07042336
3324; 0,09375; 0,09375; 106,56521739130434; 0,07010871
3325; 0,09375; 0,09375; 106,1304347826087; 0,06982266
3326; 0,09375; 0,09375; 106,78260869565217; 0,07025173
3327; 0,09375; 0,09375; 105,80434782608695; 0,06960814
3328; 0,09375; 0,09375; 107,34782608695652; 0,070623584
3329; 0,09375; 0,09375; 106,78260869565217; 0,070251726
3330; 0,09375; 0,09375; 106,43478260869566; 0,070022896
3331; 0,09375; 0,09375; 105,80434782608695; 0,06960814
3332; 0,09375; 0,09375; 107,04347826086956; 0,070423365
3333; 0,09375; 0,09375; 106,1086956521739; 0,069808364
3334; 0,09375; 0,09375; 106,0; 0,06973686
3335; 0,09375; 0,09375; 106,56521739130434; 0,07010871
3336; 0,09375; 0,09375; 106,76086956521739; 0,07023742
3337; 0,09375; 0,09375; 106,1304347826087; 0,06982266
3338; 0,09375; 0,09375; 107,71739130434783; 0,07086671
3339; 0,09375; 0,09375; 106,84782608695652; 0,07029464
3340; 0,09375; 0,09375; 106,69565217391305; 0,07019453
3341; 0,09375; 0,09375; 106,78260869565217; 0,07025173
3342; 0,09375; 0,09375; 106,8695652173913; 0,070308946
3343; 0,09375; 0,09375; 106,71739130434783; 0,07020882
3344; 0,09375; 0,09375; 106,69565217391305; 0,07019452
3345; 0,09375; 0,09375; 106,34782608695652; 0,06996569
3346; 0,09375; 0,09375; 106,17391304347827; 0,06985128
3347; 0,09375; 0,09375; 107,45652173913044; 0,07069509
3348; 0,09375; 0,09375; 106,6086956521739; 0,07013731
3349; 0,09375; 0,09375; 107,0; 0,07039476
3350; 0,09375; 0,09375; 106,02173913043478; 0,06975115
3351; 0,09375; 0,09375; 106,80434782608695; 0,07026604
3352; 0,09375; 0,09375; 106,73913043478261; 0,07022314
3353; 0,09375; 0,09375; 106,8695652173913; 0,07030893
3354; 0,09375; 0,09375; 108,02173913043478; 0,071066946
3355; 0,09375; 0,09375; 106,82608695652173; 0,070280336
3356; 0,09375; 0,09375; 106,95652173913044; 0,070366144
3357; 0,09375; 0,09375; 106,32608695652173; 0,06995139
3358; 0,09375; 0,09375; 106,3695652173913; 0,069979995
3359; 0,09375; 0,09375; 106,43478260869566; 0,070022896
3360; 0,09375; 0,09375; 106,41304347826087; 0,0700086
3361; 0,09375; 0,09375; 106,65217391304348; 0,070165925
3362; 0,09375; 0,09375; 105,84782608695652; 0,06963674
3363; 0,09375; 0,09375; 106,34782608695652; 0,0699657
3364; 0,09375; 0,09375; 106,0; 0,06973685
3365; 0,09375; 0,09375; 106,41304347826087; 0,07000859
3366; 0,09375; 0,09375; 104,43478260869566; 0,06870711
3367; 0,09375; 0,09375; 106,17391304347827; 0,069851264
3368; 0,09375; 0,09375; 106,30434782608695; 0,06993709
3369; 0,09375; 0,09375; 106,43478260869566; 0,07002289
3370; 0,09375; 0,09375; 106,69565217391305; 0,07019453
3371; 0,09375; 0,09375; 106,06521739130434; 0,06977975
3372; 0,09375; 0,09375; 106,52173913043478; 0,07008012
3373; 0,09375; 0,09375; 106,8913043478261; 0,07032325
3374; 0,09375; 0,09375; 104,30434782608695; 0,068621285
3375; 0,09375; 0,09375; 106,6086956521739; 0,07013731
3376; 0,09375; 0,09375; 106,69565217391305; 0,07019453
3377; 0,09375; 0,09375; 106,73913043478261; 0,07022313
3378; 0,09375; 0,09375; 108,0; 0,07105263
3379; 0,09375; 0,09375; 106,97826086956522; 0,07038044
3380; 0,09375; 0,09375; 105,34782608695652; 0,0693078
3381; 0,09375; 0,09375; 107,45652173913044; 0,0706951
3382; 0,09375; 0,09375; 106,65217391304348; 0,07016592
3383; 0,09375; 0,09375; 107,1304347826087; 0,07048056
3384; 0,09375; 0,09375; 106,28260869565217; 0,06992278
3385; 0,09375; 0,09375; 107,32608695652173; 0,07060929
3386; 0,09375; 0,09375; 106,82608695652173; 0,070280336
3387; 0,09375; 0,09375; 109,30434782608695; 0,07191077
3388; 0,09375; 0,09375; 106,69565217391305; 0,07019453
3389; 0,09375; 0,09375; 106,26086956521739; 0,06990848
3390; 0,09375; 0,09375; 107,04347826086956; 0,07042336
3391; 0,09375; 0,09375; 106,76086956521739; 0,07023742
3392; 0,09375; 0,09375; 105,8695652173913; 0,069651045
3393; 0,09375; 0,09375; 106,8913043478261; 0,07032324
3394; 0,09375; 0,09375; 106,08695652173913; 0,069794066
3395; 0,09375; 0,09375; 106,71739130434783; 0,070208825
3396; 0,09375; 0,09375; 105,30434782608695; 0,06927919
3397; 0,09375; 0,09375; 106,78260869565217; 0,07025173
3398; 0,09375; 0,09375; 105,8695652173913; 0,069651045
3399; 0,09375; 0,09375; 105,54347826086956; 0,06943652
3400; 0,09375; 0,09375; 106,21739130434783; 0,069879875
3401; 0,09375; 0,09375; 106,8913043478261; 0,070323244
3402; 0,09375; 0,09375; 105,56521739130434; 0,06945082
3403; 0,09375; 0,09375; 106,54347826086956; 0,0700944
3404; 0,09375; 0,09375; 105,78260869565217; 0,06959385
3405; 0,09375; 0,09375; 106,30434782608695; 0,06993709
3406; 0,09375; 0,09375; 106,32608695652173; 0,069951385
3407; 0,09375; 0,09375; 105,97826086956522; 0,069722556
3408; 0,09375; 0,09375; 106,26086956521739; 0,06990849
3409; 0,09375; 0,09375; 105,58695652173913; 0,0694651
3410; 0,09375; 0,09375; 106,65217391304348; 0,070165925
3411; 0,09375; 0,09375; 107,52173913043478; 0,070738
3412; 0,09375; 0,09375; 106,69565217391305; 0,07019451
3413; 0,09375; 0,09375; 106,41304347826087; 0,070008606
3414; 0,09375; 0,09375; 105,97826086956522; 0,069722556
3415; 0,09375; 0,09375; 106,15217391304348; 0,06983697
3416; 0,09375; 0,09375; 106,3695652173913; 0,069979995
3417; 0,09375; 0,09375; 106,97826086956522; 0,07038044
3418; 0,09375; 0,09375; 106,26086956521739; 0,06990848
3419; 0,09375; 0,09375; 107,02173913043478; 0,07040905
3420; 0,09375; 0,09375; 106,84782608695652; 0,07029464
3421; 0,09375; 0,09375; 106,52173913043478; 0,0700801
3422; 0,09375; 0,09375; 105,84782608695652; 0,06963675
3423; 0,09375; 0,09375; 107,3913043478261; 0,07065219
3424; 0,09375; 0,09375; 107,32608695652173; 0,07060929
3425; 0,09375; 0,09375; 106,73913043478261; 0,07022314
3426; 0,09375; 0,09375; 106,54347826086956; 0,0700944
3427; 0,09375; 0,09375; 107,23913043478261; 0,070552066
3428; 0,09375; 0,09375; 106,78260869565217; 0,070251726
3429; 0,09375; 0,09375; 106,43478260869566; 0,0700229
3430; 0,09375; 0,09375; 104,95652173913044; 0,06905036
3431; 0,09375; 0,09375; 106,67391304347827; 0,070180215
3432; 0,09375; 0,09375; 106,06521739130434; 0,06977976
3433; 0,09375; 0,09375; 106,43478260869566; 0,070022896
3434; 0,09375; 0,09375; 105,82608695652173; 0,069622435
3435; 0,09375; 0,09375; 106,56521739130434; 0,07010872
3436; 0,09375; 0,09375; 106,73913043478261; 0,07022312
3437; 0,09375; 0,09375; 106,1304347826087; 0,06982267
3438; 0,09375; 0,09375; 107,17391304347827; 0,07050917
3439; 0,09375; 0,09375; 105,82608695652173; 0,06962244
3440; 0,09375; 0,09375; 106,1086956521739; 0,069808364
3441; 0,09375; 0,09375; 106,19565217391305; 0,06986557
3442; 0,09375; 0,09375; 106,54347826086956; 0,07009441
3443; 0,09375; 0,09375; 107,65217391304348; 0,07082381
3444; 0,09375; 0,09375; 106,76086956521739; 0,07023742
3445; 0,09375; 0,09375; 106,82608695652173; 0,070280336
3446; 0,09375; 0,09375; 106,15217391304348; 0,069836974
3447; 0,09375; 0,09375; 107,19565217391305; 0,07052348
3448; 0,09375; 0,09375; 107,23913043478261; 0,070552066
3449; 0,09375; 0,09375; 107,04347826086956; 0,07042336
3450; 0,09375; 0,09375; 105,73913043478261; 0,06956524
3451; 0,09375; 0,09375; 106,15217391304348; 0,069836974
3452; 0,09375; 0,09375; 106,65217391304348; 0,07016592
3453; 0,09375; 0,09375; 105,71739130434783; 0,06955094
3454; 0,09375; 0,09375; 105,71739130434783; 0,06955093
3455; 0,09375; 0,09375; 106,45652173913044; 0,07003719
3456; 0,09375; 0,09375; 106,28260869565217; 0,06992279
3457; 0,09375; 0,09375; 106,26086956521739; 0,069908485
3458; 0,09375; 0,09375; 105,91304347826087; 0,06967964
3459; 0,09375; 0,09375; 106,58695652173913; 0,07012301
3460; 0,09375; 0,09375; 106,56521739130434; 0,07010871
3461; 0,09375; 0,09375; 106,28260869565217; 0,0699228
3462; 0,09375; 0,09375; 106,71739130434783; 0,07020883
3463; 0,09375; 0,09375; 106,71739130434783; 0,070208825
3464; 0,09375; 0,09375; 106,65217391304348; 0,07016592
3465; 0,09375; 0,09375; 107,3695652173913; 0,07063788
3466; 0,09375; 0,09375; 105,91304347826087; 0,069679655
3467; 0,09375; 0,09375; 106,1304347826087; 0,06982267
3468; 0,09375; 0,09375; 105,0; 0,06907897
3469; 0,09375; 0,09375; 105,95652173913044; 0,06970824
3470; 0,09375; 0,09375; 106,45652173913044; 0,0700372
3471; 0,09375; 0,09375; 107,43478260869566; 0,07068079
3472; 0,09375; 0,09375; 105,91304347826087; 0,06967964
3473; 0,09375; 0,09375; 106,6086956521739; 0,07013732
3474; 0,09375; 0,09375; 106,45652173913044; 0,0700372
3475; 0,09375; 0,09375; 106,45652173913044; 0,0700372
3476; 0,09375; 0,09375; 106,73913043478261; 0,07022313
3477; 0,09375; 0,09375; 106,97826086956522; 0,07038044
3478; 0,09375; 0,09375; 106,67391304347827; 0,07018022
3479; 0,09375; 0,09375; 105,93478260869566; 0,06969394
3480; 0,09375; 0,09375; 106,54347826086956; 0,070094414
3481; 0,09375; 0,09375; 105,23913043478261; 0,06923628
3482; 0,09375; 0,09375; 107,6086956521739; 0,0707952
3483; 0,09375; 0,09375; 105,3695652173913; 0,0693221
3484; 0,09375; 0,09375; 106,80434782608695; 0,07026603
3485; 0,09375; 0,09375; 107,0; 0,07039475
3486; 0,09375; 0,09375; 106,28260869565217; 0,06992279
3487; 0,09375; 0,09375; 106,26086956521739; 0,06990848
3488; 0,09375; 0,09375; 106,15217391304348; 0,069836974
3489; 0,09375; 0,09375; 106,93478260869566; 0,07035184
3490; 0,09375; 0,09375; 105,73913043478261; 0,06956523
3491; 0,09375; 0,09375; 106,1304347826087; 0,06982266
3492; 0,09375; 0,09375; 105,71739130434783; 0,06955092
3493; 0,09375; 0,09375; 105,97826086956522; 0,06972255
3494; 0,09375; 0,09375; 104,95652173913044; 0,069050364
3495; 0,09375; 0,09375; 106,21739130434783; 0,06987989
3496; 0,09375; 0,09375; 106,17391304347827; 0,06985127
3497; 0,09375; 0,09375; 106,8913043478261; 0,07032324
3498; 0,09375; 0,09375; 106,69565217391305; 0,07019453
3499; 0,09375; 0,09375; 106,6086956521739; 0,07013731
3500; 0,09375; 0,09375; 107,04347826086956; 0,07042335
3501; 0,09375; 0,09375; 106,52173913043478; 0,0700801
3502; 0,09375; 0,09375; 107,08695652173913; 0,07045195
3503; 0,09375; 0,09375; 106,6304347826087; 0,07015162
3504; 0,09375; 0,09375; 106,43478260869566; 0,070022896
3505; 0,09375; 0,09375; 106,5; 0,07006581
3506; 0,09375; 0,09375; 105,67391304347827; 0,06952233
3507; 0,09375; 0,09375; 105,78260869565217; 0,06959383
3508; 0,09375; 0,09375; 107,34782608695652; 0,07062359
3509; 0,09375; 0,09375; 106,43478260869566; 0,070022896
3510; 0,09375; 0,09375; 106,71739130434783; 0,07020883
3511; 0,09375; 0,09375; 105,47826086956522; 0,06939361
3512; 0,09375; 0,09375; 106,17391304347827; 0,06985127
3513; 0,09375; 0,09375; 106,19565217391305; 0,069865584
3514; 0,09375; 0,09375; 106,82608695652173; 0,070280336
3515; 0,09375; 0,09375; 106,84782608695652; 0,07029463
3516; 0,09375; 0,09375; 107,21739130434783; 0,07053777
3517; 0,09375; 0,09375; 107,6304347826087; 0,07080951
3518; 0,09375; 0,09375; 106,1304347826087; 0,06982266
3519; 0,09375; 0,09375; 105,93478260869566; 0,06969395
3520; 0,09375; 0,09375; 106,67391304347827; 0,07018022
3521; 0,09375; 0,09375; 106,82608695652173; 0,070280336
3522; 0,09375; 0,09375; 105,82608695652173; 0,06962244
3523; 0,09375; 0,09375; 106,45652173913044; 0,0700372
3524; 0,09375; 0,09375; 106,8695652173913; 0,07030893
3525; 0,09375; 0,09375; 105,95652173913044; 0,06970825
3526; 0,09375; 0,09375; 106,52173913043478; 0,0700801
3527; 0,09375; 0,09375; 106,6304347826087; 0,07015162
3528; 0,09375; 0,09375; 106,30434782608695; 0,06993709
3529; 0,09375; 0,09375; 106,3913043478261; 0,06999431
3530; 0,09375; 0,09375; 107,30434782608695; 0,07059499
3531; 0,09375; 0,09375; 106,71739130434783; 0,070208825
3532; 0,09375; 0,09375; 106,69565217391305; 0,07019453
3533; 0,09375; 0,09375; 106,52173913043478; 0,0700801
3534; 0,09375; 0,09375; 105,71739130434783; 0,06955093
3535; 0,09375; 0,09375; 106,3695652173913; 0,06997999
3536; 0,09375; 0,09375; 106,0; 0,06973687
3537; 0,09375; 0,09375; 107,04347826086956; 0,07042335
3538; 0,09375; 0,09375; 107,71739130434783; 0,07086672
3539; 0,09375; 0,09375; 107,84782608695652; 0,070952535
3540; 0,09375; 0,09375; 106,5; 0,070065804
3541; 0,09375; 0,09375; 106,30434782608695; 0,069937095
3542; 0,09375; 0,09375; 107,1086956521739; 0,070466265
3543; 0,09375; 0,09375; 106,78260869565217; 0,07025174
3544; 0,09375; 0,09375; 105,71739130434783; 0,06955093
3545; 0,09375; 0,09375; 106,41304347826087; 0,0700086
3546; 0,09375; 0,09375; 106,15217391304348; 0,069836974
3547; 0,09375; 0,09375; 106,34782608695652; 0,0699657
3548; 0,09375; 0,09375; 107,1086956521739; 0,07046626
3549; 0,09375; 0,09375; 106,06521739130434; 0,06977976
3550; 0,09375; 0,09375; 105,47826086956522; 0,069393605
3551; 0,09375; 0,09375; 104,93478260869566; 0,06903605
3552; 0,09375; 0,09375; 105,95652173913044; 0,06970825
3553; 0,09375; 0,09375; 106,04347826086956; 0,069765456
3554; 0,09375; 0,09375; 107,1304347826087; 0,07048056
3555; 0,09375; 0,09375; 106,84782608695652; 0,07029464
3556; 0,09375; 0,09375; 106,5; 0,070065804
3557; 0,09375; 0,09375; 105,84782608695652; 0,06963674
3558; 0,09375; 0,09375; 106,41304347826087; 0,07000859
3559; 0,09375; 0,09375; 107,1086956521739; 0,070466265
3560; 0,09375; 0,09375; 107,06521739130434; 0,07043765
3561; 0,09375; 0,09375; 106,6304347826087; 0,07015161
3562; 0,09375; 0,09375; 106,02173913043478; 0,06975116
3563; 0,09375; 0,09375; 105,6086956521739; 0,06947941
3564; 0,09375; 0,09375; 106,32608695652173; 0,06995139
3565; 0,09375; 0,09375; 107,0; 0,070394754
3566; 0,09375; 0,09375; 106,71739130434783; 0,07020883
3567; 0,09375; 0,09375; 107,34782608695652; 0,07062358
3568; 0,09375; 0,09375; 106,45652173913044; 0,0700372
3569; 0,09375; 0,09375; 106,26086956521739; 0,06990848
3570; 0,09375; 0,09375; 106,73913043478261; 0,07022313
3571; 0,09375; 0,09375; 106,58695652173913; 0,07012302
3572; 0,09375; 0,09375; 105,8913043478261; 0,06966535
3573; 0,09375; 0,09375; 105,95652173913044; 0,06970825
3574; 0,09375; 0,09375; 105,82608695652173; 0,06962244
3575; 0,09375; 0,09375; 107,30434782608695; 0,07059497
3576; 0,09375; 0,09375; 106,67391304347827; 0,07018022
3577; 0,09375; 0,09375; 106,8695652173913; 0,07030893
3578; 0,09375; 0,09375; 107,02173913043478; 0,07040905
3579; 0,09375; 0,09375; 106,76086956521739; 0,07023743
3580; 0,09375; 0,09375; 106,80434782608695; 0,07026604
3581; 0,09375; 0,09375; 107,6304347826087; 0,070809506
3582; 0,09375; 0,09375; 107,08695652173913; 0,07045195
3583; 0,09375; 0,09375; 107,23913043478261; 0,07055207
3584; 0,09375; 0,09375; 107,08695652173913; 0,07045197
3585; 0,09375; 0,09375; 106,52173913043478; 0,0700801
3586; 0,09375; 0,09375; 107,21739130434783; 0,07053777
3587; 0,09375; 0,09375; 107,02173913043478; 0,07040905
3588; 0,09375; 0,09375; 106,28260869565217; 0,069922775
3589; 0,09375; 0,09375; 106,58695652173913; 0,07012302
3590; 0,09375; 0,09375; 106,52173913043478; 0,07008012
3591; 0,09375; 0,09375; 105,80434782608695; 0,06960814
3592; 0,09375; 0,09375; 106,26086956521739; 0,069908485
3593; 0,09375; 0,09375; 106,19565217391305; 0,069865584
3594; 0,09375; 0,09375; 106,3695652173913; 0,069979995
3595; 0,09375; 0,09375; 107,02173913043478; 0,07040906
3596; 0,09375; 0,09375; 105,8913043478261; 0,06966534
3597; 0,09375; 0,09375; 105,8913043478261; 0,06966535
3598; 0,09375; 0,09375; 106,47826086956522; 0,0700515
3599; 0,09375; 0,09375; 106,71739130434783; 0,07020883
3600; 0,09375; 0,09375; 106,26086956521739; 0,069908485
3601; 0,09375; 0,09375; 106,19565217391305; 0,06986558
3602; 0,09375; 0,09375; 106,76086956521739; 0,07023743
3603; 0,09375; 0,09375; 105,97826086956522; 0,069722556
3604; 0,09375; 0,09375; 106,1086956521739; 0,069808364
3605; 0,09375; 0,09375; 105,8695652173913; 0,069651045
3606; 0,09375; 0,09375; 105,8695652173913; 0,06965105
3607; 0,09375; 0,09375; 106,3695652173913; 0,06997998
3608; 0,09375; 0,09375; 105,82608695652173; 0,06962244
3609; 0,09375; 0,09375; 104,43478260869566; 0,06870711
3610; 0,09375; 0,09375; 106,6304347826087; 0,07015161
3611; 0,09375; 0,09375; 106,82608695652173; 0,07028033
3612; 0,09375; 0,09375; 106,69565217391305; 0,07019452
3613; 0,09375; 0,09375; 107,28260869565217; 0,07058068
3614; 0,09375; 0,09375; 105,6086956521739; 0,06947943
3615; 0,09375; 0,09375; 104,73913043478261; 0,068907335
3616; 0,09375; 0,09375; 106,82608695652173; 0,07028033
3617; 0,09375; 0,09375; 106,8695652173913; 0,07030894
3618; 0,09375; 0,09375; 106,93478260869566; 0,070351854
3619; 0,09375; 0,09375; 106,84782608695652; 0,07029464
3620; 0,09375; 0,09375; 107,3695652173913; 0,07063788
3621; 0,09375; 0,09375; 105,78260869565217; 0,06959383
3622; 0,09375; 0,09375; 106,23913043478261; 0,06989417
3623; 0,09375; 0,09375; 107,04347826086956; 0,07042336
3624; 0,09375; 0,09375; 106,1086956521739; 0,06980837
3625; 0,09375; 0,09375; 106,56521739130434; 0,070108704
3626; 0,09375; 0,09375; 107,23913043478261; 0,070552066
3627; 0,09375; 0,09375; 106,93478260869566; 0,07035184
3628; 0,09375; 0,09375; 105,91304347826087; 0,069679655
3629; 0,09375; 0,09375; 105,71739130434783; 0,06955094
3630; 0,09375; 0,09375; 105,6304347826087; 0,069493726
3631; 0,09375; 0,09375; 105,52173913043478; 0,069422215
3632; 0,09375; 0,09375; 106,65217391304348; 0,07016592
3633; 0,09375; 0,09375; 106,17391304347827; 0,06985127
3634; 0,09375; 0,09375; 106,32608695652173; 0,069951385
3635; 0,09375; 0,09375; 106,95652173913044; 0,07036615
3636; 0,09375; 0,09375; 106,43478260869566; 0,070022896
3637; 0,09375; 0,09375; 105,78260869565217; 0,06959384
3638; 0,09375; 0,09375; 106,21739130434783; 0,069879875
3639; 0,09375; 0,09375; 105,21739130434783; 0,06922198
3640; 0,09375; 0,09375; 107,19565217391305; 0,07052348
3641; 0,09375; 0,09375; 106,97826086956522; 0,07038044
3642; 0,09375; 0,09375; 106,21739130434783; 0,06987988
3643; 0,09375; 0,09375; 106,5; 0,070065804
3644; 0,09375; 0,09375; 105,28260869565217; 0,069264896
3645; 0,09375; 0,09375; 107,32608695652173; 0,07060928
3646; 0,09375; 0,09375; 106,6086956521739; 0,070137314
3647; 0,09375; 0,09375; 107,3913043478261; 0,07065219
3648; 0,09375; 0,09375; 107,04347826086956; 0,07042336
3649; 0,09375; 0,09375; 106,43478260869566; 0,070022896
3650; 0,09375; 0,09375; 107,82608695652173; 0,07093822
3651; 0,09375; 0,09375; 106,80434782608695; 0,07026603
3652; 0,09375; 0,09375; 106,65217391304348; 0,07016592
3653; 0,09375; 0,09375; 106,32608695652173; 0,069951385
3654; 0,09375; 0,09375; 107,26086956521739; 0,07056638
3655; 0,09375; 0,09375; 105,6304347826087; 0,06949372
3656; 0,09375; 0,09375; 106,1086956521739; 0,06980837
3657; 0,09375; 0,09375; 106,32608695652173; 0,069951385
3658; 0,09375; 0,09375; 104,6304347826087; 0,06883583
3659; 0,09375; 0,09375; 106,3695652173913; 0,06997999
3660; 0,09375; 0,09375; 108,5; 0,07138159
3661; 0,09375; 0,09375; 105,65217391304348; 0,06950802
3662; 0,09375; 0,09375; 106,28260869565217; 0,069922775
3663; 0,09375; 0,09375; 105,45652173913044; 0,06937931
3664; 0,09375; 0,09375; 106,95652173913044; 0,07036614
3665; 0,09375; 0,09375; 106,71739130434783; 0,070208825
3666; 0,09375; 0,09375; 105,69565217391305; 0,069536634
3667; 0,09375; 0,09375; 106,80434782608695; 0,07026603
3668; 0,09375; 0,09375; 106,3695652173913; 0,06997999
3669; 0,09375; 0,09375; 105,5; 0,06940792
3670; 0,09375; 0,09375; 105,45652173913044; 0,06937931
3671; 0,09375; 0,09375; 106,47826086956522; 0,070051506
3672; 0,09375; 0,09375; 106,41304347826087; 0,07000859
3673; 0,09375; 0,09375; 106,97826086956522; 0,07038046
3674; 0,09375; 0,09375; 107,3913043478261; 0,07065219
3675; 0,09375; 0,09375; 107,17391304347827; 0,07050917
3676; 0,09375; 0,09375; 106,1304347826087; 0,06982268
3677; 0,09375; 0,09375; 106,84782608695652; 0,070294626
3678; 0,09375; 0,09375; 105,6304347826087; 0,06949372
3679; 0,09375; 0,09375; 106,21739130434783; 0,069879875
3680; 0,09375; 0,09375; 106,3913043478261; 0,0699943
3681; 0,09375; 0,09375; 106,04347826086956; 0,069765456
3682; 0,09375; 0,09375; 106,17391304347827; 0,06985127
3683; 0,09375; 0,09375; 106,3913043478261; 0,069994286
3684; 0,09375; 0,09375; 106,28260869565217; 0,06992279
3685; 0,09375; 0,09375; 106,58695652173913; 0,07012302
3686; 0,09375; 0,09375; 105,69565217391305; 0,06953663
3687; 0,09375; 0,09375; 106,02173913043478; 0,06975116
3688; 0,09375; 0,09375; 107,34782608695652; 0,07062358
3689; 0,09375; 0,09375; 106,95652173913044; 0,07036615
3690; 0,09375; 0,09375; 107,43478260869566; 0,07068079
3691; 0,09375; 0,09375; 106,04347826086956; 0,069765456
3692; 0,09375; 0,09375; 106,06521739130434; 0,06977976
3693; 0,09375; 0,09375; 106,1086956521739; 0,069808364
3694; 0,09375; 0,09375; 108,15217391304348; 0,07115276
3695; 0,09375; 0,09375; 106,97826086956522; 0,07038044
3696; 0,09375; 0,09375; 106,84782608695652; 0,070294626
3697; 0,09375; 0,09375; 106,6086956521739; 0,07013731
3698; 0,09375; 0,09375; 106,30434782608695; 0,0699371
3699; 0,09375; 0,09375; 106,26086956521739; 0,06990848
3700; 0,09375; 0,09375; 105,15217391304348; 0,06917908
3701; 0,09375; 0,09375; 105,06521739130434; 0,06912186
3702; 0,09375; 0,09375; 107,45652173913044; 0,07069509
3703; 0,09375; 0,09375; 108,45652173913044; 0,07135298
3704; 0,09375; 0,09375; 107,43478260869566; 0,07068078
3705; 0,09375; 0,09375; 106,17391304347827; 0,06985128
3706; 0,09375; 0,09375; 106,84782608695652; 0,07029464
3707; 0,09375; 0,09375; 106,47826086956522; 0,07005149
3708; 0,09375; 0,09375; 106,41304347826087; 0,0700086
3709; 0,09375; 0,09375; 105,30434782608695; 0,0692792
3710; 0,09375; 0,09375; 106,41304347826087; 0,07000859
3711; 0,09375; 0,09375; 106,3695652173913; 0,06997999
3712; 0,09375; 0,09375; 106,21739130434783; 0,069879875
3713; 0,09375; 0,09375; 106,3695652173913; 0,06997998
3714; 0,09375; 0,09375; 106,43478260869566; 0,070022896
3715; 0,09375; 0,09375; 107,19565217391305; 0,07052347
3716; 0,09375; 0,09375; 107,26086956521739; 0,07056638
3717; 0,09375; 0,09375; 106,80434782608695; 0,07026604
3718; 0,09375; 0,09375; 106,08695652173913; 0,06979406
3719; 0,09375; 0,09375; 106,1304347826087; 0,06982266
3720; 0,09375; 0,09375; 106,80434782608695; 0,07026603
3721; 0,09375; 0,09375; 107,08695652173913; 0,07045197
3722; 0,09375; 0,09375; 107,1086956521739; 0,07046626
3723; 0,09375; 0,09375; 106,82608695652173; 0,070280336
3724; 0,09375; 0,09375; 106,82608695652173; 0,070280336
3725; 0,09375; 0,09375; 105,8913043478261; 0,06966535
3726; 0,09375; 0,09375; 105,80434782608695; 0,06960814
3727; 0,09375; 0,09375; 106,34782608695652; 0,06996568
3728; 0,09375; 0,09375; 106,8913043478261; 0,070323244
3729; 0,09375; 0,09375; 106,5; 0,070065804
3730; 0,09375; 0,09375; 106,17391304347827; 0,06985128
3731; 0,09375; 0,09375; 106,17391304347827; 0,06985126
3732; 0,09375; 0,09375; 106,73913043478261; 0,070223115
3733; 0,09375; 0,09375; 107,15217391304348; 0,07049486
3734; 0,09375; 0,09375; 107,1086956521739; 0,070466265
3735; 0,09375; 0,09375; 105,76086956521739; 0,069579534
3736; 0,09375; 0,09375; 106,93478260869566; 0,07035185
3737; 0,09375; 0,09375; 106,67391304347827; 0,07018022
3738; 0,09375; 0,09375; 106,23913043478261; 0,06989419
3739; 0,09375; 0,09375; 106,26086956521739; 0,06990848
3740; 0,09375; 0,09375; 106,54347826086956; 0,07009441
3741; 0,09375; 0,09375; 106,1086956521739; 0,069808364
3742; 0,09375; 0,09375; 105,91304347826087; 0,06967965
3743; 0,09375; 0,09375; 106,67391304347827; 0,07018022
3744; 0,09375; 0,09375; 106,30434782608695; 0,06993709
3745; 0,09375; 0,09375; 105,71739130434783; 0,06955092
3746; 0,09375; 0,09375; 106,21739130434783; 0,06987988
3747; 0,09375; 0,09375; 106,1304347826087; 0,06982268
3748; 0,09375; 0,09375; 106,84782608695652; 0,07029464
3749; 0,09375; 0,09375; 107,08695652173913; 0,07045196
3750; 0,09375; 0,09375; 106,3695652173913; 0,06997999
3751; 0,09375; 0,09375; 105,8695652173913; 0,06965104
3752; 0,09375; 0,09375; 106,5; 0,0700658
3753; 0,09375; 0,09375; 105,76086956521739; 0,06957954
3754; 0,09375; 0,09375; 106,52173913043478; 0,0700801
3755; 0,09375; 0,09375; 105,04347826086956; 0,06910756
3756; 0,09375; 0,09375; 106,6304347826087; 0,07015161
3757; 0,09375; 0,09375; 105,84782608695652; 0,06963674
3758; 0,09375; 0,09375; 105,71739130434783; 0,06955093
3759; 0,09375; 0,09375; 106,04347826086956; 0,06976546
3760; 0,09375; 0,09375; 105,73913043478261; 0,069565244
3761; 0,09375; 0,09375; 106,8913043478261; 0,07032324
3762; 0,09375; 0,09375; 106,84782608695652; 0,07029464
3763; 0,09375; 0,09375; 106,67391304347827; 0,07018022
3764; 0,09375; 0,09375; 106,47826086956522; 0,070051506
3765; 0,09375; 0,09375; 105,69565217391305; 0,06953663
3766; 0,09375; 0,09375; 107,67391304347827; 0,07083811
3767; 0,09375; 0,09375; 106,41304347826087; 0,07000859
3768; 0,09375; 0,09375; 106,58695652173913; 0,07012301
3769; 0,09375; 0,09375; 107,21739130434783; 0,070537776
3770; 0,09375; 0,09375; 106,34782608695652; 0,06996568
3771; 0,09375; 0,09375; 106,84782608695652; 0,07029464
3772; 0,09375; 0,09375; 106,28260869565217; 0,06992278
3773; 0,09375; 0,09375; 106,47826086956522; 0,0700515
3774; 0,09375; 0,09375; 106,28260869565217; 0,06992279
3775; 0,09375; 0,09375; 106,76086956521739; 0,07023743
3776; 0,09375; 0,09375; 106,3913043478261; 0,069994286
3777; 0,09375; 0,09375; 106,69565217391305; 0,07019453
3778; 0,09375; 0,09375; 107,73913043478261; 0,070881024
3779; 0,09375; 0,09375; 105,3695652173913; 0,0693221
3780; 0,09375; 0,09375; 107,93478260869566; 0,07100973
3781; 0,09375; 0,09375; 105,52173913043478; 0,069422215
3782; 0,09375; 0,09375; 106,6086956521739; 0,07013731
3783; 0,09375; 0,09375; 107,3695652173913; 0,07063789
3784; 0,09375; 0,09375; 106,56521739130434; 0,0701087
3785; 0,09375; 0,09375; 106,82608695652173; 0,070280336
3786; 0,09375; 0,09375; 106,5; 0,0700658
3787; 0,09375; 0,09375; 106,08695652173913; 0,06979406
3788; 0,09375; 0,09375; 107,30434782608695; 0,07059498
3789; 0,09375; 0,09375; 106,3695652173913; 0,06997999
3790; 0,09375; 0,09375; 106,47826086956522; 0,070051506
3791; 0,09375; 0,09375; 106,1304347826087; 0,06982268
3792; 0,09375; 0,09375; 107,08695652173913; 0,07045196
3793; 0,09375; 0,09375; 105,78260869565217; 0,06959384
3794; 0,09375; 0,09375; 105,1086956521739; 0,06915046
3795; 0,09375; 0,09375; 106,06521739130434; 0,06977976
3796; 0,09375; 0,09375; 106,69565217391305; 0,07019452
3797; 0,09375; 0,09375; 106,19565217391305; 0,06986557
3798; 0,09375; 0,09375; 105,84782608695652; 0,06963675
3799; 0,09375; 0,09375; 106,0; 0,06973685
3800; 0,09375; 0,09375; 107,1304347826087; 0,07048056
3801; 0,09375; 0,09375; 106,73913043478261; 0,07022313
3802; 0,09375; 0,09375; 106,1086956521739; 0,06980837
3803; 0,09375; 0,09375; 106,1304347826087; 0,06982267
3804; 0,09375; 0,09375; 106,56521739130434; 0,07010871
3805; 0,09375; 0,09375; 105,04347826086956; 0,06910756
3806; 0,09375; 0,09375; 106,32608695652173; 0,06995139
3807; 0,09375; 0,09375; 105,23913043478261; 0,06923628
3808; 0,09375; 0,09375; 106,04347826086956; 0,069765456
3809; 0,09375; 0,09375; 105,45652173913044; 0,06937931
3810; 0,09375; 0,09375; 106,43478260869566; 0,070022896
3811; 0,09375; 0,09375; 104,73913043478261; 0,068907335
3812; 0,09375; 0,09375; 106,04347826086956; 0,069765456
3813; 0,09375; 0,09375; 106,02173913043478; 0,06975116
3814; 0,09375; 0,09375; 105,80434782608695; 0,06960813
3815; 0,09375; 0,09375; 106,5; 0,07006581
3816; 0,09375; 0,09375; 106,78260869565217; 0,070251726
3817; 0,09375; 0,09375; 106,54347826086956; 0,07009441
3818; 0,09375; 0,09375; 106,41304347826087; 0,07000859
3819; 0,09375; 0,09375; 106,52173913043478; 0,0700801
3820; 0,09375; 0,09375; 106,95652173913044; 0,070366144
3821; 0,09375; 0,09375; 106,06521739130434; 0,06977977
3822; 0,09375; 0,09375; 106,1086956521739; 0,06980837
3823; 0,09375; 0,09375; 106,1086956521739; 0,069808364
3824; 0,09375; 0,09375; 106,76086956521739; 0,07023743
3825; 0,09375; 0,09375; 106,45652173913044; 0,0700372
3826; 0,09375; 0,09375; 105,76086956521739; 0,06957953
3827; 0,09375; 0,09375; 104,69565217391305; 0,068878725
3828; 0,09375; 0,09375; 108,3913043478261; 0,07131008
3829; 0,09375; 0,09375; 105,45652173913044; 0,06937931
3830; 0,09375; 0,09375; 106,1304347826087; 0,06982268
3831; 0,09375; 0,09375; 106,69565217391305; 0,07019453
3832; 0,09375; 0,09375; 106,41304347826087; 0,070008606
3833; 0,09375; 0,09375; 106,21739130434783; 0,06987988
3834; 0,09375; 0,09375; 106,45652173913044; 0,07003719
3835; 0,09375; 0,09375; 106,54347826086956; 0,07009441
3836; 0,09375; 0,09375; 106,65217391304348; 0,07016591
3837; 0,09375; 0,09375; 106,6086956521739; 0,07013731
3838; 0,09375; 0,09375; 105,91304347826087; 0,06967964
3839; 0,09375; 0,09375; 106,34782608695652; 0,06996569
3840; 0,09375; 0,09375; 106,04347826086956; 0,069765456
3841; 0,09375; 0,09375; 106,71739130434783; 0,07020883
3842; 0,09375; 0,09375; 106,34782608695652; 0,0699657
3843; 0,09375; 0,09375; 106,76086956521739; 0,07023743
3844; 0,09375; 0,09375; 105,6086956521739; 0,06947942
3845; 0,09375; 0,09375; 105,21739130434783; 0,06922199
3846; 0,09375; 0,09375; 106,47826086956522; 0,0700515
3847; 0,09375; 0,09375; 106,08695652173913; 0,069794066
3848; 0,09375; 0,09375; 106,67391304347827; 0,07018022
3849; 0,09375; 0,09375; 105,6304347826087; 0,06949372
3850; 0,09375; 0,09375; 106,3695652173913; 0,06997999
3851; 0,09375; 0,09375; 105,97826086956522; 0,069722556
3852; 0,09375; 0,09375; 104,78260869565217; 0,06893594
3853; 0,09375; 0,09375; 106,23913043478261; 0,06989418
3854; 0,09375; 0,09375; 106,19565217391305; 0,06986558
3855; 0,09375; 0,09375; 105,69565217391305; 0,06953662
3856; 0,09375; 0,09375; 108,0; 0,07105265
3857; 0,09375; 0,09375; 107,04347826086956; 0,07042335
3858; 0,09375; 0,09375; 106,3695652173913; 0,069979995
3859; 0,09375; 0,09375; 106,15217391304348; 0,069836974
3860; 0,09375; 0,09375; 107,34782608695652; 0,070623584
3861; 0,09375; 0,09375; 106,21739130434783; 0,06987988
3862; 0,09375; 0,09375; 106,41304347826087; 0,0700086
3863; 0,09375; 0,09375; 106,54347826086956; 0,07009441
3864; 0,09375; 0,09375; 106,78260869565217; 0,07025173
3865; 0,09375; 0,09375; 106,93478260869566; 0,07035184
3866; 0,09375; 0,09375; 106,78260869565217; 0,070251726
3867; 0,09375; 0,09375; 105,8913043478261; 0,06966535
3868; 0,09375; 0,09375; 105,91304347826087; 0,06967964
3869; 0,09375; 0,09375; 107,17391304347827; 0,07050917
3870; 0,09375; 0,09375; 105,56521739130434; 0,0694508
3871; 0,09375; 0,09375; 106,32608695652173; 0,06995139
3872; 0,09375; 0,09375; 107,67391304347827; 0,07083812
3873; 0,09375; 0,09375; 106,43478260869566; 0,0700229
3874; 0,09375; 0,09375; 107,21739130434783; 0,070537776
3875; 0,09375; 0,09375; 106,17391304347827; 0,06985128
3876; 0,09375; 0,09375; 104,52173913043478; 0,06876432
3877; 0,09375; 0,09375; 106,5; 0,0700658
3878; 0,09375; 0,09375; 106,30434782608695; 0,06993708
3879; 0,09375; 0,09375; 105,56521739130434; 0,06945081
3880; 0,09375; 0,09375; 106,54347826086956; 0,07009441
3881; 0,09375; 0,09375; 107,30434782608695; 0,07059498
3882; 0,09375; 0,09375; 105,95652173913044; 0,06970825
3883; 0,09375; 0,09375; 107,1086956521739; 0,07046626
3884; 0,09375; 0,09375; 105,58695652173913; 0,06946512
3885; 0,09375; 0,09375; 107,04347826086956; 0,07042336
3886; 0,09375; 0,09375; 106,6086956521739; 0,070137314
3887; 0,09375; 0,09375; 107,76086956521739; 0,07089533
3888; 0,09375; 0,09375; 106,04347826086956; 0,06976546
3889; 0,09375; 0,09375; 106,21739130434783; 0,069879875
3890; 0,09375; 0,09375; 105,3695652173913; 0,069322094
3891; 0,09375; 0,09375; 106,15217391304348; 0,06983697
3892; 0,09375; 0,09375; 106,17391304347827; 0,06985127
3893; 0,09375; 0,09375; 106,1086956521739; 0,06980838
3894; 0,09375; 0,09375; 107,1304347826087; 0,07048056
3895; 0,09375; 0,09375; 107,71739130434783; 0,07086672
3896; 0,09375; 0,09375; 107,19565217391305; 0,07052347
3897; 0,09375; 0,09375; 106,34782608695652; 0,0699657
3898; 0,09375; 0,09375; 107,08695652173913; 0,07045196
3899; 0,09375; 0,09375; 107,1086956521739; 0,070466265
3900; 0,09375; 0,09375; 106,3913043478261; 0,0699943
3901; 0,09375; 0,09375; 106,6086956521739; 0,07013732
3902; 0,09375; 0,09375; 107,32608695652173; 0,07060927
3903; 0,09375; 0,09375; 106,43478260869566; 0,07002289
3904; 0,09375; 0,09375; 106,78260869565217; 0,07025173
3905; 0,09375; 0,09375; 106,5; 0,0700658
3906; 0,09375; 0,09375; 106,1304347826087; 0,06982267
3907; 0,09375; 0,09375; 107,93478260869566; 0,07100974
3908; 0,09375; 0,09375; 106,52173913043478; 0,07008011
3909; 0,09375; 0,09375; 107,32608695652173; 0,07060927
3910; 0,09375; 0,09375; 106,34782608695652; 0,06996569
3911; 0,09375; 0,09375; 106,52173913043478; 0,07008011
3912; 0,09375; 0,09375; 106,17391304347827; 0,06985128
3913; 0,09375; 0,09375; 107,1304347826087; 0,07048057
3914; 0,09375; 0,09375; 106,30434782608695; 0,06993709
3915; 0,09375; 0,09375; 107,56521739130434; 0,0707666
3916; 0,09375; 0,09375; 106,56521739130434; 0,070108704
3917; 0,09375; 0,09375; 106,1304347826087; 0,06982267
3918; 0,09375; 0,09375; 107,43478260869566; 0,0706808
3919; 0,09375; 0,09375; 106,76086956521739; 0,07023742
3920; 0,09375; 0,09375; 105,41304347826087; 0,0693507
3921; 0,09375; 0,09375; 108,1304347826087; 0,07113846
3922; 0,09375; 0,09375; 106,06521739130434; 0,069779746
3923; 0,09375; 0,09375; 106,30434782608695; 0,06993709
3924; 0,09375; 0,09375; 106,28260869565217; 0,06992278
3925; 0,09375; 0,09375; 105,65217391304348; 0,069508016
3926; 0,09375; 0,09375; 104,52173913043478; 0,068764314
3927; 0,09375; 0,09375; 107,04347826086956; 0,07042335
3928; 0,09375; 0,09375; 105,1304347826087; 0,06916478
3929; 0,09375; 0,09375; 108,02173913043478; 0,07106695
3930; 0,09375; 0,09375; 106,08695652173913; 0,069794066
3931; 0,09375; 0,09375; 105,95652173913044; 0,06970824
3932; 0,09375; 0,09375; 107,15217391304348; 0,07049487
3933; 0,09375; 0,09375; 105,1304347826087; 0,069164775
3934; 0,09375; 0,09375; 106,56521739130434; 0,07010871
3935; 0,09375; 0,09375; 107,54347826086956; 0,07075231
3936; 0,09375; 0,09375; 107,45652173913044; 0,070695095
3937; 0,09375; 0,09375; 106,58695652173913; 0,07012302
3938; 0,09375; 0,09375; 106,32608695652173; 0,069951385
3939; 0,09375; 0,09375; 106,19565217391305; 0,06986558
3940; 0,09375; 0,09375; 106,41304347826087; 0,0700086
3941; 0,09375; 0,09375; 106,43478260869566; 0,0700229
3942; 0,09375; 0,09375; 105,1086956521739; 0,06915048
3943; 0,09375; 0,09375; 106,3913043478261; 0,06999429
3944; 0,09375; 0,09375; 107,26086956521739; 0,07056637
3945; 0,09375; 0,09375; 106,8913043478261; 0,070323244
3946; 0,09375; 0,09375; 106,76086956521739; 0,07023743
3947; 0,09375; 0,09375; 106,1304347826087; 0,06982267
3948; 0,09375; 0,09375; 105,65217391304348; 0,06950802
3949; 0,09375; 0,09375; 106,32608695652173; 0,06995139
3950; 0,09375; 0,09375; 106,34782608695652; 0,06996569
3951; 0,09375; 0,09375; 105,28260869565217; 0,06926489
3952; 0,09375; 0,09375; 106,3695652173913; 0,06997999
3953; 0,09375; 0,09375; 106,5; 0,0700658
3954; 0,09375; 0,09375; 106,56521739130434; 0,07010871
3955; 0,09375; 0,09375; 105,65217391304348; 0,069508016
3956; 0,09375; 0,09375; 105,69565217391305; 0,06953663
3957; 0,09375; 0,09375; 106,43478260869566; 0,070022896
3958; 0,09375; 0,09375; 105,82608695652173; 0,06962244
3959; 0,09375; 0,09375; 106,8913043478261; 0,07032324
3960; 0,09375; 0,09375; 106,1304347826087; 0,06982266
3961; 0,09375; 0,09375; 106,52173913043478; 0,0700801
3962; 0,09375; 0,09375; 106,3913043478261; 0,069994286
3963; 0,09375; 0,09375; 106,1086956521739; 0,06980837
3964; 0,09375; 0,09375; 106,34782608695652; 0,06996569
3965; 0,09375; 0,09375; 106,3913043478261; 0,06999431
3966; 0,09375; 0,09375; 106,76086956521739; 0,07023743
3967; 0,09375; 0,09375; 105,56521739130434; 0,06945081
3968; 0,09375; 0,09375; 106,08695652173913; 0,069794066
3969; 0,09375; 0,09375; 106,02173913043478; 0,06975115
3970; 0,09375; 0,09375; 106,0; 0,06973686
3971; 0,09375; 0,09375; 106,26086956521739; 0,069908485
3972; 0,09375; 0,09375; 106,6304347826087; 0,07015163
3973; 0,09375; 0,09375; 107,5; 0,0707237
3974; 0,09375; 0,09375; 107,19565217391305; 0,07052346
3975; 0,09375; 0,09375; 105,76086956521739; 0,06957954
3976; 0,09375; 0,09375; 106,78260869565217; 0,07025174
3977; 0,09375; 0,09375; 106,30434782608695; 0,06993708
3978; 0,09375; 0,09375; 106,26086956521739; 0,069908485
3979; 0,09375; 0,09375; 106,43478260869566; 0,070022896
3980; 0,09375; 0,09375; 106,8695652173913; 0,07030894
3981; 0,09375; 0,09375; 106,84782608695652; 0,07029464
3982; 0,09375; 0,09375; 106,52173913043478; 0,070080094
3983; 0,09375; 0,09375; 105,56521739130434; 0,06945082
3984; 0,09375; 0,09375; 106,6086956521739; 0,07013731
3985; 0,09375; 0,09375; 106,6304347826087; 0,07015163
3986; 0,09375; 0,09375; 106,67391304347827; 0,07018022
3987; 0,09375; 0,09375; 106,56521739130434; 0,070108704
3988; 0,09375; 0,09375; 106,45652173913044; 0,0700372
3989; 0,09375; 0,09375; 106,78260869565217; 0,07025172
3990; 0,09375; 0,09375; 106,0; 0,06973685
3991; 0,09375; 0,09375; 106,26086956521739; 0,069908485
3992; 0,09375; 0,09375; 106,71739130434783; 0,07020882
3993; 0,09375; 0,09375; 105,95652173913044; 0,06970825
3994; 0,09375; 0,09375; 105,52173913043478; 0,069422215
3995; 0,09375; 0,09375; 107,08695652173913; 0,07045196
3996; 0,09375; 0,09375; 106,65217391304348; 0,070165925
3997; 0,09375; 0,09375; 106,04347826086956; 0,06976547
3998; 0,09375; 0,09375; 106,21739130434783; 0,069879875
3999; 0,09375; 0,09375; 105,23913043478261; 0,06923628
4000; 0,09375; 0,09375; 106,3913043478261; 0,06999429
4001; 0,09375; 0,09375; 106,08695652173913; 0,069794066
4002; 0,09375; 0,09375; 106,30434782608695; 0,06993709
4003; 0,09375; 0,09375; 106,3913043478261; 0,06999429
4004; 0,09375; 0,09375; 106,82608695652173; 0,07028033
4005; 0,09375; 0,09375; 106,19565217391305; 0,06986557
4006; 0,09375; 0,09375; 105,93478260869566; 0,06969395
4007; 0,09375; 0,09375; 106,52173913043478; 0,07008012
4008; 0,09375; 0,09375; 107,3695652173913; 0,0706379
4009; 0,09375; 0,09375; 106,34782608695652; 0,06996569
4010; 0,09375; 0,09375; 108,08695652173913; 0,07110985
4011; 0,09375; 0,09375; 105,8913043478261; 0,069665335
4012; 0,09375; 0,09375; 105,56521739130434; 0,06945081
4013; 0,09375; 0,09375; 105,30434782608695; 0,069279194
4014; 0,09375; 0,09375; 107,1086956521739; 0,07046626
4015; 0,09375; 0,09375; 107,32608695652173; 0,07060928
4016; 0,09375; 0,09375; 106,52173913043478; 0,0700801
4017; 0,09375; 0,09375; 106,95652173913044; 0,07036615
4018; 0,09375; 0,09375; 106,6304347826087; 0,07015161
4019; 0,09375; 0,09375; 106,23913043478261; 0,06989417
4020; 0,09375; 0,09375; 104,21739130434783; 0,06856409
4021; 0,09375; 0,09375; 106,21739130434783; 0,06987988
4022; 0,09375; 0,09375; 106,5; 0,0700658
4023; 0,09375; 0,09375; 107,73913043478261; 0,07088103
4024; 0,09375; 0,09375; 105,56521739130434; 0,06945081
4025; 0,09375; 0,09375; 106,30434782608695; 0,06993709
4026; 0,09375; 0,09375; 106,52173913043478; 0,0700801
4027; 0,09375; 0,09375; 105,28260869565217; 0,06926489
4028; 0,09375; 0,09375; 106,47826086956522; 0,07005149
4029; 0,09375; 0,09375; 106,0; 0,06973685
4030; 0,09375; 0,09375; 107,06521739130434; 0,070437655
4031; 0,09375; 0,09375; 106,54347826086956; 0,07009441
4032; 0,09375; 0,09375; 106,8695652173913; 0,07030894
4033; 0,09375; 0,09375; 106,82608695652173; 0,070280336
4034; 0,09375; 0,09375; 107,08695652173913; 0,07045195
4035; 0,09375; 0,09375; 106,45652173913044; 0,0700372
4036; 0,09375; 0,09375; 106,45652173913044; 0,0700372
4037; 0,09375; 0,09375; 106,93478260869566; 0,07035185
4038; 0,09375; 0,09375; 106,71739130434783; 0,07020882
4039; 0,09375; 0,09375; 107,71739130434783; 0,07086671
4040; 0,09375; 0,09375; 105,6086956521739; 0,06947942
4041; 0,09375; 0,09375; 106,43478260869566; 0,070022896
4042; 0,09375; 0,09375; 106,41304347826087; 0,0700086
4043; 0,09375; 0,09375; 106,1304347826087; 0,069822654
4044; 0,09375; 0,09375; 107,71739130434783; 0,07086671
4045; 0,09375; 0,09375; 106,6086956521739; 0,070137314
4046; 0,09375; 0,09375; 105,95652173913044; 0,06970825
4047; 0,09375; 0,09375; 106,15217391304348; 0,06983697
4048; 0,09375; 0,09375; 105,95652173913044; 0,06970825
4049; 0,09375; 0,09375; 106,5; 0,070065804
4050; 0,09375; 0,09375; 106,06521739130434; 0,06977976
4051; 0,09375; 0,09375; 105,47826086956522; 0,069393605
4052; 0,09375; 0,09375; 105,93478260869566; 0,069693945
4053; 0,09375; 0,09375; 105,97826086956522; 0,069722556
4054; 0,09375; 0,09375; 107,04347826086956; 0,07042335
4055; 0,09375; 0,09375; 106,52173913043478; 0,07008011
4056; 0,09375; 0,09375; 106,5; 0,07006581
4057; 0,09375; 0,09375; 106,5; 0,070065804
4058; 0,09375; 0,09375; 106,32608695652173; 0,06995139
4059; 0,09375; 0,09375; 105,65217391304348; 0,06950803
4060; 0,09375; 0,09375; 106,78260869565217; 0,070251726
4061; 0,09375; 0,09375; 106,41304347826087; 0,07000859
4062; 0,09375; 0,09375; 106,65217391304348; 0,070165925
4063; 0,09375; 0,09375; 107,02173913043478; 0,07040905
4064; 0,09375; 0,09375; 106,6304347826087; 0,07015163
4065; 0,09375; 0,09375; 105,82608695652173; 0,06962244
4066; 0,09375; 0,09375; 107,3913043478261; 0,07065219
4067; 0,09375; 0,09375; 106,3913043478261; 0,0699943
4068; 0,09375; 0,09375; 105,73913043478261; 0,06956524
4069; 0,09375; 0,09375; 105,78260869565217; 0,06959385
4070; 0,09375; 0,09375; 106,5; 0,07006581
4071; 0,09375; 0,09375; 106,1304347826087; 0,06982268
4072; 0,09375; 0,09375; 106,93478260869566; 0,07035185
4073; 0,09375; 0,09375; 106,3913043478261; 0,06999429
4074; 0,09375; 0,09375; 105,97826086956522; 0,069722556
4075; 0,09375; 0,09375; 106,67391304347827; 0,07018021
4076; 0,09375; 0,09375; 106,41304347826087; 0,07000859
4077; 0,09375; 0,09375; 106,15217391304348; 0,06983697
4078; 0,09375; 0,09375; 106,52173913043478; 0,0700801
4079; 0,09375; 0,09375; 106,32608695652173; 0,069951385
4080; 0,09375; 0,09375; 107,02173913043478; 0,07040905
4081; 0,09375; 0,09375; 106,43478260869566; 0,0700229
4082; 0,09375; 0,09375; 106,69565217391305; 0,07019452
4083; 0,09375; 0,09375; 106,1304347826087; 0,06982267
4084; 0,09375; 0,09375; 105,8913043478261; 0,06966535
4085; 0,09375; 0,09375; 106,69565217391305; 0,07019452
4086; 0,09375; 0,09375; 106,17391304347827; 0,06985129
4087; 0,09375; 0,09375; 106,3695652173913; 0,06998
4088; 0,09375; 0,09375; 106,06521739130434; 0,06977976
4089; 0,09375; 0,09375; 106,1304347826087; 0,06982266
4090; 0,09375; 0,09375; 106,52173913043478; 0,0700801
4091; 0,09375; 0,09375; 107,1304347826087; 0,07048056
4092; 0,09375; 0,09375; 106,8695652173913; 0,07030893
4093; 0,09375; 0,09375; 106,65217391304348; 0,07016591
4094; 0,09375; 0,09375; 106,45652173913044; 0,070037186
4095; 0,09375; 0,09375; 106,21739130434783; 0,069879875
4096; 0,09375; 0,09375; 106,1304347826087; 0,06982266
4097; 0,09375; 0,09375; 106,32608695652173; 0,06995139
4098; 0,09375; 0,09375; 105,3695652173913; 0,0693221
4099; 0,09375; 0,09375; 107,6304347826087; 0,07080951
4100; 0,09375; 0,09375; 107,17391304347827; 0,07050917
4101; 0,09375; 0,09375; 108,04347826086956; 0,07108125
4102; 0,09375; 0,09375; 104,97826086956522; 0,06906466
4103; 0,09375; 0,09375; 106,06521739130434; 0,06977977
4104; 0,09375; 0,09375; 106,95652173913044; 0,07036615
4105; 0,09375; 0,09375; 107,26086956521739; 0,07056637
4106; 0,09375; 0,09375; 107,67391304347827; 0,070838116
4107; 0,09375; 0,09375; 106,43478260869566; 0,070022896
4108; 0,09375; 0,09375; 107,19565217391305; 0,07052348
4109; 0,09375; 0,09375; 106,5; 0,07006581
4110; 0,09375; 0,09375; 106,04347826086956; 0,069765456
4111; 0,09375; 0,09375; 106,67391304347827; 0,07018023
4112; 0,09375; 0,09375; 106,6304347826087; 0,07015162
4113; 0,09375; 0,09375; 107,21739130434783; 0,070537776
4114; 0,09375; 0,09375; 105,3695652173913; 0,069322094
4115; 0,09375; 0,09375; 105,6304347826087; 0,069493726
4116; 0,09375; 0,09375; 106,52173913043478; 0,07008011
4117; 0,09375; 0,09375; 107,1086956521739; 0,070466265
4118; 0,09375; 0,09375; 106,84782608695652; 0,07029463
4119; 0,09375; 0,09375; 106,67391304347827; 0,07018023
4120; 0,09375; 0,09375; 106,15217391304348; 0,069836974
4121; 0,09375; 0,09375; 106,78260869565217; 0,070251726
4122; 0,09375; 0,09375; 106,1304347826087; 0,06982266
4123; 0,09375; 0,09375; 106,91304347826087; 0,07033755
4124; 0,09375; 0,09375; 105,47826086956522; 0,06939361
4125; 0,09375; 0,09375; 106,17391304347827; 0,06985127
4126; 0,09375; 0,09375; 107,06521739130434; 0,07043766
4127; 0,09375; 0,09375; 106,56521739130434; 0,07010871
4128; 0,09375; 0,09375; 106,82608695652173; 0,070280336
4129; 0,09375; 0,09375; 106,43478260869566; 0,070022896
4130; 0,09375; 0,09375; 108,17391304347827; 0,07116707
4131; 0,09375; 0,09375; 106,58695652173913; 0,07012302
4132; 0,09375; 0,09375; 106,15217391304348; 0,06983697
4133; 0,09375; 0,09375; 106,76086956521739; 0,07023742
4134; 0,09375; 0,09375; 106,8695652173913; 0,07030894
4135; 0,09375; 0,09375; 108,0; 0,07105264
4136; 0,09375; 0,09375; 106,04347826086956; 0,06976546
4137; 0,09375; 0,09375; 108,0; 0,07105265
4138; 0,09375; 0,09375; 106,52173913043478; 0,07008011
4139; 0,09375; 0,09375; 106,41304347826087; 0,07000859
4140; 0,09375; 0,09375; 106,02173913043478; 0,06975116
4141; 0,09375; 0,09375; 107,30434782608695; 0,07059498
4142; 0,09375; 0,09375; 106,58695652173913; 0,07012301
4143; 0,09375; 0,09375; 106,5; 0,0700658
4144; 0,09375; 0,09375; 106,52173913043478; 0,07008011
4145; 0,09375; 0,09375; 107,32608695652173; 0,07060929
4146; 0,09375; 0,09375; 106,04347826086956; 0,06976546
4147; 0,09375; 0,09375; 107,06521739130434; 0,070437655
4148; 0,09375; 0,09375; 106,1086956521739; 0,06980837
4149; 0,09375; 0,09375; 107,02173913043478; 0,07040905
4150; 0,09375; 0,09375; 106,8913043478261; 0,070323244
4151; 0,09375; 0,09375; 106,73913043478261; 0,070223115
4152; 0,09375; 0,09375; 107,26086956521739; 0,07056637
4153; 0,09375; 0,09375; 107,45652173913044; 0,0706951
4154; 0,09375; 0,09375; 106,6086956521739; 0,070137314
4155; 0,09375; 0,09375; 106,08695652173913; 0,06979406
4156; 0,09375; 0,09375; 107,91304347826087; 0,07099544
4157; 0,09375; 0,09375; 105,93478260869566; 0,06969395
4158; 0,09375; 0,09375; 106,6304347826087; 0,07015161
4159; 0,09375; 0,09375; 106,02173913043478; 0,06975116
4160; 0,09375; 0,09375; 104,8913043478261; 0,06900745
4161; 0,09375; 0,09375; 106,0; 0,06973685
4162; 0,09375; 0,09375; 107,15217391304348; 0,07049487
4163; 0,09375; 0,09375; 106,52173913043478; 0,0700801
4164; 0,09375; 0,09375; 106,95652173913044; 0,07036615
4165; 0,09375; 0,09375; 105,41304347826087; 0,0693507
4166; 0,09375; 0,09375; 106,6304347826087; 0,07015162
4167; 0,09375; 0,09375; 107,32608695652173; 0,07060929
4168; 0,09375; 0,09375; 106,19565217391305; 0,06986558
4169; 0,09375; 0,09375; 107,93478260869566; 0,07100975
4170; 0,09375; 0,09375; 107,19565217391305; 0,07052347
4171; 0,09375; 0,09375; 106,30434782608695; 0,06993708
4172; 0,09375; 0,09375; 106,26086956521739; 0,06990848
4173; 0,09375; 0,09375; 105,97826086956522; 0,069722556
4174; 0,09375; 0,09375; 106,69565217391305; 0,07019452
4175; 0,09375; 0,09375; 106,84782608695652; 0,07029464
4176; 0,09375; 0,09375; 106,82608695652173; 0,070280336
4177; 0,09375; 0,09375; 105,78260869565217; 0,06959385
4178; 0,09375; 0,09375; 105,54347826086956; 0,06943652
4179; 0,09375; 0,09375; 106,04347826086956; 0,069765456
4180; 0,09375; 0,09375; 107,65217391304348; 0,07082381
4181; 0,09375; 0,09375; 106,69565217391305; 0,07019452
4182; 0,09375; 0,09375; 106,6304347826087; 0,07015161
4183; 0,09375; 0,09375; 106,54347826086956; 0,07009442
4184; 0,09375; 0,09375; 105,15217391304348; 0,06917908
4185; 0,09375; 0,09375; 105,6086956521739; 0,06947941
4186; 0,09375; 0,09375; 106,73913043478261; 0,07022312
4187; 0,09375; 0,09375; 107,3913043478261; 0,07065219
4188; 0,09375; 0,09375; 106,6086956521739; 0,07013732
4189; 0,09375; 0,09375; 107,02173913043478; 0,07040906
4190; 0,09375; 0,09375; 105,93478260869566; 0,069693945
4191; 0,09375; 0,09375; 107,06521739130434; 0,07043766
4192; 0,09375; 0,09375; 106,34782608695652; 0,0699657
4193; 0,09375; 0,09375; 106,32608695652173; 0,06995139
4194; 0,09375; 0,09375; 106,0; 0,06973686
4195; 0,09375; 0,09375; 108,3913043478261; 0,07131007
4196; 0,09375; 0,09375; 106,97826086956522; 0,07038046
4197; 0,09375; 0,09375; 107,54347826086956; 0,07075229
4198; 0,09375; 0,09375; 106,58695652173913; 0,07012302
4199; 0,09375; 0,09375; 106,52173913043478; 0,07008011
4200; 0,09375; 0,09375; 107,95652173913044; 0,071024045
4201; 0,09375; 0,09375; 106,5; 0,070065804
4202; 0,09375; 0,09375; 105,71739130434783; 0,06955094
4203; 0,09375; 0,09375; 106,5; 0,07006581
4204; 0,09375; 0,09375; 107,06521739130434; 0,07043766
4205; 0,09375; 0,09375; 107,3695652173913; 0,07063788
4206; 0,09375; 0,09375; 105,95652173913044; 0,06970824
4207; 0,09375; 0,09375; 106,91304347826087; 0,07033754
4208; 0,09375; 0,09375; 107,06521739130434; 0,070437655
4209; 0,09375; 0,09375; 106,82608695652173; 0,07028033
4210; 0,09375; 0,09375; 107,30434782608695; 0,07059497
4211; 0,09375; 0,09375; 106,45652173913044; 0,070037186
4212; 0,09375; 0,09375; 106,78260869565217; 0,07025173
4213; 0,09375; 0,09375; 106,04347826086956; 0,06976546
4214; 0,09375; 0,09375; 105,91304347826087; 0,06967964
4215; 0,09375; 0,09375; 106,71739130434783; 0,07020883
4216; 0,09375; 0,09375; 107,95652173913044; 0,07102404
4217; 0,09375; 0,09375; 106,95652173913044; 0,070366144
4218; 0,09375; 0,09375; 106,73913043478261; 0,07022313
4219; 0,09375; 0,09375; 106,6086956521739; 0,07013731
4220; 0,09375; 0,09375; 106,73913043478261; 0,07022312
4221; 0,09375; 0,09375; 105,84782608695652; 0,06963675
4222; 0,09375; 0,09375; 106,43478260869566; 0,070022896
4223; 0,09375; 0,09375; 108,8695652173913; 0,071624726
4224; 0,09375; 0,09375; 105,71739130434783; 0,06955093
4225; 0,09375; 0,09375; 106,65217391304348; 0,07016593
4226; 0,09375; 0,09375; 107,3695652173913; 0,07063789
4227; 0,09375; 0,09375; 106,3913043478261; 0,06999429
4228; 0,09375; 0,09375; 106,69565217391305; 0,07019453
4229; 0,09375; 0,09375; 106,30434782608695; 0,069937095
4230; 0,09375; 0,09375; 106,80434782608695; 0,07026603
4231; 0,09375; 0,09375; 105,67391304347827; 0,06952233
4232; 0,09375; 0,09375; 106,67391304347827; 0,070180215
4233; 0,09375; 0,09375; 106,19565217391305; 0,06986558
4234; 0,09375; 0,09375; 106,3695652173913; 0,06997999
4235; 0,09375; 0,09375; 107,1086956521739; 0,070466265
4236; 0,09375; 0,09375; 106,23913043478261; 0,06989417
4237; 0,09375; 0,09375; 106,45652173913044; 0,0700372
4238; 0,09375; 0,09375; 107,84782608695652; 0,07095253
4239; 0,09375; 0,09375; 106,71739130434783; 0,07020881
4240; 0,09375; 0,09375; 105,93478260869566; 0,069693945
4241; 0,09375; 0,09375; 106,95652173913044; 0,07036615
4242; 0,09375; 0,09375; 106,76086956521739; 0,07023742
4243; 0,09375; 0,09375; 106,95652173913044; 0,07036615
4244; 0,09375; 0,09375; 106,56521739130434; 0,070108704
4245; 0,09375; 0,09375; 106,1086956521739; 0,06980837
4246; 0,09375; 0,09375; 105,91304347826087; 0,06967964
4247; 0,09375; 0,09375; 105,93478260869566; 0,069693945
4248; 0,09375; 0,09375; 105,32608695652173; 0,06929349
4249; 0,09375; 0,09375; 105,97826086956522; 0,069722556
4250; 0,09375; 0,09375; 106,58695652173913; 0,07012301
4251; 0,09375; 0,09375; 107,02173913043478; 0,07040905
4252; 0,09375; 0,09375; 106,43478260869566; 0,070022896
4253; 0,09375; 0,09375; 105,95652173913044; 0,06970825
4254; 0,09375; 0,09375; 107,02173913043478; 0,07040905
4255; 0,09375; 0,09375; 105,8695652173913; 0,069651045
4256; 0,09375; 0,09375; 106,8913043478261; 0,070323244
4257; 0,09375; 0,09375; 107,30434782608695; 0,07059499
4258; 0,09375; 0,09375; 106,56521739130434; 0,07010871
4259; 0,09375; 0,09375; 106,17391304347827; 0,06985127
4260; 0,09375; 0,09375; 104,78260869565217; 0,06893594
4261; 0,09375; 0,09375; 106,41304347826087; 0,07000859
4262; 0,09375; 0,09375; 107,17391304347827; 0,070509166
4263; 0,09375; 0,09375; 106,26086956521739; 0,06990849
4264; 0,09375; 0,09375; 106,8695652173913; 0,070308946
4265; 0,09375; 0,09375; 106,21739130434783; 0,06987988
4266; 0,09375; 0,09375; 106,58695652173913; 0,07012302
4267; 0,09375; 0,09375; 106,02173913043478; 0,06975115
4268; 0,09375; 0,09375; 106,41304347826087; 0,0700086
4269; 0,09375; 0,09375; 106,02173913043478; 0,06975115
4270; 0,09375; 0,09375; 106,06521739130434; 0,06977977
4271; 0,09375; 0,09375; 106,6086956521739; 0,070137314
4272; 0,09375; 0,09375; 105,95652173913044; 0,06970825
4273; 0,09375; 0,09375; 106,91304347826087; 0,07033754
4274; 0,09375; 0,09375; 107,1086956521739; 0,07046626
4275; 0,09375; 0,09375; 106,5; 0,070065804
4276; 0,09375; 0,09375; 107,1086956521739; 0,070466265
4277; 0,09375; 0,09375; 107,97826086956522; 0,07103834
4278; 0,09375; 0,09375; 106,91304347826087; 0,07033754
4279; 0,09375; 0,09375; 108,5; 0,07138159
4280; 0,09375; 0,09375; 107,15217391304348; 0,07049487
4281; 0,09375; 0,09375; 107,23913043478261; 0,07055209
4282; 0,09375; 0,09375; 106,26086956521739; 0,06990848
4283; 0,09375; 0,09375; 104,73913043478261; 0,068907335
4284; 0,09375; 0,09375; 107,15217391304348; 0,07049488
4285; 0,09375; 0,09375; 106,58695652173913; 0,07012301
4286; 0,09375; 0,09375; 106,43478260869566; 0,0700229
4287; 0,09375; 0,09375; 105,71739130434783; 0,06955093
4288; 0,09375; 0,09375; 106,5; 0,070065804
4289; 0,09375; 0,09375; 105,93478260869566; 0,069693945
4290; 0,09375; 0,09375; 107,17391304347827; 0,07050917
4291; 0,09375; 0,09375; 107,26086956521739; 0,07056637
4292; 0,09375; 0,09375; 107,47826086956522; 0,07070939
4293; 0,09375; 0,09375; 105,26086956521739; 0,06925058
4294; 0,09375; 0,09375; 106,52173913043478; 0,07008011
4295; 0,09375; 0,09375; 106,8913043478261; 0,07032324
4296; 0,09375; 0,09375; 106,3695652173913; 0,06997999
4297; 0,09375; 0,09375; 107,30434782608695; 0,070594974
4298; 0,09375; 0,09375; 106,6086956521739; 0,07013731
4299; 0,09375; 0,09375; 106,41304347826087; 0,0700086
4300; 0,09375; 0,09375; 106,15217391304348; 0,069836974
4301; 0,09375; 0,09375; 105,21739130434783; 0,06922198
4302; 0,09375; 0,09375; 106,32608695652173; 0,06995139
4303; 0,09375; 0,09375; 105,97826086956522; 0,069722556
4304; 0,09375; 0,09375; 104,80434782608695; 0,06895024
4305; 0,09375; 0,09375; 107,06521739130434; 0,07043766
4306; 0,09375; 0,09375; 105,3913043478261; 0,06933641
4307; 0,09375; 0,09375; 106,06521739130434; 0,06977976
4308; 0,09375; 0,09375; 105,19565217391305; 0,069207676
4309; 0,09375; 0,09375; 105,97826086956522; 0,069722556
4310; 0,09375; 0,09375; 106,3695652173913; 0,069979995
4311; 0,09375; 0,09375; 106,15217391304348; 0,06983697
4312; 0,09375; 0,09375; 107,17391304347827; 0,07050917
4313; 0,09375; 0,09375; 106,17391304347827; 0,06985127
4314; 0,09375; 0,09375; 107,65217391304348; 0,07082381
4315; 0,09375; 0,09375; 106,1304347826087; 0,06982266
4316; 0,09375; 0,09375; 108,23913043478261; 0,07120997
4317; 0,09375; 0,09375; 106,54347826086956; 0,070094414
4318; 0,09375; 0,09375; 106,43478260869566; 0,0700229
4319; 0,09375; 0,09375; 108,78260869565217; 0,071567506
4320; 0,09375; 0,09375; 107,0; 0,07039475
4321; 0,09375; 0,09375; 105,8913043478261; 0,06966535
4322; 0,09375; 0,09375; 106,1086956521739; 0,06980837
4323; 0,09375; 0,09375; 106,3695652173913; 0,06997999
4324; 0,09375; 0,09375; 107,84782608695652; 0,07095253
4325; 0,09375; 0,09375; 106,34782608695652; 0,06996569
4326; 0,09375; 0,09375; 106,47826086956522; 0,07005149
4327; 0,09375; 0,09375; 105,5; 0,06940791
4328; 0,09375; 0,09375; 105,65217391304348; 0,069508016
4329; 0,09375; 0,09375; 106,17391304347827; 0,06985127
4330; 0,09375; 0,09375; 106,5; 0,070065804
4331; 0,09375; 0,09375; 106,45652173913044; 0,0700372
4332; 0,09375; 0,09375; 106,19565217391305; 0,06986558
4333; 0,09375; 0,09375; 106,80434782608695; 0,07026603
4334; 0,09375; 0,09375; 105,97826086956522; 0,06972255
4335; 0,09375; 0,09375; 104,06521739130434; 0,06846399
4336; 0,09375; 0,09375; 107,04347826086956; 0,07042334
4337; 0,09375; 0,09375; 106,82608695652173; 0,07028035
4338; 0,09375; 0,09375; 105,65217391304348; 0,06950803
4339; 0,09375; 0,09375; 106,47826086956522; 0,070051506
4340; 0,09375; 0,09375; 106,43478260869566; 0,070022896
4341; 0,09375; 0,09375; 105,26086956521739; 0,06925058
4342; 0,09375; 0,09375; 107,93478260869566; 0,07100974
4343; 0,09375; 0,09375; 106,1304347826087; 0,06982267
4344; 0,09375; 0,09375; 107,08695652173913; 0,07045197
4345; 0,09375; 0,09375; 106,56521739130434; 0,070108704
4346; 0,09375; 0,09375; 106,1304347826087; 0,06982267
4347; 0,09375; 0,09375; 105,97826086956522; 0,06972255
4348; 0,09375; 0,09375; 107,08695652173913; 0,07045197
4349; 0,09375; 0,09375; 106,95652173913044; 0,07036615
4350; 0,09375; 0,09375; 106,1304347826087; 0,06982266
4351; 0,09375; 0,09375; 106,56521739130434; 0,07010871
4352; 0,09375; 0,09375; 106,84782608695652; 0,07029463
4353; 0,09375; 0,09375; 106,78260869565217; 0,07025173
4354; 0,09375; 0,09375; 106,52173913043478; 0,07008011
4355; 0,09375; 0,09375; 105,6304347826087; 0,06949371
4356; 0,09375; 0,09375; 107,76086956521739; 0,07089532
4357; 0,09375; 0,09375; 105,82608695652173; 0,06962244
4358; 0,09375; 0,09375; 106,21739130434783; 0,069879875
4359; 0,09375; 0,09375; 105,73913043478261; 0,06956524
4360; 0,09375; 0,09375; 106,19565217391305; 0,06986557
4361; 0,09375; 0,09375; 106,19565217391305; 0,06986558
4362; 0,09375; 0,09375; 106,80434782608695; 0,07026603
4363; 0,09375; 0,09375; 107,56521739130434; 0,07076659
4364; 0,09375; 0,09375; 107,04347826086956; 0,07042336
4365; 0,09375; 0,09375; 106,17391304347827; 0,06985127
4366; 0,09375; 0,09375; 106,19565217391305; 0,06986558
4367; 0,09375; 0,09375; 106,1086956521739; 0,069808364
4368; 0,09375; 0,09375; 107,5; 0,0707237
4369; 0,09375; 0,09375; 106,97826086956522; 0,07038045
4370; 0,09375; 0,09375; 107,76086956521739; 0,07089532
4371; 0,09375; 0,09375; 105,8913043478261; 0,06966535
4372; 0,09375; 0,09375; 107,15217391304348; 0,07049487
4373; 0,09375; 0,09375; 106,45652173913044; 0,0700372
4374; 0,09375; 0,09375; 106,8695652173913; 0,070308946
4375; 0,09375; 0,09375; 106,3913043478261; 0,0699943
4376; 0,09375; 0,09375; 105,91304347826087; 0,06967965
4377; 0,09375; 0,09375; 106,32608695652173; 0,06995139
4378; 0,09375; 0,09375; 106,93478260869566; 0,07035185
4379; 0,09375; 0,09375; 106,56521739130434; 0,07010871
4380; 0,09375; 0,09375; 106,82608695652173; 0,07028033
4381; 0,09375; 0,09375; 106,91304347826087; 0,07033754
4382; 0,09375; 0,09375; 106,73913043478261; 0,07022312
4383; 0,09375; 0,09375; 105,56521739130434; 0,06945081
4384; 0,09375; 0,09375; 106,28260869565217; 0,06992279
4385; 0,09375; 0,09375; 105,8913043478261; 0,069665335
4386; 0,09375; 0,09375; 106,3695652173913; 0,06997999
4387; 0,09375; 0,09375; 105,6086956521739; 0,06947941
4388; 0,09375; 0,09375; 105,6304347826087; 0,06949372
4389; 0,09375; 0,09375; 105,6086956521739; 0,069479406
4390; 0,09375; 0,09375; 106,23913043478261; 0,06989417
4391; 0,09375; 0,09375; 105,78260869565217; 0,06959385
4392; 0,09375; 0,09375; 105,58695652173913; 0,069465116
4393; 0,09375; 0,09375; 106,21739130434783; 0,06987987
4394; 0,09375; 0,09375; 107,0; 0,07039475
4395; 0,09375; 0,09375; 107,65217391304348; 0,07082381
4396; 0,09375; 0,09375; 106,17391304347827; 0,06985127
4397; 0,09375; 0,09375; 107,26086956521739; 0,07056637
4398; 0,09375; 0,09375; 106,3695652173913; 0,06997998
4399; 0,09375; 0,09375; 105,65217391304348; 0,069508016
4400; 0,09375; 0,09375; 106,21739130434783; 0,06987988
4401; 0,09375; 0,09375; 106,17391304347827; 0,06985127
4402; 0,09375; 0,09375; 106,93478260869566; 0,07035185
4403; 0,09375; 0,09375; 106,1086956521739; 0,069808364
4404; 0,09375; 0,09375; 106,95652173913044; 0,070366144
4405; 0,09375; 0,09375; 106,71739130434783; 0,07020883
4406; 0,09375; 0,09375; 106,3913043478261; 0,0699943
4407; 0,09375; 0,09375; 106,47826086956522; 0,070051506
4408; 0,09375; 0,09375; 106,15217391304348; 0,069836974
4409; 0,09375; 0,09375; 106,34782608695652; 0,0699657
4410; 0,09375; 0,09375; 106,43478260869566; 0,070022896
4411; 0,09375; 0,09375; 106,45652173913044; 0,07003721
4412; 0,09375; 0,09375; 108,04347826086956; 0,07108125
4413; 0,09375; 0,09375; 106,15217391304348; 0,06983697
4414; 0,09375; 0,09375; 106,41304347826087; 0,07000859
4415; 0,09375; 0,09375; 106,1086956521739; 0,06980836
4416; 0,09375; 0,09375; 106,17391304347827; 0,06985128
4417; 0,09375; 0,09375; 106,78260869565217; 0,07025172
4418; 0,09375; 0,09375; 106,06521739130434; 0,06977977
4419; 0,09375; 0,09375; 107,26086956521739; 0,07056638
4420; 0,09375; 0,09375; 106,56521739130434; 0,07010871
4421; 0,09375; 0,09375; 106,6086956521739; 0,070137314
4422; 0,09375; 0,09375; 106,47826086956522; 0,070051506
4423; 0,09375; 0,09375; 106,43478260869566; 0,07002289
4424; 0,09375; 0,09375; 106,5; 0,0700658
4425; 0,09375; 0,09375; 106,95652173913044; 0,07036615
4426; 0,09375; 0,09375; 106,1086956521739; 0,069808364
4427; 0,09375; 0,09375; 106,23913043478261; 0,06989418
4428; 0,09375; 0,09375; 106,17391304347827; 0,06985127
4429; 0,09375; 0,09375; 106,6086956521739; 0,07013731
4430; 0,09375; 0,09375; 106,23913043478261; 0,06989418
4431; 0,09375; 0,09375; 107,52173913043478; 0,07073799
4432; 0,09375; 0,09375; 104,45652173913044; 0,068721406
4433; 0,09375; 0,09375; 106,32608695652173; 0,06995138
4434; 0,09375; 0,09375; 107,17391304347827; 0,070509166
4435; 0,09375; 0,09375; 106,8913043478261; 0,07032324
4436; 0,09375; 0,09375; 106,73913043478261; 0,070223115
4437; 0,09375; 0,09375; 106,54347826086956; 0,07009441
4438; 0,09375; 0,09375; 106,69565217391305; 0,07019453
4439; 0,09375; 0,09375; 106,5; 0,070065804
4440; 0,09375; 0,09375; 105,71739130434783; 0,06955093
4441; 0,09375; 0,09375; 106,8695652173913; 0,07030894
4442; 0,09375; 0,09375; 106,67391304347827; 0,07018022
4443; 0,09375; 0,09375; 106,3913043478261; 0,0699943
4444; 0,09375; 0,09375; 106,0; 0,06973686
4445; 0,09375; 0,09375; 106,54347826086956; 0,07009441
4446; 0,09375; 0,09375; 106,45652173913044; 0,07003719
4447; 0,09375; 0,09375; 106,19565217391305; 0,06986558
4448; 0,09375; 0,09375; 106,71739130434783; 0,07020883
4449; 0,09375; 0,09375; 106,02173913043478; 0,069751166
4450; 0,09375; 0,09375; 106,45652173913044; 0,07003719
4451; 0,09375; 0,09375; 106,8913043478261; 0,07032324
4452; 0,09375; 0,09375; 106,02173913043478; 0,06975115
4453; 0,09375; 0,09375; 106,17391304347827; 0,06985127
4454; 0,09375; 0,09375; 105,8913043478261; 0,06966534
4455; 0,09375; 0,09375; 106,56521739130434; 0,07010871
4456; 0,09375; 0,09375; 106,1304347826087; 0,06982268
4457; 0,09375; 0,09375; 106,5; 0,070065804
4458; 0,09375; 0,09375; 106,82608695652173; 0,070280336
4459; 0,09375; 0,09375; 105,43478260869566; 0,069365
4460; 0,09375; 0,09375; 106,6304347826087; 0,07015163
4461; 0,09375; 0,09375; 106,6304347826087; 0,07015161
4462; 0,09375; 0,09375; 106,19565217391305; 0,06986558
4463; 0,09375; 0,09375; 105,65217391304348; 0,06950802
4464; 0,09375; 0,09375; 105,15217391304348; 0,06917908
4465; 0,09375; 0,09375; 106,69565217391305; 0,07019453
4466; 0,09375; 0,09375; 105,91304347826087; 0,06967963
4467; 0,09375; 0,09375; 106,93478260869566; 0,07035185
4468; 0,09375; 0,09375; 106,6304347826087; 0,07015161
4469; 0,09375; 0,09375; 106,45652173913044; 0,0700372
4470; 0,09375; 0,09375; 107,26086956521739; 0,07056637
4471; 0,09375; 0,09375; 106,65217391304348; 0,07016592
4472; 0,09375; 0,09375; 106,95652173913044; 0,070366144
4473; 0,09375; 0,09375; 107,52173913043478; 0,070738
4474; 0,09375; 0,09375; 105,71739130434783; 0,06955093
4475; 0,09375; 0,09375; 106,34782608695652; 0,06996568
4476; 0,09375; 0,09375; 106,58695652173913; 0,07012301
4477; 0,09375; 0,09375; 106,34782608695652; 0,069965675
4478; 0,09375; 0,09375; 106,56521739130434; 0,07010871
4479; 0,09375; 0,09375; 106,43478260869566; 0,070022896
4480; 0,09375; 0,09375; 106,47826086956522; 0,0700515
4481; 0,09375; 0,09375; 105,93478260869566; 0,069693945
4482; 0,09375; 0,09375; 105,30434782608695; 0,06927919
4483; 0,09375; 0,09375; 105,73913043478261; 0,06956524
4484; 0,09375; 0,09375; 106,65217391304348; 0,070165895
4485; 0,09375; 0,09375; 107,32608695652173; 0,07060928
4486; 0,09375; 0,09375; 106,28260869565217; 0,069922775
4487; 0,09375; 0,09375; 106,45652173913044; 0,0700372
4488; 0,09375; 0,09375; 106,6304347826087; 0,07015161
4489; 0,09375; 0,09375; 107,04347826086956; 0,07042336
4490; 0,09375; 0,09375; 105,80434782608695; 0,069608144
4491; 0,09375; 0,09375; 106,06521739130434; 0,06977976
4492; 0,09375; 0,09375; 106,65217391304348; 0,07016592
4493; 0,09375; 0,09375; 106,54347826086956; 0,07009441
4494; 0,09375; 0,09375; 106,0; 0,06973686
4495; 0,09375; 0,09375; 106,93478260869566; 0,07035184
4496; 0,09375; 0,09375; 107,34782608695652; 0,07062359
4497; 0,09375; 0,09375; 106,80434782608695; 0,07026603
4498; 0,09375; 0,09375; 106,08695652173913; 0,06979406
4499; 0,09375; 0,09375; 106,3695652173913; 0,069979995
4500; 0,09375; 0,09375; 106,23913043478261; 0,06989418
4501; 0,09375; 0,09375; 107,1086956521739; 0,07046626
4502; 0,09375; 0,09375; 107,1086956521739; 0,07046627
4503; 0,09375; 0,09375; 106,6304347826087; 0,07015161
4504; 0,09375; 0,09375; 107,3913043478261; 0,070652194
4505; 0,09375; 0,09375; 106,95652173913044; 0,07036615
4506; 0,09375; 0,09375; 106,3695652173913; 0,069979995
4507; 0,09375; 0,09375; 105,97826086956522; 0,069722556
4508; 0,09375; 0,09375; 106,71739130434783; 0,070208825
4509; 0,09375; 0,09375; 105,78260869565217; 0,06959383
4510; 0,09375; 0,09375; 106,30434782608695; 0,06993709
4511; 0,09375; 0,09375; 106,91304347826087; 0,070337534
4512; 0,09375; 0,09375; 105,78260869565217; 0,06959383
4513; 0,09375; 0,09375; 106,1304347826087; 0,06982267
4514; 0,09375; 0,09375; 106,34782608695652; 0,0699657
4515; 0,09375; 0,09375; 106,47826086956522; 0,070051506
4516; 0,09375; 0,09375; 107,80434782608695; 0,07092393
4517; 0,09375; 0,09375; 107,32608695652173; 0,07060927
4518; 0,09375; 0,09375; 105,95652173913044; 0,06970825
4519; 0,09375; 0,09375; 107,41304347826087; 0,0706665
4520; 0,09375; 0,09375; 106,73913043478261; 0,07022313
4521; 0,09375; 0,09375; 106,45652173913044; 0,07003719
4522; 0,09375; 0,09375; 107,3913043478261; 0,07065219
4523; 0,09375; 0,09375; 106,1086956521739; 0,06980836
4524; 0,09375; 0,09375; 107,58695652173913; 0,070780896
4525; 0,09375; 0,09375; 105,97826086956522; 0,06972256
4526; 0,09375; 0,09375; 107,02173913043478; 0,070409045
4527; 0,09375; 0,09375; 105,91304347826087; 0,06967965
4528; 0,09375; 0,09375; 107,52173913043478; 0,070738
4529; 0,09375; 0,09375; 106,21739130434783; 0,069879875
4530; 0,09375; 0,09375; 106,3913043478261; 0,06999429
4531; 0,09375; 0,09375; 107,19565217391305; 0,07052346
4532; 0,09375; 0,09375; 106,30434782608695; 0,06993709
4533; 0,09375; 0,09375; 105,56521739130434; 0,06945081
4534; 0,09375; 0,09375; 105,6304347826087; 0,06949372
4535; 0,09375; 0,09375; 106,8695652173913; 0,070308946
4536; 0,09375; 0,09375; 106,41304347826087; 0,07000859
4537; 0,09375; 0,09375; 107,73913043478261; 0,07088102
4538; 0,09375; 0,09375; 106,21739130434783; 0,06987988
4539; 0,09375; 0,09375; 105,78260869565217; 0,06959384
4540; 0,09375; 0,09375; 106,65217391304348; 0,07016592
4541; 0,09375; 0,09375; 107,67391304347827; 0,07083811
4542; 0,09375; 0,09375; 106,84782608695652; 0,07029464
4543; 0,09375; 0,09375; 107,19565217391305; 0,07052348
4544; 0,09375; 0,09375; 106,69565217391305; 0,07019452
4545; 0,09375; 0,09375; 106,67391304347827; 0,07018022
4546; 0,09375; 0,09375; 106,95652173913044; 0,070366144
4547; 0,09375; 0,09375; 106,78260869565217; 0,070251726
4548; 0,09375; 0,09375; 106,15217391304348; 0,06983697
4549; 0,09375; 0,09375; 105,0; 0,06907895
4550; 0,09375; 0,09375; 106,54347826086956; 0,07009441
4551; 0,09375; 0,09375; 106,82608695652173; 0,070280336
4552; 0,09375; 0,09375; 106,6304347826087; 0,07015161
4553; 0,09375; 0,09375; 105,73913043478261; 0,06956523
4554; 0,09375; 0,09375; 107,08695652173913; 0,07045196
4555; 0,09375; 0,09375; 106,71739130434783; 0,07020882
4556; 0,09375; 0,09375; 106,1304347826087; 0,06982267
4557; 0,09375; 0,09375; 106,34782608695652; 0,0699657
4558; 0,09375; 0,09375; 106,58695652173913; 0,07012301
4559; 0,09375; 0,09375; 105,54347826086956; 0,06943652
4560; 0,09375; 0,09375; 106,41304347826087; 0,07000858
4561; 0,09375; 0,09375; 107,19565217391305; 0,070523456
4562; 0,09375; 0,09375; 105,6086956521739; 0,06947941
4563; 0,09375; 0,09375; 105,93478260869566; 0,069693945
4564; 0,09375; 0,09375; 107,21739130434783; 0,07053777
4565; 0,09375; 0,09375; 108,56521739130434; 0,07142451
4566; 0,09375; 0,09375; 107,54347826086956; 0,07075231
4567; 0,09375; 0,09375; 106,97826086956522; 0,07038045
4568; 0,09375; 0,09375; 105,45652173913044; 0,06937931
4569; 0,09375; 0,09375; 106,1304347826087; 0,06982268
4570; 0,09375; 0,09375; 106,34782608695652; 0,06996569
4571; 0,09375; 0,09375; 106,1086956521739; 0,06980837
4572; 0,09375; 0,09375; 105,65217391304348; 0,06950802
4573; 0,09375; 0,09375; 107,06521739130434; 0,070437655
4574; 0,09375; 0,09375; 107,1086956521739; 0,07046626
4575; 0,09375; 0,09375; 107,04347826086956; 0,07042336
4576; 0,09375; 0,09375; 106,52173913043478; 0,07008011
4577; 0,09375; 0,09375; 107,95652173913044; 0,07102404
4578; 0,09375; 0,09375; 105,80434782608695; 0,06960814
4579; 0,09375; 0,09375; 107,67391304347827; 0,070838116
4580; 0,09375; 0,09375; 106,45652173913044; 0,0700372
4581; 0,09375; 0,09375; 105,54347826086956; 0,069436505
4582; 0,09375; 0,09375; 107,82608695652173; 0,07093824
4583; 0,09375; 0,09375; 107,08695652173913; 0,07045197
4584; 0,09375; 0,09375; 106,1086956521739; 0,06980837
4585; 0,09375; 0,09375; 106,67391304347827; 0,07018022
4586; 0,09375; 0,09375; 106,45652173913044; 0,0700372
4587; 0,09375; 0,09375; 106,1304347826087; 0,06982266
4588; 0,09375; 0,09375; 106,52173913043478; 0,0700801
4589; 0,09375; 0,09375; 105,32608695652173; 0,06929349
4590; 0,09375; 0,09375; 106,23913043478261; 0,06989417
4591; 0,09375; 0,09375; 106,71739130434783; 0,07020883
4592; 0,09375; 0,09375; 105,78260869565217; 0,06959384
4593; 0,09375; 0,09375; 106,3913043478261; 0,069994286
4594; 0,09375; 0,09375; 106,65217391304348; 0,07016592
4595; 0,09375; 0,09375; 106,26086956521739; 0,06990848
4596; 0,09375; 0,09375; 107,65217391304348; 0,07082381
4597; 0,09375; 0,09375; 105,34782608695652; 0,0693078
4598; 0,09375; 0,09375; 105,71739130434783; 0,06955093
4599; 0,09375; 0,09375; 106,47826086956522; 0,0700515
4600; 0,09375; 0,09375; 105,56521739130434; 0,06945081
4601; 0,09375; 0,09375; 106,06521739130434; 0,06977976
4602; 0,09375; 0,09375; 107,17391304347827; 0,07050916
4603; 0,09375; 0,09375; 105,71739130434783; 0,069550924
4604; 0,09375; 0,09375; 107,21739130434783; 0,070537776
4605; 0,09375; 0,09375; 106,28260869565217; 0,06992279
4606; 0,09375; 0,09375; 106,58695652173913; 0,07012301
4607; 0,09375; 0,09375; 106,17391304347827; 0,06985127
4608; 0,09375; 0,09375; 106,28260869565217; 0,06992278
4609; 0,09375; 0,09375; 107,1304347826087; 0,07048057
4610; 0,09375; 0,09375; 106,73913043478261; 0,07022312
4611; 0,09375; 0,09375; 107,23913043478261; 0,070552066
4612; 0,09375; 0,09375; 106,02173913043478; 0,069751166
4613; 0,09375; 0,09375; 105,97826086956522; 0,06972256
4614; 0,09375; 0,09375; 107,17391304347827; 0,07050917
4615; 0,09375; 0,09375; 106,47826086956522; 0,070051506
4616; 0,09375; 0,09375; 106,06521739130434; 0,06977977
4617; 0,09375; 0,09375; 106,91304347826087; 0,07033755
4618; 0,09375; 0,09375; 107,08695652173913; 0,07045195
4619; 0,09375; 0,09375; 106,43478260869566; 0,070022896
4620; 0,09375; 0,09375; 105,82608695652173; 0,06962244
4621; 0,09375; 0,09375; 105,52173913043478; 0,06942222
4622; 0,09375; 0,09375; 105,93478260869566; 0,06969394
4623; 0,09375; 0,09375; 106,30434782608695; 0,06993709
4624; 0,09375; 0,09375; 106,23913043478261; 0,06989419
4625; 0,09375; 0,09375; 106,45652173913044; 0,0700372
4626; 0,09375; 0,09375; 106,34782608695652; 0,0699657
4627; 0,09375; 0,09375; 107,26086956521739; 0,07056637
4628; 0,09375; 0,09375; 106,17391304347827; 0,06985129
4629; 0,09375; 0,09375; 107,30434782608695; 0,07059498
4630; 0,09375; 0,09375; 107,52173913043478; 0,07073799
4631; 0,09375; 0,09375; 106,06521739130434; 0,06977977
4632; 0,09375; 0,09375; 107,26086956521739; 0,07056637
4633; 0,09375; 0,09375; 106,52173913043478; 0,0700801
4634; 0,09375; 0,09375; 106,67391304347827; 0,0701802
4635; 0,09375; 0,09375; 106,02173913043478; 0,06975116
4636; 0,09375; 0,09375; 106,45652173913044; 0,0700372
4637; 0,09375; 0,09375; 107,8695652173913; 0,07096683
4638; 0,09375; 0,09375; 106,8695652173913; 0,07030893
4639; 0,09375; 0,09375; 107,56521739130434; 0,070766605
4640; 0,09375; 0,09375; 106,54347826086956; 0,07009441
4641; 0,09375; 0,09375; 107,8695652173913; 0,070966825
4642; 0,09375; 0,09375; 106,6304347826087; 0,07015162
4643; 0,09375; 0,09375; 105,5; 0,06940791
4644; 0,09375; 0,09375; 106,32608695652173; 0,069951385
4645; 0,09375; 0,09375; 106,3695652173913; 0,06997999
4646; 0,09375; 0,09375; 106,26086956521739; 0,06990848
4647; 0,09375; 0,09375; 105,69565217391305; 0,06953663
4648; 0,09375; 0,09375; 107,0; 0,07039475
4649; 0,09375; 0,09375; 107,65217391304348; 0,07082382
4650; 0,09375; 0,09375; 107,91304347826087; 0,070995435
4651; 0,09375; 0,09375; 105,8695652173913; 0,069651045
4652; 0,09375; 0,09375; 106,04347826086956; 0,06976547
4653; 0,09375; 0,09375; 106,0; 0,06973685
4654; 0,09375; 0,09375; 106,02173913043478; 0,06975115
4655; 0,09375; 0,09375; 106,32608695652173; 0,06995139
4656; 0,09375; 0,09375; 106,78260869565217; 0,070251726
4657; 0,09375; 0,09375; 106,28260869565217; 0,06992279
4658; 0,09375; 0,09375; 106,34782608695652; 0,06996569
4659; 0,09375; 0,09375; 106,0; 0,06973686
4660; 0,09375; 0,09375; 106,95652173913044; 0,070366144
4661; 0,09375; 0,09375; 106,30434782608695; 0,06993709
4662; 0,09375; 0,09375; 107,47826086956522; 0,07070941
4663; 0,09375; 0,09375; 105,91304347826087; 0,06967965
4664; 0,09375; 0,09375; 106,32608695652173; 0,06995138
4665; 0,09375; 0,09375; 106,41304347826087; 0,0700086
4666; 0,09375; 0,09375; 106,45652173913044; 0,0700372
4667; 0,09375; 0,09375; 106,76086956521739; 0,07023742
4668; 0,09375; 0,09375; 105,3913043478261; 0,0693364
4669; 0,09375; 0,09375; 106,32608695652173; 0,069951385
4670; 0,09375; 0,09375; 106,21739130434783; 0,06987988
4671; 0,09375; 0,09375; 105,97826086956522; 0,06972255
4672; 0,09375; 0,09375; 106,95652173913044; 0,07036615
4673; 0,09375; 0,09375; 106,41304347826087; 0,07000859
4674; 0,09375; 0,09375; 106,17391304347827; 0,06985128
4675; 0,09375; 0,09375; 105,8913043478261; 0,06966536
4676; 0,09375; 0,09375; 106,6086956521739; 0,07013732
4677; 0,09375; 0,09375; 106,34782608695652; 0,0699657
4678; 0,09375; 0,09375; 105,80434782608695; 0,06960814
4679; 0,09375; 0,09375; 105,78260869565217; 0,06959383
4680; 0,09375; 0,09375; 106,04347826086956; 0,06976546
4681; 0,09375; 0,09375; 107,06521739130434; 0,070437655
4682; 0,09375; 0,09375; 106,41304347826087; 0,07000859
4683; 0,09375; 0,09375; 105,43478260869566; 0,069364995
4684; 0,09375; 0,09375; 106,56521739130434; 0,07010871
4685; 0,09375; 0,09375; 106,41304347826087; 0,0700086
4686; 0,09375; 0,09375; 107,3695652173913; 0,07063788
4687; 0,09375; 0,09375; 106,76086956521739; 0,07023742
4688; 0,09375; 0,09375; 105,91304347826087; 0,06967966
4689; 0,09375; 0,09375; 106,43478260869566; 0,070022896
4690; 0,09375; 0,09375; 106,43478260869566; 0,070022896
4691; 0,09375; 0,09375; 107,95652173913044; 0,07102404
4692; 0,09375; 0,09375; 107,08695652173913; 0,07045197
4693; 0,09375; 0,09375; 106,41304347826087; 0,07000858
4694; 0,09375; 0,09375; 106,71739130434783; 0,07020881
4695; 0,09375; 0,09375; 106,5; 0,0700658
4696; 0,09375; 0,09375; 105,93478260869566; 0,069693945
4697; 0,09375; 0,09375; 106,52173913043478; 0,0700801
4698; 0,09375; 0,09375; 106,84782608695652; 0,07029464
4699; 0,09375; 0,09375; 106,02173913043478; 0,06975116
4700; 0,09375; 0,09375; 106,34782608695652; 0,069965675
4701; 0,09375; 0,09375; 105,8913043478261; 0,06966535
4702; 0,09375; 0,09375; 107,06521739130434; 0,07043766
4703; 0,09375; 0,09375; 105,69565217391305; 0,06953663
4704; 0,09375; 0,09375; 106,47826086956522; 0,0700515
4705; 0,09375; 0,09375; 106,04347826086956; 0,06976546
4706; 0,09375; 0,09375; 106,80434782608695; 0,07026602
4707; 0,09375; 0,09375; 106,28260869565217; 0,06992278
4708; 0,09375; 0,09375; 105,84782608695652; 0,06963675
4709; 0,09375; 0,09375; 106,26086956521739; 0,06990848
4710; 0,09375; 0,09375; 106,91304347826087; 0,07033754
4711; 0,09375; 0,09375; 108,1304347826087; 0,071138464
4712; 0,09375; 0,09375; 106,47826086956522; 0,070051506
4713; 0,09375; 0,09375; 106,43478260869566; 0,070022896
4714; 0,09375; 0,09375; 105,76086956521739; 0,06957954
4715; 0,09375; 0,09375; 106,04347826086956; 0,069765456
4716; 0,09375; 0,09375; 106,78260869565217; 0,07025173
4717; 0,09375; 0,09375; 105,95652173913044; 0,06970825
4718; 0,09375; 0,09375; 106,41304347826087; 0,07000859
4719; 0,09375; 0,09375; 106,54347826086956; 0,070094414
4720; 0,09375; 0,09375; 107,19565217391305; 0,07052347
4721; 0,09375; 0,09375; 106,5; 0,070065804
4722; 0,09375; 0,09375; 106,54347826086956; 0,07009441
4723; 0,09375; 0,09375; 105,80434782608695; 0,06960814
4724; 0,09375; 0,09375; 107,41304347826087; 0,0706665
4725; 0,09375; 0,09375; 105,17391304347827; 0,069193386
4726; 0,09375; 0,09375; 106,15217391304348; 0,069836974
4727; 0,09375; 0,09375; 107,52173913043478; 0,070737995
4728; 0,09375; 0,09375; 107,58695652173913; 0,0707809
4729; 0,09375; 0,09375; 106,71739130434783; 0,07020883
4730; 0,09375; 0,09375; 105,80434782608695; 0,069608144
4731; 0,09375; 0,09375; 106,97826086956522; 0,07038044
4732; 0,09375; 0,09375; 106,28260869565217; 0,06992279
4733; 0,09375; 0,09375; 106,34782608695652; 0,06996568
4734; 0,09375; 0,09375; 106,8913043478261; 0,07032325
4735; 0,09375; 0,09375; 107,04347826086956; 0,07042334
4736; 0,09375; 0,09375; 107,65217391304348; 0,0708238
4737; 0,09375; 0,09375; 105,06521739130434; 0,06912187
4738; 0,09375; 0,09375; 106,67391304347827; 0,07018022
4739; 0,09375; 0,09375; 106,06521739130434; 0,06977976
4740; 0,09375; 0,09375; 106,41304347826087; 0,0700086
4741; 0,09375; 0,09375; 107,26086956521739; 0,07056637
4742; 0,09375; 0,09375; 106,0; 0,06973686
4743; 0,09375; 0,09375; 105,21739130434783; 0,06922198
4744; 0,09375; 0,09375; 105,97826086956522; 0,069722556
4745; 0,09375; 0,09375; 106,5; 0,0700658
4746; 0,09375; 0,09375; 106,5; 0,070065804
4747; 0,09375; 0,09375; 108,17391304347827; 0,07116707
4748; 0,09375; 0,09375; 106,32608695652173; 0,06995137
4749; 0,09375; 0,09375; 106,97826086956522; 0,07038046
4750; 0,09375; 0,09375; 106,45652173913044; 0,07003719
4751; 0,09375; 0,09375; 105,82608695652173; 0,06962244
4752; 0,09375; 0,09375; 106,08695652173913; 0,069794066
4753; 0,09375; 0,09375; 106,17391304347827; 0,06985128
4754; 0,09375; 0,09375; 106,6304347826087; 0,07015162
4755; 0,09375; 0,09375; 106,34782608695652; 0,06996568
4756; 0,09375; 0,09375; 106,06521739130434; 0,06977976
4757; 0,09375; 0,09375; 106,6304347826087; 0,07015161
4758; 0,09375; 0,09375; 106,56521739130434; 0,07010871
4759; 0,09375; 0,09375; 106,82608695652173; 0,070280336
4760; 0,09375; 0,09375; 107,1304347826087; 0,07048056
4761; 0,09375; 0,09375; 105,19565217391305; 0,06920768
4762; 0,09375; 0,09375; 105,15217391304348; 0,06917908
4763; 0,09375; 0,09375; 105,5; 0,06940791
4764; 0,09375; 0,09375; 106,17391304347827; 0,069851264
4765; 0,09375; 0,09375; 105,54347826086956; 0,06943651
4766; 0,09375; 0,09375; 107,15217391304348; 0,07049487
4767; 0,09375; 0,09375; 106,41304347826087; 0,07000859
4768; 0,09375; 0,09375; 106,23913043478261; 0,06989418
4769; 0,09375; 0,09375; 104,3695652173913; 0,06866419
4770; 0,09375; 0,09375; 106,54347826086956; 0,07009441
4771; 0,09375; 0,09375; 106,84782608695652; 0,07029463
4772; 0,09375; 0,09375; 106,34782608695652; 0,06996569
4773; 0,09375; 0,09375; 107,5; 0,07072368
4774; 0,09375; 0,09375; 105,8695652173913; 0,06965103
4775; 0,09375; 0,09375; 104,91304347826087; 0,069021754
4776; 0,09375; 0,09375; 106,43478260869566; 0,070022896
4777; 0,09375; 0,09375; 105,30434782608695; 0,06927919
4778; 0,09375; 0,09375; 106,56521739130434; 0,07010871
4779; 0,09375; 0,09375; 106,41304347826087; 0,070008606
4780; 0,09375; 0,09375; 106,26086956521739; 0,06990848
4781; 0,09375; 0,09375; 107,17391304347827; 0,07050917
4782; 0,09375; 0,09375; 107,45652173913044; 0,070695095
4783; 0,09375; 0,09375; 106,76086956521739; 0,07023743
4784; 0,09375; 0,09375; 105,69565217391305; 0,06953663
4785; 0,09375; 0,09375; 107,76086956521739; 0,07089533
4786; 0,09375; 0,09375; 106,3913043478261; 0,06999428
4787; 0,09375; 0,09375; 107,21739130434783; 0,07053776
4788; 0,09375; 0,09375; 105,28260869565217; 0,069264896
4789; 0,09375; 0,09375; 106,26086956521739; 0,069908485
4790; 0,09375; 0,09375; 106,73913043478261; 0,07022313
4791; 0,09375; 0,09375; 106,02173913043478; 0,06975116
4792; 0,09375; 0,09375; 107,69565217391305; 0,07085242
4793; 0,09375; 0,09375; 106,17391304347827; 0,06985127
4794; 0,09375; 0,09375; 107,21739130434783; 0,07053778
4795; 0,09375; 0,09375; 107,23913043478261; 0,07055208
4796; 0,09375; 0,09375; 106,30434782608695; 0,06993709
4797; 0,09375; 0,09375; 106,95652173913044; 0,07036615
4798; 0,09375; 0,09375; 105,28260869565217; 0,06926489
4799; 0,09375; 0,09375; 106,45652173913044; 0,0700372
4800; 0,09375; 0,09375; 105,71739130434783; 0,06955093
4801; 0,09375; 0,09375; 106,1086956521739; 0,069808364
4802; 0,09375; 0,09375; 106,32608695652173; 0,06995139
4803; 0,09375; 0,09375; 107,19565217391305; 0,07052347
4804; 0,09375; 0,09375; 105,84782608695652; 0,06963674
4805; 0,09375; 0,09375; 107,58695652173913; 0,07078092
4806; 0,09375; 0,09375; 105,91304347826087; 0,069679655
4807; 0,09375; 0,09375; 106,26086956521739; 0,06990848
4808; 0,09375; 0,09375; 106,26086956521739; 0,06990849
4809; 0,09375; 0,09375; 105,52173913043478; 0,06942221
4810; 0,09375; 0,09375; 108,04347826086956; 0,07108126
4811; 0,09375; 0,09375; 105,5; 0,06940791
4812; 0,09375; 0,09375; 106,47826086956522; 0,0700515
4813; 0,09375; 0,09375; 106,8695652173913; 0,07030893
4814; 0,09375; 0,09375; 107,26086956521739; 0,07056638
4815; 0,09375; 0,09375; 105,34782608695652; 0,0693078
4816; 0,09375; 0,09375; 106,21739130434783; 0,069879875
4817; 0,09375; 0,09375; 106,17391304347827; 0,06985127
4818; 0,09375; 0,09375; 105,95652173913044; 0,06970824
4819; 0,09375; 0,09375; 106,08695652173913; 0,069794066
4820; 0,09375; 0,09375; 106,3695652173913; 0,069979995
4821; 0,09375; 0,09375; 106,67391304347827; 0,07018022
4822; 0,09375; 0,09375; 105,54347826086956; 0,069436505
4823; 0,09375; 0,09375; 105,17391304347827; 0,06919338
4824; 0,09375; 0,09375; 105,82608695652173; 0,06962244
4825; 0,09375; 0,09375; 107,82608695652173; 0,07093822
4826; 0,09375; 0,09375; 106,26086956521739; 0,06990849
4827; 0,09375; 0,09375; 107,6086956521739; 0,070795216
4828; 0,09375; 0,09375; 106,02173913043478; 0,06975116
4829; 0,09375; 0,09375; 106,65217391304348; 0,07016592
4830; 0,09375; 0,09375; 106,02173913043478; 0,06975116
4831; 0,09375; 0,09375; 106,56521739130434; 0,07010871
4832; 0,09375; 0,09375; 106,1304347826087; 0,06982267
4833; 0,09375; 0,09375; 107,26086956521739; 0,07056637
4834; 0,09375; 0,09375; 106,19565217391305; 0,06986558
4835; 0,09375; 0,09375; 105,6086956521739; 0,06947942
4836; 0,09375; 0,09375; 104,91304347826087; 0,069021754
4837; 0,09375; 0,09375; 106,45652173913044; 0,07003719
4838; 0,09375; 0,09375; 107,15217391304348; 0,07049487
4839; 0,09375; 0,09375; 107,52173913043478; 0,070738
4840; 0,09375; 0,09375; 105,73913043478261; 0,06956523
4841; 0,09375; 0,09375; 106,78260869565217; 0,070251726
4842; 0,09375; 0,09375; 104,28260869565217; 0,068606995
4843; 0,09375; 0,09375; 106,6086956521739; 0,07013732
4844; 0,09375; 0,09375; 106,28260869565217; 0,06992279
4845; 0,09375; 0,09375; 106,52173913043478; 0,07008011
4846; 0,09375; 0,09375; 107,8695652173913; 0,070966825
4847; 0,09375; 0,09375; 106,80434782608695; 0,07026603
4848; 0,09375; 0,09375; 108,04347826086956; 0,07108126
4849; 0,09375; 0,09375; 106,17391304347827; 0,06985128
4850; 0,09375; 0,09375; 106,15217391304348; 0,06983698
4851; 0,09375; 0,09375; 106,84782608695652; 0,07029464
4852; 0,09375; 0,09375; 105,6086956521739; 0,06947943
4853; 0,09375; 0,09375; 105,91304347826087; 0,06967965
4854; 0,09375; 0,09375; 107,28260869565217; 0,070580676
4855; 0,09375; 0,09375; 106,43478260869566; 0,070022896
4856; 0,09375; 0,09375; 105,93478260869566; 0,069693945
4857; 0,09375; 0,09375; 106,6086956521739; 0,070137314
4858; 0,09375; 0,09375; 106,04347826086956; 0,069765456
4859; 0,09375; 0,09375; 106,82608695652173; 0,070280336
4860; 0,09375; 0,09375; 107,43478260869566; 0,0706808
4861; 0,09375; 0,09375; 107,26086956521739; 0,070566386
4862; 0,09375; 0,09375; 105,80434782608695; 0,06960814
4863; 0,09375; 0,09375; 106,52173913043478; 0,070080094
4864; 0,09375; 0,09375; 107,69565217391305; 0,070852414
4865; 0,09375; 0,09375; 107,93478260869566; 0,07100973
4866; 0,09375; 0,09375; 106,34782608695652; 0,06996568
4867; 0,09375; 0,09375; 106,56521739130434; 0,07010871
4868; 0,09375; 0,09375; 106,54347826086956; 0,070094414
4869; 0,09375; 0,09375; 106,45652173913044; 0,0700372
4870; 0,09375; 0,09375; 106,28260869565217; 0,06992278
4871; 0,09375; 0,09375; 105,43478260869566; 0,069365
4872; 0,09375; 0,09375; 106,08695652173913; 0,069794066
4873; 0,09375; 0,09375; 106,3913043478261; 0,06999429
4874; 0,09375; 0,09375; 105,28260869565217; 0,06926489
4875; 0,09375; 0,09375; 105,71739130434783; 0,06955093
4876; 0,09375; 0,09375; 105,67391304347827; 0,06952233
4877; 0,09375; 0,09375; 107,06521739130434; 0,07043766
4878; 0,09375; 0,09375; 106,6304347826087; 0,07015163
4879; 0,09375; 0,09375; 106,0; 0,06973685
4880; 0,09375; 0,09375; 106,3695652173913; 0,06998
4881; 0,09375; 0,09375; 106,1304347826087; 0,06982266
4882; 0,09375; 0,09375; 107,02173913043478; 0,07040905
4883; 0,09375; 0,09375; 107,56521739130434; 0,07076661
4884; 0,09375; 0,09375; 105,82608695652173; 0,06962244
4885; 0,09375; 0,09375; 107,0; 0,07039475
4886; 0,09375; 0,09375; 106,47826086956522; 0,070051506
4887; 0,09375; 0,09375; 106,91304347826087; 0,07033754
4888; 0,09375; 0,09375; 107,02173913043478; 0,07040905
4889; 0,09375; 0,09375; 105,65217391304348; 0,06950802
4890; 0,09375; 0,09375; 107,32608695652173; 0,070609294
4891; 0,09375; 0,09375; 106,21739130434783; 0,06987988
4892; 0,09375; 0,09375; 106,1304347826087; 0,069822684
4893; 0,09375; 0,09375; 105,67391304347827; 0,06952232
4894; 0,09375; 0,09375; 107,0; 0,07039475
4895; 0,09375; 0,09375; 106,71739130434783; 0,07020883
4896; 0,09375; 0,09375; 106,30434782608695; 0,06993709
4897; 0,09375; 0,09375; 105,67391304347827; 0,06952233
4898; 0,09375; 0,09375; 105,65217391304348; 0,069508016
4899; 0,09375; 0,09375; 106,95652173913044; 0,07036615
4900; 0,09375; 0,09375; 106,34782608695652; 0,0699657
4901; 0,09375; 0,09375; 106,54347826086956; 0,07009441
4902; 0,09375; 0,09375; 106,56521739130434; 0,07010871
4903; 0,09375; 0,09375; 106,15217391304348; 0,06983697
4904; 0,09375; 0,09375; 106,6086956521739; 0,07013731
4905; 0,09375; 0,09375; 106,5; 0,0700658
4906; 0,09375; 0,09375; 106,3695652173913; 0,069979995
4907; 0,09375; 0,09375; 106,58695652173913; 0,07012301
4908; 0,09375; 0,09375; 105,91304347826087; 0,06967965
4909; 0,09375; 0,09375; 107,04347826086956; 0,07042336
4910; 0,09375; 0,09375; 107,08695652173913; 0,07045196
4911; 0,09375; 0,09375; 105,84782608695652; 0,06963675
4912; 0,09375; 0,09375; 106,8913043478261; 0,07032324
4913; 0,09375; 0,09375; 105,6086956521739; 0,06947942
4914; 0,09375; 0,09375; 106,32608695652173; 0,06995139
4915; 0,09375; 0,09375; 105,47826086956522; 0,069393605
4916; 0,09375; 0,09375; 106,6086956521739; 0,07013732
4917; 0,09375; 0,09375; 106,5; 0,0700658
4918; 0,09375; 0,09375; 106,43478260869566; 0,07002291
4919; 0,09375; 0,09375; 106,26086956521739; 0,06990848
4920; 0,09375; 0,09375; 106,69565217391305; 0,07019453
4921; 0,09375; 0,09375; 107,04347826086956; 0,07042336
4922; 0,09375; 0,09375; 107,19565217391305; 0,07052348
4923; 0,09375; 0,09375; 107,32608695652173; 0,07060929
4924; 0,09375; 0,09375; 106,93478260869566; 0,07035185
4925; 0,09375; 0,09375; 106,6304347826087; 0,07015163
4926; 0,09375; 0,09375; 106,43478260869566; 0,070022896
4927; 0,09375; 0,09375; 106,15217391304348; 0,069836974
4928; 0,09375; 0,09375; 108,1086956521739; 0,07112415
4929; 0,09375; 0,09375; 106,1086956521739; 0,06980838
4930; 0,09375; 0,09375; 106,8913043478261; 0,07032325
4931; 0,09375; 0,09375; 105,08695652173913; 0,069136165
4932; 0,09375; 0,09375; 106,0; 0,06973686
4933; 0,09375; 0,09375; 106,58695652173913; 0,07012301
4934; 0,09375; 0,09375; 106,80434782608695; 0,07026604
4935; 0,09375; 0,09375; 105,08695652173913; 0,069136165
4936; 0,09375; 0,09375; 106,28260869565217; 0,06992279
4937; 0,09375; 0,09375; 105,0; 0,06907897
4938; 0,09375; 0,09375; 105,47826086956522; 0,06939361
4939; 0,09375; 0,09375; 105,8695652173913; 0,06965105
4940; 0,09375; 0,09375; 107,47826086956522; 0,07070939
4941; 0,09375; 0,09375; 106,8695652173913; 0,07030894
4942; 0,09375; 0,09375; 105,32608695652173; 0,06929349
4943; 0,09375; 0,09375; 105,43478260869566; 0,069365
4944; 0,09375; 0,09375; 107,67391304347827; 0,070838116
4945; 0,09375; 0,09375; 106,5; 0,0700658
4946; 0,09375; 0,09375; 106,71739130434783; 0,07020882
4947; 0,09375; 0,09375; 105,8695652173913; 0,06965105
4948; 0,09375; 0,09375; 105,52173913043478; 0,069422215
4949; 0,09375; 0,09375; 106,67391304347827; 0,07018021
4950; 0,09375; 0,09375; 105,71739130434783; 0,06955093
4951; 0,09375; 0,09375; 107,65217391304348; 0,07082381
4952; 0,09375; 0,09375; 107,30434782608695; 0,07059497
4953; 0,09375; 0,09375; 106,21739130434783; 0,069879875
4954; 0,09375; 0,09375; 106,28260869565217; 0,06992279
4955; 0,09375; 0,09375; 106,58695652173913; 0,07012302
4956; 0,09375; 0,09375; 105,84782608695652; 0,06963675
4957; 0,09375; 0,09375; 105,6086956521739; 0,06947942
4958; 0,09375; 0,09375; 106,65217391304348; 0,070165925
4959; 0,09375; 0,09375; 106,6086956521739; 0,07013731
4960; 0,09375; 0,09375; 105,45652173913044; 0,06937931
4961; 0,09375; 0,09375; 106,32608695652173; 0,06995139
4962; 0,09375; 0,09375; 106,82608695652173; 0,070280336
4963; 0,09375; 0,09375; 106,43478260869566; 0,070022896
4964; 0,09375; 0,09375; 106,08695652173913; 0,06979406
4965; 0,09375; 0,09375; 105,43478260869566; 0,069364995
4966; 0,09375; 0,09375; 107,56521739130434; 0,0707666
4967; 0,09375; 0,09375; 108,1304347826087; 0,07113846
4968; 0,09375; 0,09375; 106,93478260869566; 0,07035185
4969; 0,09375; 0,09375; 105,06521739130434; 0,06912187
4970; 0,09375; 0,09375; 107,0; 0,07039475
4971; 0,09375; 0,09375; 106,21739130434783; 0,069879875
4972; 0,09375; 0,09375; 106,45652173913044; 0,070037186
4973; 0,09375; 0,09375; 106,32608695652173; 0,06995139
4974; 0,09375; 0,09375; 107,34782608695652; 0,070623584
4975; 0,09375; 0,09375; 107,0; 0,070394754
4976; 0,09375; 0,09375; 106,8695652173913; 0,07030893
4977; 0,09375; 0,09375; 107,23913043478261; 0,070552066
4978; 0,09375; 0,09375; 107,02173913043478; 0,07040906
4979; 0,09375; 0,09375; 105,91304347826087; 0,06967965
4980; 0,09375; 0,09375; 106,91304347826087; 0,07033754
4981; 0,09375; 0,09375; 106,02173913043478; 0,06975115
4982; 0,09375; 0,09375; 106,6086956521739; 0,070137314
4983; 0,09375; 0,09375; 107,23913043478261; 0,07055207
4984; 0,09375; 0,09375; 107,0; 0,07039475
4985; 0,09375; 0,09375; 106,71739130434783; 0,07020882
4986; 0,09375; 0,09375; 106,69565217391305; 0,07019452
4987; 0,09375; 0,09375; 106,52173913043478; 0,0700801
4988; 0,09375; 0,09375; 106,0; 0,069736846
4989; 0,09375; 0,09375; 107,8695652173913; 0,07096683
4990; 0,09375; 0,09375; 107,0; 0,070394754
4991; 0,09375; 0,09375; 106,30434782608695; 0,069937065
4992; 0,09375; 0,09375; 105,56521739130434; 0,06945081
4993; 0,09375; 0,09375; 107,97826086956522; 0,07103835
4994; 0,09375; 0,09375; 107,45652173913044; 0,070695095
4995; 0,09375; 0,09375; 107,0; 0,07039475
4996; 0,09375; 0,09375; 106,21739130434783; 0,069879875
4997; 0,09375; 0,09375; 106,1304347826087; 0,06982266
4998; 0,09375; 0,09375; 106,26086956521739; 0,06990848
4999; 0,09375; 0,09375; 106,82608695652173; 0,07028034
5000; 0,09375; 0,09375; 106,02173913043478; 0,06975116
5001; 0,09375; 0,09375; 105,54347826086956; 0,06943651
5002; 0,09375; 0,09375; 107,26086956521739; 0,07056636
5003; 0,09375; 0,09375; 107,0; 0,07039475
5004; 0,09375; 0,09375; 106,95652173913044; 0,07036614
5005; 0,09375; 0,09375; 105,80434782608695; 0,06960814
5006; 0,09375; 0,09375; 106,47826086956522; 0,070051506
5007; 0,09375; 0,09375; 106,8913043478261; 0,070323244
5008; 0,09375; 0,09375; 105,52173913043478; 0,069422215
5009; 0,09375; 0,09375; 107,1086956521739; 0,07046627
5010; 0,09375; 0,09375; 106,06521739130434; 0,06977976
5011; 0,09375; 0,09375; 106,23913043478261; 0,06989417
5012; 0,09375; 0,09375; 107,30434782608695; 0,07059497
5013; 0,09375; 0,09375; 107,08695652173913; 0,07045196
5014; 0,09375; 0,09375; 106,21739130434783; 0,06987988
5015; 0,09375; 0,09375; 106,6086956521739; 0,070137314
5016; 0,09375; 0,09375; 106,02173913043478; 0,069751166
5017; 0,09375; 0,09375; 106,58695652173913; 0,070123
5018; 0,09375; 0,09375; 106,56521739130434; 0,070108704
5019; 0,09375; 0,09375; 105,6086956521739; 0,06947943
5020; 0,09375; 0,09375; 106,23913043478261; 0,06989417
5021; 0,09375; 0,09375; 106,8695652173913; 0,07030893
5022; 0,09375; 0,09375; 105,97826086956522; 0,06972256
5023; 0,09375; 0,09375; 105,47826086956522; 0,06939361
5024; 0,09375; 0,09375; 107,0; 0,07039475
5025; 0,09375; 0,09375; 107,34782608695652; 0,070623584
5026; 0,09375; 0,09375; 107,15217391304348; 0,07049487
5027; 0,09375; 0,09375; 105,93478260869566; 0,069693945
5028; 0,09375; 0,09375; 105,82608695652173; 0,069622435
5029; 0,09375; 0,09375; 106,30434782608695; 0,06993708
5030; 0,09375; 0,09375; 106,67391304347827; 0,07018022
5031; 0,09375; 0,09375; 106,3695652173913; 0,06997998
5032; 0,09375; 0,09375; 105,69565217391305; 0,069536634
5033; 0,09375; 0,09375; 106,56521739130434; 0,07010871
5034; 0,09375; 0,09375; 105,69565217391305; 0,06953663
5035; 0,09375; 0,09375; 106,65217391304348; 0,07016591
5036; 0,09375; 0,09375; 107,17391304347827; 0,07050917
5037; 0,09375; 0,09375; 106,1304347826087; 0,06982267
5038; 0,09375; 0,09375; 106,82608695652173; 0,07028033
5039; 0,09375; 0,09375; 106,78260869565217; 0,070251726
5040; 0,09375; 0,09375; 106,41304347826087; 0,07000859
5041; 0,09375; 0,09375; 107,15217391304348; 0,07049487
5042; 0,09375; 0,09375; 106,28260869565217; 0,06992279
5043; 0,09375; 0,09375; 105,54347826086956; 0,06943651
5044; 0,09375; 0,09375; 106,5; 0,070065804
5045; 0,09375; 0,09375; 107,21739130434783; 0,070537776
5046; 0,09375; 0,09375; 107,08695652173913; 0,07045196
5047; 0,09375; 0,09375; 105,58695652173913; 0,069465116
5048; 0,09375; 0,09375; 106,6304347826087; 0,07015162
5049; 0,09375; 0,09375; 105,47826086956522; 0,06939361
5050; 0,09375; 0,09375; 106,30434782608695; 0,06993709
5051; 0,09375; 0,09375; 106,71739130434783; 0,070208825
5052; 0,09375; 0,09375; 106,43478260869566; 0,070022896
5053; 0,09375; 0,09375; 105,04347826086956; 0,06910757
5054; 0,09375; 0,09375; 106,3695652173913; 0,069979995
5055; 0,09375; 0,09375; 106,19565217391305; 0,06986557
5056; 0,09375; 0,09375; 107,73913043478261; 0,070881024
5057; 0,09375; 0,09375; 106,06521739130434; 0,06977976
5058; 0,09375; 0,09375; 107,3695652173913; 0,07063788
5059; 0,09375; 0,09375; 106,52173913043478; 0,0700801
5060; 0,09375; 0,09375; 106,78260869565217; 0,070251726
5061; 0,09375; 0,09375; 106,26086956521739; 0,06990849
5062; 0,09375; 0,09375; 106,8913043478261; 0,07032325
5063; 0,09375; 0,09375; 105,82608695652173; 0,06962244
5064; 0,09375; 0,09375; 107,45652173913044; 0,070695095
5065; 0,09375; 0,09375; 106,84782608695652; 0,07029463
5066; 0,09375; 0,09375; 105,82608695652173; 0,06962244
5067; 0,09375; 0,09375; 106,54347826086956; 0,07009441
5068; 0,09375; 0,09375; 106,47826086956522; 0,070051506
5069; 0,09375; 0,09375; 108,0; 0,071052656
5070; 0,09375; 0,09375; 106,52173913043478; 0,07008011
5071; 0,09375; 0,09375; 105,93478260869566; 0,069693945
5072; 0,09375; 0,09375; 105,97826086956522; 0,06972255
5073; 0,09375; 0,09375; 106,52173913043478; 0,0700801
5074; 0,09375; 0,09375; 107,47826086956522; 0,07070939
5075; 0,09375; 0,09375; 106,45652173913044; 0,07003721
5076; 0,09375; 0,09375; 105,8913043478261; 0,06966534
5077; 0,09375; 0,09375; 105,5; 0,0694079
5078; 0,09375; 0,09375; 107,65217391304348; 0,07082382
5079; 0,09375; 0,09375; 106,28260869565217; 0,069922775
5080; 0,09375; 0,09375; 106,95652173913044; 0,07036615
5081; 0,09375; 0,09375; 106,23913043478261; 0,06989418
5082; 0,09375; 0,09375; 105,91304347826087; 0,06967965
5083; 0,09375; 0,09375; 106,6086956521739; 0,07013731
5084; 0,09375; 0,09375; 105,91304347826087; 0,069679655
5085; 0,09375; 0,09375; 106,73913043478261; 0,07022313
5086; 0,09375; 0,09375; 106,45652173913044; 0,0700372
5087; 0,09375; 0,09375; 106,28260869565217; 0,06992278
5088; 0,09375; 0,09375; 106,43478260869566; 0,07002289
5089; 0,09375; 0,09375; 106,71739130434783; 0,07020882
5090; 0,09375; 0,09375; 105,82608695652173; 0,06962244
5091; 0,09375; 0,09375; 106,73913043478261; 0,07022313
5092; 0,09375; 0,09375; 106,54347826086956; 0,0700944
5093; 0,09375; 0,09375; 106,69565217391305; 0,07019451
5094; 0,09375; 0,09375; 107,1086956521739; 0,070466265
5095; 0,09375; 0,09375; 106,47826086956522; 0,070051506
5096; 0,09375; 0,09375; 105,56521739130434; 0,0694508
5097; 0,09375; 0,09375; 105,80434782608695; 0,06960815
5098; 0,09375; 0,09375; 106,23913043478261; 0,06989419
5099; 0,09375; 0,09375; 108,5; 0,071381584
5100; 0,09375; 0,09375; 106,3695652173913; 0,06997999
5101; 0,09375; 0,09375; 106,19565217391305; 0,06986558
5102; 0,09375; 0,09375; 107,3695652173913; 0,0706379
5103; 0,09375; 0,09375; 106,71739130434783; 0,07020883
5104; 0,09375; 0,09375; 106,06521739130434; 0,06977976
5105; 0,09375; 0,09375; 105,6086956521739; 0,06947942
5106; 0,09375; 0,09375; 107,30434782608695; 0,07059497
5107; 0,09375; 0,09375; 106,5; 0,070065804
5108; 0,09375; 0,09375; 106,71739130434783; 0,07020882
5109; 0,09375; 0,09375; 106,04347826086956; 0,069765456
5110; 0,09375; 0,09375; 107,3695652173913; 0,07063788
5111; 0,09375; 0,09375; 106,73913043478261; 0,070223115
5112; 0,09375; 0,09375; 108,21739130434783; 0,07119568
5113; 0,09375; 0,09375; 107,80434782608695; 0,07092393
5114; 0,09375; 0,09375; 105,43478260869566; 0,06936501
5115; 0,09375; 0,09375; 106,17391304347827; 0,06985127
5116; 0,09375; 0,09375; 105,71739130434783; 0,069550924
5117; 0,09375; 0,09375; 106,56521739130434; 0,07010871
5118; 0,09375; 0,09375; 107,04347826086956; 0,07042335
5119; 0,09375; 0,09375; 105,95652173913044; 0,06970825
5120; 0,09375; 0,09375; 106,43478260869566; 0,0700229
5121; 0,09375; 0,09375; 107,15217391304348; 0,07049487
5122; 0,09375; 0,09375; 105,54347826086956; 0,06943651
5123; 0,09375; 0,09375; 105,80434782608695; 0,06960814
5124; 0,09375; 0,09375; 107,30434782608695; 0,07059498
5125; 0,09375; 0,09375; 105,6304347826087; 0,069493726
5126; 0,09375; 0,09375; 106,17391304347827; 0,06985127
5127; 0,09375; 0,09375; 107,28260869565217; 0,070580676
5128; 0,09375; 0,09375; 106,82608695652173; 0,07028033
5129; 0,09375; 0,09375; 107,19565217391305; 0,07052347
5130; 0,09375; 0,09375; 105,3695652173913; 0,069322094
5131; 0,09375; 0,09375; 106,21739130434783; 0,06987988
5132; 0,09375; 0,09375; 105,73913043478261; 0,06956524
5133; 0,09375; 0,09375; 106,54347826086956; 0,07009441
5134; 0,09375; 0,09375; 106,41304347826087; 0,0700086
5135; 0,09375; 0,09375; 106,47826086956522; 0,0700515
5136; 0,09375; 0,09375; 105,91304347826087; 0,06967964
5137; 0,09375; 0,09375; 106,43478260869566; 0,070022896
5138; 0,09375; 0,09375; 106,19565217391305; 0,06986557
5139; 0,09375; 0,09375; 106,34782608695652; 0,06996568
5140; 0,09375; 0,09375; 106,32608695652173; 0,06995139
5141; 0,09375; 0,09375; 104,71739130434783; 0,068893045
5142; 0,09375; 0,09375; 106,3913043478261; 0,0699943
5143; 0,09375; 0,09375; 107,3695652173913; 0,07063789
5144; 0,09375; 0,09375; 105,8695652173913; 0,06965103
5145; 0,09375; 0,09375; 108,1304347826087; 0,07113846
5146; 0,09375; 0,09375; 107,58695652173913; 0,070780896
5147; 0,09375; 0,09375; 106,58695652173913; 0,07012301
5148; 0,09375; 0,09375; 106,93478260869566; 0,07035185
5149; 0,09375; 0,09375; 106,54347826086956; 0,070094414
5150; 0,09375; 0,09375; 105,0; 0,06907897
5151; 0,09375; 0,09375; 106,04347826086956; 0,069765456
5152; 0,09375; 0,09375; 105,54347826086956; 0,069436505
5153; 0,09375; 0,09375; 106,97826086956522; 0,07038044
5154; 0,09375; 0,09375; 106,19565217391305; 0,06986558
5155; 0,09375; 0,09375; 107,19565217391305; 0,07052346
5156; 0,09375; 0,09375; 108,15217391304348; 0,071152754
5157; 0,09375; 0,09375; 105,23913043478261; 0,06923628
5158; 0,09375; 0,09375; 106,3913043478261; 0,06999429
5159; 0,09375; 0,09375; 107,82608695652173; 0,07093823
5160; 0,09375; 0,09375; 105,54347826086956; 0,06943652
5161; 0,09375; 0,09375; 106,45652173913044; 0,0700372
5162; 0,09375; 0,09375; 106,65217391304348; 0,07016592
5163; 0,09375; 0,09375; 106,6304347826087; 0,07015161
5164; 0,09375; 0,09375; 106,69565217391305; 0,07019453
5165; 0,09375; 0,09375; 105,47826086956522; 0,06939361
5166; 0,09375; 0,09375; 107,52173913043478; 0,070738
5167; 0,09375; 0,09375; 106,6086956521739; 0,07013731
5168; 0,09375; 0,09375; 105,80434782608695; 0,06960814
5169; 0,09375; 0,09375; 106,78260869565217; 0,070251726
5170; 0,09375; 0,09375; 106,69565217391305; 0,07019453
5171; 0,09375; 0,09375; 106,80434782608695; 0,07026603
5172; 0,09375; 0,09375; 105,97826086956522; 0,069722556
5173; 0,09375; 0,09375; 105,32608695652173; 0,069293484
5174; 0,09375; 0,09375; 106,65217391304348; 0,07016592
5175; 0,09375; 0,09375; 105,1304347826087; 0,069164775
5176; 0,09375; 0,09375; 106,02173913043478; 0,06975117
5177; 0,09375; 0,09375; 106,3913043478261; 0,06999429
5178; 0,09375; 0,09375; 106,1086956521739; 0,069808364
5179; 0,09375; 0,09375; 105,93478260869566; 0,069693945
5180; 0,09375; 0,09375; 106,3913043478261; 0,06999429
5181; 0,09375; 0,09375; 106,93478260869566; 0,07035185
5182; 0,09375; 0,09375; 107,1304347826087; 0,07048056
5183; 0,09375; 0,09375; 105,34782608695652; 0,0693078
5184; 0,09375; 0,09375; 106,1304347826087; 0,06982267
5185; 0,09375; 0,09375; 107,54347826086956; 0,07075229
5186; 0,09375; 0,09375; 107,0; 0,07039475
5187; 0,09375; 0,09375; 107,30434782608695; 0,070594974
5188; 0,09375; 0,09375; 108,21739130434783; 0,07119567
5189; 0,09375; 0,09375; 106,47826086956522; 0,0700515
5190; 0,09375; 0,09375; 106,93478260869566; 0,07035185
5191; 0,09375; 0,09375; 106,8695652173913; 0,07030894
5192; 0,09375; 0,09375; 106,8913043478261; 0,07032324
5193; 0,09375; 0,09375; 107,06521739130434; 0,07043766
5194; 0,09375; 0,09375; 107,32608695652173; 0,07060929
5195; 0,09375; 0,09375; 107,23913043478261; 0,070552066
5196; 0,09375; 0,09375; 106,32608695652173; 0,06995139
5197; 0,09375; 0,09375; 106,32608695652173; 0,06995139
5198; 0,09375; 0,09375; 106,97826086956522; 0,07038045
5199; 0,09375; 0,09375; 107,1086956521739; 0,070466265
5200; 0,09375; 0,09375; 105,82608695652173; 0,06962244
5201; 0,09375; 0,09375; 106,3695652173913; 0,069979995
5202; 0,09375; 0,09375; 106,02173913043478; 0,06975116
5203; 0,09375; 0,09375; 106,21739130434783; 0,06987988
5204; 0,09375; 0,09375; 106,0; 0,06973686
5205; 0,09375; 0,09375; 107,08695652173913; 0,07045195
5206; 0,09375; 0,09375; 105,91304347826087; 0,06967965
5207; 0,09375; 0,09375; 105,76086956521739; 0,06957953
5208; 0,09375; 0,09375; 106,26086956521739; 0,069908485
5209; 0,09375; 0,09375; 105,84782608695652; 0,06963674
5210; 0,09375; 0,09375; 106,84782608695652; 0,07029463
5211; 0,09375; 0,09375; 106,15217391304348; 0,06983697
5212; 0,09375; 0,09375; 106,54347826086956; 0,07009441
5213; 0,09375; 0,09375; 107,0; 0,070394754
5214; 0,09375; 0,09375; 105,41304347826087; 0,06935071
5215; 0,09375; 0,09375; 106,1304347826087; 0,06982268
5216; 0,09375; 0,09375; 106,04347826086956; 0,069765456
5217; 0,09375; 0,09375; 105,76086956521739; 0,06957954
5218; 0,09375; 0,09375; 106,95652173913044; 0,07036615
5219; 0,09375; 0,09375; 106,43478260869566; 0,070022896
5220; 0,09375; 0,09375; 105,8695652173913; 0,06965104
5221; 0,09375; 0,09375; 107,04347826086956; 0,07042336
5222; 0,09375; 0,09375; 106,78260869565217; 0,07025173
5223; 0,09375; 0,09375; 105,6086956521739; 0,06947942
5224; 0,09375; 0,09375; 106,34782608695652; 0,06996568
5225; 0,09375; 0,09375; 106,8695652173913; 0,070308946
5226; 0,09375; 0,09375; 107,0; 0,07039475
5227; 0,09375; 0,09375; 105,67391304347827; 0,06952232
5228; 0,09375; 0,09375; 106,8695652173913; 0,07030894
5229; 0,09375; 0,09375; 107,15217391304348; 0,07049487
5230; 0,09375; 0,09375; 104,1304347826087; 0,06850687
5231; 0,09375; 0,09375; 106,1304347826087; 0,06982266
5232; 0,09375; 0,09375; 107,04347826086956; 0,070423365
5233; 0,09375; 0,09375; 106,3913043478261; 0,06999429
5234; 0,09375; 0,09375; 105,95652173913044; 0,06970825
5235; 0,09375; 0,09375; 105,84782608695652; 0,06963674
5236; 0,09375; 0,09375; 106,73913043478261; 0,07022314
5237; 0,09375; 0,09375; 105,69565217391305; 0,06953663
5238; 0,09375; 0,09375; 107,26086956521739; 0,07056637
5239; 0,09375; 0,09375; 106,02173913043478; 0,06975115
5240; 0,09375; 0,09375; 106,32608695652173; 0,06995139
5241; 0,09375; 0,09375; 106,56521739130434; 0,07010872
5242; 0,09375; 0,09375; 105,78260869565217; 0,06959383
5243; 0,09375; 0,09375; 107,34782608695652; 0,070623584
5244; 0,09375; 0,09375; 107,21739130434783; 0,07053777
5245; 0,09375; 0,09375; 106,54347826086956; 0,07009441
5246; 0,09375; 0,09375; 105,34782608695652; 0,0693078
5247; 0,09375; 0,09375; 105,91304347826087; 0,06967964
5248; 0,09375; 0,09375; 106,95652173913044; 0,07036615
5249; 0,09375; 0,09375; 106,1304347826087; 0,06982268
5250; 0,09375; 0,09375; 106,93478260869566; 0,07035185
5251; 0,09375; 0,09375; 105,1086956521739; 0,06915047
5252; 0,09375; 0,09375; 106,34782608695652; 0,0699657
5253; 0,09375; 0,09375; 106,21739130434783; 0,06987988
5254; 0,09375; 0,09375; 106,26086956521739; 0,069908485
5255; 0,09375; 0,09375; 106,34782608695652; 0,06996569
5256; 0,09375; 0,09375; 106,8913043478261; 0,07032323
5257; 0,09375; 0,09375; 105,45652173913044; 0,06937929
5258; 0,09375; 0,09375; 106,65217391304348; 0,07016591
5259; 0,09375; 0,09375; 107,30434782608695; 0,07059498
5260; 0,09375; 0,09375; 107,32608695652173; 0,07060927
5261; 0,09375; 0,09375; 106,1304347826087; 0,06982267
5262; 0,09375; 0,09375; 106,97826086956522; 0,07038044
5263; 0,09375; 0,09375; 106,78260869565217; 0,07025173
5264; 0,09375; 0,09375; 107,32608695652173; 0,07060928
5265; 0,09375; 0,09375; 106,8913043478261; 0,070323244
5266; 0,09375; 0,09375; 107,02173913043478; 0,07040906
5267; 0,09375; 0,09375; 107,26086956521739; 0,07056637
5268; 0,09375; 0,09375; 106,47826086956522; 0,07005149
5269; 0,09375; 0,09375; 105,97826086956522; 0,069722556
5270; 0,09375; 0,09375; 106,82608695652173; 0,07028033
5271; 0,09375; 0,09375; 106,58695652173913; 0,070123
5272; 0,09375; 0,09375; 106,43478260869566; 0,0700229
5273; 0,09375; 0,09375; 106,47826086956522; 0,0700515
5274; 0,09375; 0,09375; 106,34782608695652; 0,06996569
5275; 0,09375; 0,09375; 106,58695652173913; 0,07012302
5276; 0,09375; 0,09375; 106,97826086956522; 0,07038045
5277; 0,09375; 0,09375; 106,17391304347827; 0,06985128
5278; 0,09375; 0,09375; 106,3913043478261; 0,06999429
5279; 0,09375; 0,09375; 105,71739130434783; 0,06955093
5280; 0,09375; 0,09375; 106,8695652173913; 0,07030893
5281; 0,09375; 0,09375; 106,08695652173913; 0,069794066
5282; 0,09375; 0,09375; 106,97826086956522; 0,070380434
5283; 0,09375; 0,09375; 104,8913043478261; 0,06900744
5284; 0,09375; 0,09375; 106,04347826086956; 0,069765456
5285; 0,09375; 0,09375; 105,97826086956522; 0,069722556
5286; 0,09375; 0,09375; 106,56521739130434; 0,07010872
5287; 0,09375; 0,09375; 106,19565217391305; 0,069865584
5288; 0,09375; 0,09375; 107,1086956521739; 0,070466265
5289; 0,09375; 0,09375; 106,06521739130434; 0,06977976
5290; 0,09375; 0,09375; 105,67391304347827; 0,06952233
5291; 0,09375; 0,09375; 106,34782608695652; 0,06996569
5292; 0,09375; 0,09375; 106,71739130434783; 0,070208825
5293; 0,09375; 0,09375; 105,8913043478261; 0,06966536
5294; 0,09375; 0,09375; 106,76086956521739; 0,07023743
5295; 0,09375; 0,09375; 108,58695652173913; 0,0714388
5296; 0,09375; 0,09375; 106,1086956521739; 0,06980837
5297; 0,09375; 0,09375; 105,91304347826087; 0,06967964
5298; 0,09375; 0,09375; 106,58695652173913; 0,07012302
5299; 0,09375; 0,09375; 107,34782608695652; 0,07062359
5300; 0,09375; 0,09375; 106,69565217391305; 0,07019453
5301; 0,09375; 0,09375; 105,93478260869566; 0,069693945
5302; 0,09375; 0,09375; 106,8913043478261; 0,070323244
5303; 0,09375; 0,09375; 106,82608695652173; 0,07028033
5304; 0,09375; 0,09375; 106,47826086956522; 0,070051506
5305; 0,09375; 0,09375; 107,30434782608695; 0,07059498
5306; 0,09375; 0,09375; 105,8695652173913; 0,069651045
5307; 0,09375; 0,09375; 105,97826086956522; 0,06972255
5308; 0,09375; 0,09375; 106,26086956521739; 0,06990848
5309; 0,09375; 0,09375; 105,34782608695652; 0,06930779
5310; 0,09375; 0,09375; 107,28260869565217; 0,07058068
5311; 0,09375; 0,09375; 105,78260869565217; 0,06959383
5312; 0,09375; 0,09375; 105,65217391304348; 0,069508016
5313; 0,09375; 0,09375; 106,78260869565217; 0,070251726
5314; 0,09375; 0,09375; 106,69565217391305; 0,07019453
5315; 0,09375; 0,09375; 107,15217391304348; 0,07049486
5316; 0,09375; 0,09375; 106,82608695652173; 0,070280336
5317; 0,09375; 0,09375; 105,54347826086956; 0,06943652
5318; 0,09375; 0,09375; 105,32608695652173; 0,06929349
5319; 0,09375; 0,09375; 105,97826086956522; 0,069722556
5320; 0,09375; 0,09375; 106,1086956521739; 0,06980836
5321; 0,09375; 0,09375; 105,82608695652173; 0,069622435
5322; 0,09375; 0,09375; 106,17391304347827; 0,06985128
5323; 0,09375; 0,09375; 106,95652173913044; 0,070366144
5324; 0,09375; 0,09375; 106,21739130434783; 0,06987988
5325; 0,09375; 0,09375; 106,19565217391305; 0,06986558
5326; 0,09375; 0,09375; 106,54347826086956; 0,070094414
5327; 0,09375; 0,09375; 107,0; 0,070394754
5328; 0,09375; 0,09375; 105,97826086956522; 0,069722556
5329; 0,09375; 0,09375; 106,28260869565217; 0,06992277
5330; 0,09375; 0,09375; 105,47826086956522; 0,06939362
5331; 0,09375; 0,09375; 106,30434782608695; 0,06993708
5332; 0,09375; 0,09375; 106,71739130434783; 0,070208825
5333; 0,09375; 0,09375; 105,82608695652173; 0,06962244
5334; 0,09375; 0,09375; 106,80434782608695; 0,07026604
5335; 0,09375; 0,09375; 106,45652173913044; 0,07003721
5336; 0,09375; 0,09375; 107,23913043478261; 0,07055208
5337; 0,09375; 0,09375; 106,02173913043478; 0,06975115
5338; 0,09375; 0,09375; 106,76086956521739; 0,07023743
5339; 0,09375; 0,09375; 106,45652173913044; 0,07003719
5340; 0,09375; 0,09375; 106,58695652173913; 0,07012301
5341; 0,09375; 0,09375; 105,8695652173913; 0,06965105
5342; 0,09375; 0,09375; 106,76086956521739; 0,070237435
5343; 0,09375; 0,09375; 106,26086956521739; 0,069908485
5344; 0,09375; 0,09375; 106,54347826086956; 0,07009441
5345; 0,09375; 0,09375; 105,28260869565217; 0,069264896
5346; 0,09375; 0,09375; 106,69565217391305; 0,07019452
5347; 0,09375; 0,09375; 106,45652173913044; 0,0700372
5348; 0,09375; 0,09375; 105,8913043478261; 0,06966535
5349; 0,09375; 0,09375; 106,80434782608695; 0,07026603
5350; 0,09375; 0,09375; 106,69565217391305; 0,07019451
5351; 0,09375; 0,09375; 108,5; 0,0713816
5352; 0,09375; 0,09375; 106,58695652173913; 0,07012302
5353; 0,09375; 0,09375; 106,0; 0,06973685
5354; 0,09375; 0,09375; 105,02173913043478; 0,069093265
5355; 0,09375; 0,09375; 105,95652173913044; 0,06970825
5356; 0,09375; 0,09375; 107,21739130434783; 0,070537776
5357; 0,09375; 0,09375; 106,6304347826087; 0,07015161
5358; 0,09375; 0,09375; 106,56521739130434; 0,070108704
5359; 0,09375; 0,09375; 105,8695652173913; 0,069651045
5360; 0,09375; 0,09375; 106,02173913043478; 0,06975115
5361; 0,09375; 0,09375; 106,0; 0,06973686
5362; 0,09375; 0,09375; 106,32608695652173; 0,06995139
5363; 0,09375; 0,09375; 106,34782608695652; 0,06996568
5364; 0,09375; 0,09375; 106,82608695652173; 0,070280336
5365; 0,09375; 0,09375; 106,73913043478261; 0,07022312
5366; 0,09375; 0,09375; 106,1304347826087; 0,06982268
5367; 0,09375; 0,09375; 107,41304347826087; 0,07066649
5368; 0,09375; 0,09375; 107,06521739130434; 0,07043766
5369; 0,09375; 0,09375; 105,71739130434783; 0,06955093
5370; 0,09375; 0,09375; 106,69565217391305; 0,07019452
5371; 0,09375; 0,09375; 106,6086956521739; 0,07013732
5372; 0,09375; 0,09375; 106,73913043478261; 0,07022312
5373; 0,09375; 0,09375; 105,80434782608695; 0,06960814
5374; 0,09375; 0,09375; 105,6086956521739; 0,06947942
5375; 0,09375; 0,09375; 106,23913043478261; 0,06989419
5376; 0,09375; 0,09375; 106,3913043478261; 0,069994286
5377; 0,09375; 0,09375; 107,43478260869566; 0,0706808
5378; 0,09375; 0,09375; 106,3695652173913; 0,069979995
5379; 0,09375; 0,09375; 107,1086956521739; 0,070466265
5380; 0,09375; 0,09375; 106,73913043478261; 0,07022312
5381; 0,09375; 0,09375; 106,52173913043478; 0,07008011
5382; 0,09375; 0,09375; 107,02173913043478; 0,07040905
5383; 0,09375; 0,09375; 107,58695652173913; 0,0707809
5384; 0,09375; 0,09375; 106,3913043478261; 0,069994286
5385; 0,09375; 0,09375; 106,8695652173913; 0,07030893
5386; 0,09375; 0,09375; 106,15217391304348; 0,069836974
5387; 0,09375; 0,09375; 106,5; 0,070065804
5388; 0,09375; 0,09375; 106,45652173913044; 0,0700372
5389; 0,09375; 0,09375; 107,06521739130434; 0,07043765
5390; 0,09375; 0,09375; 106,23913043478261; 0,06989418
5391; 0,09375; 0,09375; 105,56521739130434; 0,06945081
5392; 0,09375; 0,09375; 106,0; 0,06973686
5393; 0,09375; 0,09375; 105,6304347826087; 0,06949372
5394; 0,09375; 0,09375; 106,41304347826087; 0,07000859
5395; 0,09375; 0,09375; 105,95652173913044; 0,06970825
5396; 0,09375; 0,09375; 106,32608695652173; 0,069951385
5397; 0,09375; 0,09375; 105,5; 0,06940791
5398; 0,09375; 0,09375; 106,73913043478261; 0,07022312
5399; 0,09375; 0,09375; 106,34782608695652; 0,0699657
5400; 0,09375; 0,09375; 106,0; 0,06973686
5401; 0,09375; 0,09375; 105,82608695652173; 0,069622435
5402; 0,09375; 0,09375; 106,15217391304348; 0,069836974
5403; 0,09375; 0,09375; 107,1086956521739; 0,070466265
5404; 0,09375; 0,09375; 106,3695652173913; 0,06997999
5405; 0,09375; 0,09375; 106,32608695652173; 0,06995139
5406; 0,09375; 0,09375; 106,95652173913044; 0,070366144
5407; 0,09375; 0,09375; 105,97826086956522; 0,069722556
5408; 0,09375; 0,09375; 107,0; 0,07039475
5409; 0,09375; 0,09375; 106,32608695652173; 0,06995138
5410; 0,09375; 0,09375; 106,1086956521739; 0,06980836
5411; 0,09375; 0,09375; 106,3913043478261; 0,06999429
5412; 0,09375; 0,09375; 107,0; 0,07039475
5413; 0,09375; 0,09375; 107,1304347826087; 0,07048057
5414; 0,09375; 0,09375; 108,02173913043478; 0,07106696
5415; 0,09375; 0,09375; 106,21739130434783; 0,06987988
5416; 0,09375; 0,09375; 106,58695652173913; 0,07012301
5417; 0,09375; 0,09375; 104,91304347826087; 0,06902176
5418; 0,09375; 0,09375; 106,67391304347827; 0,07018023
5419; 0,09375; 0,09375; 107,15217391304348; 0,07049487
5420; 0,09375; 0,09375; 106,67391304347827; 0,07018022
5421; 0,09375; 0,09375; 105,8913043478261; 0,069665335
5422; 0,09375; 0,09375; 106,5; 0,07006581
5423; 0,09375; 0,09375; 105,78260869565217; 0,06959383
5424; 0,09375; 0,09375; 106,52173913043478; 0,0700801
5425; 0,09375; 0,09375; 106,8695652173913; 0,07030894
5426; 0,09375; 0,09375; 106,47826086956522; 0,07005149
5427; 0,09375; 0,09375; 106,8695652173913; 0,07030893
5428; 0,09375; 0,09375; 105,97826086956522; 0,069722556
5429; 0,09375; 0,09375; 106,17391304347827; 0,06985127
5430; 0,09375; 0,09375; 106,43478260869566; 0,070022896
5431; 0,09375; 0,09375; 105,47826086956522; 0,069393605
5432; 0,09375; 0,09375; 106,54347826086956; 0,070094414
5433; 0,09375; 0,09375; 107,67391304347827; 0,07083811
5434; 0,09375; 0,09375; 106,21739130434783; 0,06987988
5435; 0,09375; 0,09375; 105,19565217391305; 0,06920768
5436; 0,09375; 0,09375; 106,23913043478261; 0,06989419
5437; 0,09375; 0,09375; 105,32608695652173; 0,06929349
5438; 0,09375; 0,09375; 106,91304347826087; 0,07033755
5439; 0,09375; 0,09375; 107,08695652173913; 0,07045196
5440; 0,09375; 0,09375; 106,43478260869566; 0,070022896
5441; 0,09375; 0,09375; 105,84782608695652; 0,06963675
5442; 0,09375; 0,09375; 105,82608695652173; 0,06962244
5443; 0,09375; 0,09375; 106,73913043478261; 0,07022314
5444; 0,09375; 0,09375; 105,52173913043478; 0,0694222
5445; 0,09375; 0,09375; 106,08695652173913; 0,069794066
5446; 0,09375; 0,09375; 106,3913043478261; 0,069994286
5447; 0,09375; 0,09375; 107,17391304347827; 0,070509166
5448; 0,09375; 0,09375; 106,26086956521739; 0,06990848
5449; 0,09375; 0,09375; 105,6304347826087; 0,06949371
5450; 0,09375; 0,09375; 106,52173913043478; 0,0700801
5451; 0,09375; 0,09375; 106,82608695652173; 0,070280336
5452; 0,09375; 0,09375; 106,04347826086956; 0,069765456
5453; 0,09375; 0,09375; 106,28260869565217; 0,06992278
5454; 0,09375; 0,09375; 106,45652173913044; 0,0700372
5455; 0,09375; 0,09375; 106,41304347826087; 0,07000859
5456; 0,09375; 0,09375; 106,93478260869566; 0,07035185
5457; 0,09375; 0,09375; 106,82608695652173; 0,07028033
5458; 0,09375; 0,09375; 106,17391304347827; 0,06985127
5459; 0,09375; 0,09375; 106,26086956521739; 0,06990849
5460; 0,09375; 0,09375; 106,76086956521739; 0,07023744
5461; 0,09375; 0,09375; 107,3913043478261; 0,07065217
5462; 0,09375; 0,09375; 107,84782608695652; 0,07095253
5463; 0,09375; 0,09375; 104,93478260869566; 0,06903605
5464; 0,09375; 0,09375; 104,91304347826087; 0,06902175
5465; 0,09375; 0,09375; 105,0; 0,06907897
5466; 0,09375; 0,09375; 106,95652173913044; 0,07036614
5467; 0,09375; 0,09375; 107,08695652173913; 0,07045197
5468; 0,09375; 0,09375; 106,34782608695652; 0,0699657
5469; 0,09375; 0,09375; 106,32608695652173; 0,069951385
5470; 0,09375; 0,09375; 106,0; 0,06973686
5471; 0,09375; 0,09375; 106,82608695652173; 0,070280336
5472; 0,09375; 0,09375; 106,3695652173913; 0,069979995
5473; 0,09375; 0,09375; 106,3913043478261; 0,069994286
5474; 0,09375; 0,09375; 106,84782608695652; 0,070294626
5475; 0,09375; 0,09375; 106,69565217391305; 0,07019451
5476; 0,09375; 0,09375; 106,69565217391305; 0,070194535
5477; 0,09375; 0,09375; 106,04347826086956; 0,069765456
5478; 0,09375; 0,09375; 106,19565217391305; 0,06986558
5479; 0,09375; 0,09375; 107,56521739130434; 0,0707666
5480; 0,09375; 0,09375; 106,26086956521739; 0,06990848
5481; 0,09375; 0,09375; 108,30434782608695; 0,071252875
5482; 0,09375; 0,09375; 106,91304347826087; 0,07033754
5483; 0,09375; 0,09375; 107,30434782608695; 0,070594974
5484; 0,09375; 0,09375; 106,19565217391305; 0,06986558
5485; 0,09375; 0,09375; 105,78260869565217; 0,06959383
5486; 0,09375; 0,09375; 106,3913043478261; 0,069994286
5487; 0,09375; 0,09375; 105,23913043478261; 0,06923628
5488; 0,09375; 0,09375; 107,0; 0,07039475
5489; 0,09375; 0,09375; 105,8695652173913; 0,069651045
5490; 0,09375; 0,09375; 106,56521739130434; 0,07010871
5491; 0,09375; 0,09375; 107,56521739130434; 0,0707666
5492; 0,09375; 0,09375; 105,91304347826087; 0,06967965
5493; 0,09375; 0,09375; 106,26086956521739; 0,069908485
5494; 0,09375; 0,09375; 105,73913043478261; 0,06956523
5495; 0,09375; 0,09375; 106,58695652173913; 0,07012302
5496; 0,09375; 0,09375; 106,6304347826087; 0,07015162
5497; 0,09375; 0,09375; 105,45652173913044; 0,069379315
5498; 0,09375; 0,09375; 107,56521739130434; 0,070766605
5499; 0,09375; 0,09375; 105,78260869565217; 0,06959385
5500; 0,09375; 0,09375; 105,73913043478261; 0,06956523
5501; 0,09375; 0,09375; 105,41304347826087; 0,06935071
5502; 0,09375; 0,09375; 105,8913043478261; 0,06966534
5503; 0,09375; 0,09375; 109,02173913043478; 0,07172485
5504; 0,09375; 0,09375; 106,1304347826087; 0,06982267
5505; 0,09375; 0,09375; 105,58695652173913; 0,069465116
5506; 0,09375; 0,09375; 106,3695652173913; 0,06998
5507; 0,09375; 0,09375; 106,6304347826087; 0,07015163
5508; 0,09375; 0,09375; 106,47826086956522; 0,070051506
5509; 0,09375; 0,09375; 106,54347826086956; 0,07009441
5510; 0,09375; 0,09375; 107,0; 0,07039475
5511; 0,09375; 0,09375; 106,1086956521739; 0,069808364
5512; 0,09375; 0,09375; 106,69565217391305; 0,07019452
5513; 0,09375; 0,09375; 106,32608695652173; 0,06995138
5514; 0,09375; 0,09375; 107,21739130434783; 0,070537776
5515; 0,09375; 0,09375; 107,1304347826087; 0,07048057
5516; 0,09375; 0,09375; 106,3913043478261; 0,0699943
5517; 0,09375; 0,09375; 106,52173913043478; 0,070080094
5518; 0,09375; 0,09375; 105,93478260869566; 0,069693945
5519; 0,09375; 0,09375; 106,5; 0,070065804
5520; 0,09375; 0,09375; 106,21739130434783; 0,06987988
5521; 0,09375; 0,09375; 106,78260869565217; 0,070251726
5522; 0,09375; 0,09375; 105,73913043478261; 0,06956523
5523; 0,09375; 0,09375; 104,80434782608695; 0,06895024
5524; 0,09375; 0,09375; 105,0; 0,06907897
5525; 0,09375; 0,09375; 107,02173913043478; 0,07040906
5526; 0,09375; 0,09375; 106,5; 0,07006581
5527; 0,09375; 0,09375; 105,5; 0,06940791
5528; 0,09375; 0,09375; 106,32608695652173; 0,06995139
5529; 0,09375; 0,09375; 106,76086956521739; 0,07023743
5530; 0,09375; 0,09375; 106,78260869565217; 0,070251726
5531; 0,09375; 0,09375; 106,76086956521739; 0,07023743
5532; 0,09375; 0,09375; 106,6304347826087; 0,070151605
5533; 0,09375; 0,09375; 106,41304347826087; 0,07000859
5534; 0,09375; 0,09375; 105,78260869565217; 0,06959384
5535; 0,09375; 0,09375; 106,02173913043478; 0,069751166
5536; 0,09375; 0,09375; 106,28260869565217; 0,06992278
5537; 0,09375; 0,09375; 106,47826086956522; 0,070051506
5538; 0,09375; 0,09375; 106,54347826086956; 0,07009441
5539; 0,09375; 0,09375; 106,56521739130434; 0,070108704
5540; 0,09375; 0,09375; 106,3695652173913; 0,06997998
5541; 0,09375; 0,09375; 106,26086956521739; 0,06990848
5542; 0,09375; 0,09375; 106,23913043478261; 0,06989417
5543; 0,09375; 0,09375; 106,34782608695652; 0,06996569
5544; 0,09375; 0,09375; 106,17391304347827; 0,06985127
5545; 0,09375; 0,09375; 107,06521739130434; 0,07043766
5546; 0,09375; 0,09375; 106,97826086956522; 0,07038045
5547; 0,09375; 0,09375; 106,52173913043478; 0,07008011
5548; 0,09375; 0,09375; 105,97826086956522; 0,06972255
5549; 0,09375; 0,09375; 106,52173913043478; 0,07008011
5550; 0,09375; 0,09375; 106,3695652173913; 0,069979995
5551; 0,09375; 0,09375; 106,0; 0,06973685
5552; 0,09375; 0,09375; 105,95652173913044; 0,06970825
5553; 0,09375; 0,09375; 106,76086956521739; 0,07023743
5554; 0,09375; 0,09375; 106,58695652173913; 0,07012302
5555; 0,09375; 0,09375; 107,91304347826087; 0,07099544
5556; 0,09375; 0,09375; 105,84782608695652; 0,06963675
5557; 0,09375; 0,09375; 106,06521739130434; 0,06977975
5558; 0,09375; 0,09375; 106,28260869565217; 0,06992278
5559; 0,09375; 0,09375; 106,3695652173913; 0,06998
5560; 0,09375; 0,09375; 105,95652173913044; 0,06970825
5561; 0,09375; 0,09375; 105,82608695652173; 0,069622435
5562; 0,09375; 0,09375; 106,43478260869566; 0,070022896
5563; 0,09375; 0,09375; 106,80434782608695; 0,07026603
5564; 0,09375; 0,09375; 106,58695652173913; 0,07012301
5565; 0,09375; 0,09375; 107,34782608695652; 0,07062358
5566; 0,09375; 0,09375; 106,56521739130434; 0,07010871
5567; 0,09375; 0,09375; 106,1304347826087; 0,06982266
5568; 0,09375; 0,09375; 105,6086956521739; 0,06947942
5569; 0,09375; 0,09375; 106,23913043478261; 0,06989417
5570; 0,09375; 0,09375; 106,91304347826087; 0,07033754
5571; 0,09375; 0,09375; 105,34782608695652; 0,06930779
5572; 0,09375; 0,09375; 105,28260869565217; 0,06926488
5573; 0,09375; 0,09375; 106,28260869565217; 0,06992278
5574; 0,09375; 0,09375; 106,3913043478261; 0,06999429
5575; 0,09375; 0,09375; 106,97826086956522; 0,07038044
5576; 0,09375; 0,09375; 107,28260869565217; 0,070580676
5577; 0,09375; 0,09375; 106,69565217391305; 0,07019453
5578; 0,09375; 0,09375; 107,06521739130434; 0,07043766
5579; 0,09375; 0,09375; 105,56521739130434; 0,06945081
5580; 0,09375; 0,09375; 106,28260869565217; 0,06992278
5581; 0,09375; 0,09375; 106,19565217391305; 0,06986558
5582; 0,09375; 0,09375; 107,5; 0,0707237
5583; 0,09375; 0,09375; 105,76086956521739; 0,06957953
5584; 0,09375; 0,09375; 106,6304347826087; 0,07015162
5585; 0,09375; 0,09375; 106,43478260869566; 0,070022896
5586; 0,09375; 0,09375; 105,3913043478261; 0,0693364
5587; 0,09375; 0,09375; 106,34782608695652; 0,0699657
5588; 0,09375; 0,09375; 107,93478260869566; 0,07100973
5589; 0,09375; 0,09375; 105,8695652173913; 0,069651045
5590; 0,09375; 0,09375; 107,04347826086956; 0,07042335
5591; 0,09375; 0,09375; 107,69565217391305; 0,07085242
5592; 0,09375; 0,09375; 106,67391304347827; 0,07018022
5593; 0,09375; 0,09375; 107,45652173913044; 0,07069509
5594; 0,09375; 0,09375; 106,52173913043478; 0,0700801
5595; 0,09375; 0,09375; 106,15217391304348; 0,06983697
5596; 0,09375; 0,09375; 105,95652173913044; 0,06970825
5597; 0,09375; 0,09375; 105,95652173913044; 0,06970825
5598; 0,09375; 0,09375; 106,80434782608695; 0,07026603
5599; 0,09375; 0,09375; 106,3913043478261; 0,06999429
5600; 0,09375; 0,09375; 106,58695652173913; 0,07012302
5601; 0,09375; 0,09375; 105,6304347826087; 0,069493726
5602; 0,09375; 0,09375; 106,19565217391305; 0,06986558
5603; 0,09375; 0,09375; 106,6086956521739; 0,07013732
5604; 0,09375; 0,09375; 107,06521739130434; 0,07043766
5605; 0,09375; 0,09375; 105,82608695652173; 0,069622435
5606; 0,09375; 0,09375; 107,45652173913044; 0,07069509
5607; 0,09375; 0,09375; 105,54347826086956; 0,069436505
5608; 0,09375; 0,09375; 106,80434782608695; 0,07026603
5609; 0,09375; 0,09375; 106,1086956521739; 0,06980837
5610; 0,09375; 0,09375; 106,1304347826087; 0,06982266
5611; 0,09375; 0,09375; 106,54347826086956; 0,07009441
5612; 0,09375; 0,09375; 106,1086956521739; 0,06980837
5613; 0,09375; 0,09375; 106,45652173913044; 0,0700372
5614; 0,09375; 0,09375; 105,84782608695652; 0,06963674
5615; 0,09375; 0,09375; 107,5; 0,0707237
5616; 0,09375; 0,09375; 106,97826086956522; 0,07038045
5617; 0,09375; 0,09375; 106,58695652173913; 0,07012302
5618; 0,09375; 0,09375; 106,26086956521739; 0,069908485
5619; 0,09375; 0,09375; 106,93478260869566; 0,07035184
5620; 0,09375; 0,09375; 106,41304347826087; 0,07000859
5621; 0,09375; 0,09375; 106,21739130434783; 0,069879875
5622; 0,09375; 0,09375; 105,76086956521739; 0,06957954
5623; 0,09375; 0,09375; 106,41304347826087; 0,070008606
5624; 0,09375; 0,09375; 106,43478260869566; 0,070022896
5625; 0,09375; 0,09375; 105,04347826086956; 0,06910756
5626; 0,09375; 0,09375; 105,8913043478261; 0,069665335
5627; 0,09375; 0,09375; 105,8913043478261; 0,069665335
5628; 0,09375; 0,09375; 106,04347826086956; 0,069765456
5629; 0,09375; 0,09375; 106,41304347826087; 0,07000859
5630; 0,09375; 0,09375; 106,30434782608695; 0,06993709
5631; 0,09375; 0,09375; 106,32608695652173; 0,06995139
5632; 0,09375; 0,09375; 105,58695652173913; 0,069465116
5633; 0,09375; 0,09375; 106,58695652173913; 0,07012301
5634; 0,09375; 0,09375; 106,8913043478261; 0,07032324
5635; 0,09375; 0,09375; 106,26086956521739; 0,06990848
5636; 0,09375; 0,09375; 106,0; 0,06973685
5637; 0,09375; 0,09375; 106,54347826086956; 0,070094414
5638; 0,09375; 0,09375; 107,02173913043478; 0,07040905
5639; 0,09375; 0,09375; 106,26086956521739; 0,06990847
5640; 0,09375; 0,09375; 106,84782608695652; 0,070294626
5641; 0,09375; 0,09375; 105,04347826086956; 0,06910757
5642; 0,09375; 0,09375; 106,67391304347827; 0,07018022
5643; 0,09375; 0,09375; 106,45652173913044; 0,0700372
5644; 0,09375; 0,09375; 106,73913043478261; 0,07022313
5645; 0,09375; 0,09375; 106,1086956521739; 0,069808364
5646; 0,09375; 0,09375; 105,95652173913044; 0,06970825
5647; 0,09375; 0,09375; 106,26086956521739; 0,069908485
5648; 0,09375; 0,09375; 106,3695652173913; 0,06997999
5649; 0,09375; 0,09375; 106,52173913043478; 0,0700801
5650; 0,09375; 0,09375; 106,82608695652173; 0,07028033
5651; 0,09375; 0,09375; 105,54347826086956; 0,06943651
5652; 0,09375; 0,09375; 107,84782608695652; 0,07095253
5653; 0,09375; 0,09375; 106,45652173913044; 0,0700372
5654; 0,09375; 0,09375; 109,04347826086956; 0,07173914
5655; 0,09375; 0,09375; 106,32608695652173; 0,06995139
5656; 0,09375; 0,09375; 107,69565217391305; 0,07085242
5657; 0,09375; 0,09375; 106,6304347826087; 0,07015161
5658; 0,09375; 0,09375; 107,06521739130434; 0,07043766
5659; 0,09375; 0,09375; 106,3695652173913; 0,06997999
5660; 0,09375; 0,09375; 105,65217391304348; 0,06950802
5661; 0,09375; 0,09375; 106,23913043478261; 0,06989417
5662; 0,09375; 0,09375; 107,04347826086956; 0,07042336
5663; 0,09375; 0,09375; 106,3695652173913; 0,06997998
5664; 0,09375; 0,09375; 105,93478260869566; 0,06969396
5665; 0,09375; 0,09375; 106,84782608695652; 0,07029464
5666; 0,09375; 0,09375; 106,6304347826087; 0,07015162
5667; 0,09375; 0,09375; 106,3695652173913; 0,06997999
5668; 0,09375; 0,09375; 105,8695652173913; 0,069651045
5669; 0,09375; 0,09375; 106,56521739130434; 0,07010871
5670; 0,09375; 0,09375; 107,76086956521739; 0,07089532
5671; 0,09375; 0,09375; 106,78260869565217; 0,07025173
5672; 0,09375; 0,09375; 106,41304347826087; 0,07000859
5673; 0,09375; 0,09375; 106,76086956521739; 0,070237435
5674; 0,09375; 0,09375; 106,95652173913044; 0,070366144
5675; 0,09375; 0,09375; 106,3913043478261; 0,069994286
5676; 0,09375; 0,09375; 105,97826086956522; 0,069722556
5677; 0,09375; 0,09375; 106,1086956521739; 0,06980837
5678; 0,09375; 0,09375; 106,56521739130434; 0,07010872
5679; 0,09375; 0,09375; 106,28260869565217; 0,06992277
5680; 0,09375; 0,09375; 106,08695652173913; 0,06979406
5681; 0,09375; 0,09375; 106,73913043478261; 0,07022312
5682; 0,09375; 0,09375; 106,21739130434783; 0,069879875
5683; 0,09375; 0,09375; 107,45652173913044; 0,07069509
5684; 0,09375; 0,09375; 107,23913043478261; 0,07055207
5685; 0,09375; 0,09375; 106,17391304347827; 0,06985127
5686; 0,09375; 0,09375; 106,15217391304348; 0,06983697
5687; 0,09375; 0,09375; 107,45652173913044; 0,070695095
5688; 0,09375; 0,09375; 106,08695652173913; 0,06979406
5689; 0,09375; 0,09375; 107,73913043478261; 0,070881024
5690; 0,09375; 0,09375; 106,76086956521739; 0,070237435
5691; 0,09375; 0,09375; 106,02173913043478; 0,06975116
5692; 0,09375; 0,09375; 106,30434782608695; 0,06993708
5693; 0,09375; 0,09375; 107,1086956521739; 0,07046626
5694; 0,09375; 0,09375; 105,65217391304348; 0,06950803
5695; 0,09375; 0,09375; 106,23913043478261; 0,06989419
5696; 0,09375; 0,09375; 105,52173913043478; 0,0694222
5697; 0,09375; 0,09375; 108,06521739130434; 0,071095556
5698; 0,09375; 0,09375; 107,76086956521739; 0,07089532
5699; 0,09375; 0,09375; 107,95652173913044; 0,071024045
5700; 0,09375; 0,09375; 106,73913043478261; 0,07022314
5701; 0,09375; 0,09375; 106,52173913043478; 0,07008011
5702; 0,09375; 0,09375; 105,1304347826087; 0,069164775
5703; 0,09375; 0,09375; 106,52173913043478; 0,07008011
5704; 0,09375; 0,09375; 105,82608695652173; 0,06962244
5705; 0,09375; 0,09375; 105,76086956521739; 0,06957953
5706; 0,09375; 0,09375; 105,97826086956522; 0,06972255
5707; 0,09375; 0,09375; 106,02173913043478; 0,069751166
5708; 0,09375; 0,09375; 105,52173913043478; 0,06942221
5709; 0,09375; 0,09375; 104,71739130434783; 0,06889303
5710; 0,09375; 0,09375; 105,93478260869566; 0,069693945
5711; 0,09375; 0,09375; 105,6086956521739; 0,06947942
5712; 0,09375; 0,09375; 106,3913043478261; 0,06999429
5713; 0,09375; 0,09375; 106,71739130434783; 0,070208825
5714; 0,09375; 0,09375; 106,34782608695652; 0,06996569
5715; 0,09375; 0,09375; 106,26086956521739; 0,06990847
5716; 0,09375; 0,09375; 105,8913043478261; 0,06966535
5717; 0,09375; 0,09375; 106,23913043478261; 0,06989419
5718; 0,09375; 0,09375; 105,8695652173913; 0,069651045
5719; 0,09375; 0,09375; 105,73913043478261; 0,06956523
5720; 0,09375; 0,09375; 106,02173913043478; 0,069751166
5721; 0,09375; 0,09375; 107,23913043478261; 0,07055207
5722; 0,09375; 0,09375; 105,67391304347827; 0,06952232
5723; 0,09375; 0,09375; 105,8695652173913; 0,06965105
5724; 0,09375; 0,09375; 106,15217391304348; 0,06983697
5725; 0,09375; 0,09375; 105,17391304347827; 0,069193386
5726; 0,09375; 0,09375; 106,6304347826087; 0,07015161
5727; 0,09375; 0,09375; 106,80434782608695; 0,07026604
5728; 0,09375; 0,09375; 105,71739130434783; 0,06955093
5729; 0,09375; 0,09375; 106,28260869565217; 0,06992278
5730; 0,09375; 0,09375; 107,30434782608695; 0,070594974
5731; 0,09375; 0,09375; 105,65217391304348; 0,06950802
5732; 0,09375; 0,09375; 105,78260869565217; 0,06959384
5733; 0,09375; 0,09375; 105,78260869565217; 0,06959384
5734; 0,09375; 0,09375; 106,97826086956522; 0,07038046
5735; 0,09375; 0,09375; 107,47826086956522; 0,070709385
5736; 0,09375; 0,09375; 105,95652173913044; 0,06970825
5737; 0,09375; 0,09375; 106,02173913043478; 0,069751166
5738; 0,09375; 0,09375; 107,02173913043478; 0,070409045
5739; 0,09375; 0,09375; 106,5; 0,070065804
5740; 0,09375; 0,09375; 106,82608695652173; 0,07028033
5741; 0,09375; 0,09375; 105,76086956521739; 0,06957954
5742; 0,09375; 0,09375; 106,67391304347827; 0,07018022
5743; 0,09375; 0,09375; 106,26086956521739; 0,06990848
5744; 0,09375; 0,09375; 106,78260869565217; 0,070251726
5745; 0,09375; 0,09375; 106,21739130434783; 0,06987988
5746; 0,09375; 0,09375; 105,91304347826087; 0,06967965
5747; 0,09375; 0,09375; 107,30434782608695; 0,070594974
5748; 0,09375; 0,09375; 106,91304347826087; 0,07033754
5749; 0,09375; 0,09375; 105,6304347826087; 0,069493726
5750; 0,09375; 0,09375; 106,69565217391305; 0,07019453
5751; 0,09375; 0,09375; 106,82608695652173; 0,070280336
5752; 0,09375; 0,09375; 106,56521739130434; 0,07010871
5753; 0,09375; 0,09375; 108,06521739130434; 0,071095556
5754; 0,09375; 0,09375; 106,3695652173913; 0,06998
5755; 0,09375; 0,09375; 107,02173913043478; 0,07040905
5756; 0,09375; 0,09375; 107,28260869565217; 0,07058067
5757; 0,09375; 0,09375; 106,93478260869566; 0,07035185
5758; 0,09375; 0,09375; 106,32608695652173; 0,06995138
5759; 0,09375; 0,09375; 106,95652173913044; 0,070366144
5760; 0,09375; 0,09375; 105,93478260869566; 0,069693945
5761; 0,09375; 0,09375; 106,58695652173913; 0,07012302
5762; 0,09375; 0,09375; 106,1304347826087; 0,06982267
5763; 0,09375; 0,09375; 106,71739130434783; 0,07020883
5764; 0,09375; 0,09375; 106,6086956521739; 0,07013732
5765; 0,09375; 0,09375; 107,0; 0,07039475
5766; 0,09375; 0,09375; 105,58695652173913; 0,0694651
5767; 0,09375; 0,09375; 107,30434782608695; 0,07059498
5768; 0,09375; 0,09375; 105,30434782608695; 0,069279194
5769; 0,09375; 0,09375; 105,95652173913044; 0,06970825
5770; 0,09375; 0,09375; 106,6086956521739; 0,070137314
5771; 0,09375; 0,09375; 106,76086956521739; 0,07023742
5772; 0,09375; 0,09375; 105,82608695652173; 0,06962244
5773; 0,09375; 0,09375; 106,91304347826087; 0,07033754
5774; 0,09375; 0,09375; 107,41304347826087; 0,07066649
5775; 0,09375; 0,09375; 107,93478260869566; 0,07100973
5776; 0,09375; 0,09375; 107,43478260869566; 0,0706808
5777; 0,09375; 0,09375; 106,21739130434783; 0,06987988
5778; 0,09375; 0,09375; 105,95652173913044; 0,06970824
5779; 0,09375; 0,09375; 105,95652173913044; 0,06970825
5780; 0,09375; 0,09375; 105,95652173913044; 0,06970825
5781; 0,09375; 0,09375; 107,34782608695652; 0,070623584
5782; 0,09375; 0,09375; 106,65217391304348; 0,07016591
5783; 0,09375; 0,09375; 106,5; 0,0700658
5784; 0,09375; 0,09375; 105,82608695652173; 0,06962244
5785; 0,09375; 0,09375; 106,3695652173913; 0,069979995
5786; 0,09375; 0,09375; 106,06521739130434; 0,06977975
5787; 0,09375; 0,09375; 106,54347826086956; 0,07009441
5788; 0,09375; 0,09375; 105,80434782608695; 0,06960814
5789; 0,09375; 0,09375; 107,34782608695652; 0,07062358
5790; 0,09375; 0,09375; 105,97826086956522; 0,069722556
5791; 0,09375; 0,09375; 106,1304347826087; 0,06982267
5792; 0,09375; 0,09375; 104,5; 0,06875002
5793; 0,09375; 0,09375; 105,06521739130434; 0,06912187
5794; 0,09375; 0,09375; 106,93478260869566; 0,07035185
5795; 0,09375; 0,09375; 105,84782608695652; 0,06963673
5796; 0,09375; 0,09375; 106,78260869565217; 0,07025173
5797; 0,09375; 0,09375; 106,32608695652173; 0,06995139
5798; 0,09375; 0,09375; 106,56521739130434; 0,07010871
5799; 0,09375; 0,09375; 105,65217391304348; 0,06950803
5800; 0,09375; 0,09375; 106,91304347826087; 0,070337534
5801; 0,09375; 0,09375; 105,54347826086956; 0,06943651
5802; 0,09375; 0,09375; 106,65217391304348; 0,07016592
5803; 0,09375; 0,09375; 106,21739130434783; 0,06987987
5804; 0,09375; 0,09375; 106,97826086956522; 0,07038045
5805; 0,09375; 0,09375; 105,84782608695652; 0,06963673
5806; 0,09375; 0,09375; 106,1304347826087; 0,06982267
5807; 0,09375; 0,09375; 105,23913043478261; 0,069236286
5808; 0,09375; 0,09375; 106,47826086956522; 0,0700515
5809; 0,09375; 0,09375; 106,43478260869566; 0,0700229
5810; 0,09375; 0,09375; 106,65217391304348; 0,07016592
5811; 0,09375; 0,09375; 106,69565217391305; 0,07019451
5812; 0,09375; 0,09375; 106,28260869565217; 0,06992278
5813; 0,09375; 0,09375; 104,04347826086956; 0,068449676
5814; 0,09375; 0,09375; 105,52173913043478; 0,06942222
5815; 0,09375; 0,09375; 107,8913043478261; 0,07098113
5816; 0,09375; 0,09375; 105,58695652173913; 0,069465116
5817; 0,09375; 0,09375; 106,19565217391305; 0,069865584
5818; 0,09375; 0,09375; 106,6304347826087; 0,07015162
5819; 0,09375; 0,09375; 105,97826086956522; 0,069722556
5820; 0,09375; 0,09375; 108,02173913043478; 0,07106695
5821; 0,09375; 0,09375; 105,82608695652173; 0,06962243
5822; 0,09375; 0,09375; 105,6304347826087; 0,06949371
5823; 0,09375; 0,09375; 106,6086956521739; 0,070137314
5824; 0,09375; 0,09375; 106,34782608695652; 0,0699657
5825; 0,09375; 0,09375; 105,82608695652173; 0,06962244
5826; 0,09375; 0,09375; 106,34782608695652; 0,069965705
5827; 0,09375; 0,09375; 106,65217391304348; 0,070165925
5828; 0,09375; 0,09375; 106,1086956521739; 0,06980837
5829; 0,09375; 0,09375; 106,54347826086956; 0,07009441
5830; 0,09375; 0,09375; 105,30434782608695; 0,06927919
5831; 0,09375; 0,09375; 105,3695652173913; 0,06932209
5832; 0,09375; 0,09375; 106,17391304347827; 0,06985127
5833; 0,09375; 0,09375; 106,52173913043478; 0,0700801
5834; 0,09375; 0,09375; 106,32608695652173; 0,06995139
5835; 0,09375; 0,09375; 106,69565217391305; 0,07019453
5836; 0,09375; 0,09375; 106,5; 0,0700658
5837; 0,09375; 0,09375; 107,1304347826087; 0,07048056
5838; 0,09375; 0,09375; 106,67391304347827; 0,07018022
5839; 0,09375; 0,09375; 106,15217391304348; 0,06983697
5840; 0,09375; 0,09375; 106,65217391304348; 0,07016591
5841; 0,09375; 0,09375; 107,15217391304348; 0,07049485
5842; 0,09375; 0,09375; 106,1086956521739; 0,069808364
5843; 0,09375; 0,09375; 106,43478260869566; 0,0700229
5844; 0,09375; 0,09375; 106,6086956521739; 0,070137314
5845; 0,09375; 0,09375; 105,5; 0,06940791
5846; 0,09375; 0,09375; 107,08695652173913; 0,07045196
5847; 0,09375; 0,09375; 106,08695652173913; 0,069794066
5848; 0,09375; 0,09375; 106,0; 0,06973685
5849; 0,09375; 0,09375; 108,80434782608695; 0,07158182
5850; 0,09375; 0,09375; 107,6086956521739; 0,07079521
5851; 0,09375; 0,09375; 107,3695652173913; 0,07063789
5852; 0,09375; 0,09375; 105,71739130434783; 0,069550924
5853; 0,09375; 0,09375; 106,84782608695652; 0,07029464
5854; 0,09375; 0,09375; 105,8695652173913; 0,06965104
5855; 0,09375; 0,09375; 106,3695652173913; 0,069979995
5856; 0,09375; 0,09375; 107,0; 0,07039475
5857; 0,09375; 0,09375; 107,67391304347827; 0,07083811
5858; 0,09375; 0,09375; 104,54347826086956; 0,06877861
5859; 0,09375; 0,09375; 106,41304347826087; 0,07000858
5860; 0,09375; 0,09375; 108,04347826086956; 0,07108126
5861; 0,09375; 0,09375; 106,8913043478261; 0,07032324
5862; 0,09375; 0,09375; 107,1086956521739; 0,07046626
5863; 0,09375; 0,09375; 106,30434782608695; 0,06993708
5864; 0,09375; 0,09375; 108,23913043478261; 0,07120996
5865; 0,09375; 0,09375; 106,41304347826087; 0,0700086
5866; 0,09375; 0,09375; 105,3695652173913; 0,0693221
5867; 0,09375; 0,09375; 105,65217391304348; 0,06950802
5868; 0,09375; 0,09375; 107,0; 0,07039475
5869; 0,09375; 0,09375; 106,97826086956522; 0,07038045
5870; 0,09375; 0,09375; 106,5; 0,0700658
5871; 0,09375; 0,09375; 106,28260869565217; 0,06992278
5872; 0,09375; 0,09375; 107,65217391304348; 0,07082381
5873; 0,09375; 0,09375; 106,3695652173913; 0,06997999
5874; 0,09375; 0,09375; 106,78260869565217; 0,070251726
5875; 0,09375; 0,09375; 106,30434782608695; 0,06993709
5876; 0,09375; 0,09375; 107,21739130434783; 0,070537776
5877; 0,09375; 0,09375; 105,3913043478261; 0,06933641
5878; 0,09375; 0,09375; 106,56521739130434; 0,07010871
5879; 0,09375; 0,09375; 105,19565217391305; 0,069207676
5880; 0,09375; 0,09375; 105,8695652173913; 0,069651045
5881; 0,09375; 0,09375; 106,82608695652173; 0,070280336
5882; 0,09375; 0,09375; 106,58695652173913; 0,07012302
5883; 0,09375; 0,09375; 106,43478260869566; 0,070022896
5884; 0,09375; 0,09375; 106,0; 0,06973686
5885; 0,09375; 0,09375; 105,73913043478261; 0,06956524
5886; 0,09375; 0,09375; 106,73913043478261; 0,07022312
5887; 0,09375; 0,09375; 106,8695652173913; 0,07030894
5888; 0,09375; 0,09375; 106,17391304347827; 0,06985126
5889; 0,09375; 0,09375; 105,97826086956522; 0,069722556
5890; 0,09375; 0,09375; 106,0; 0,06973685
5891; 0,09375; 0,09375; 106,52173913043478; 0,0700801
5892; 0,09375; 0,09375; 106,71739130434783; 0,07020883
5893; 0,09375; 0,09375; 106,34782608695652; 0,06996568
5894; 0,09375; 0,09375; 106,5; 0,0700658
5895; 0,09375; 0,09375; 105,30434782608695; 0,069279194
5896; 0,09375; 0,09375; 107,04347826086956; 0,07042336
5897; 0,09375; 0,09375; 107,21739130434783; 0,07053778
5898; 0,09375; 0,09375; 107,28260869565217; 0,070580676
5899; 0,09375; 0,09375; 105,19565217391305; 0,069207676
5900; 0,09375; 0,09375; 107,32608695652173; 0,07060928
5901; 0,09375; 0,09375; 106,76086956521739; 0,07023742
5902; 0,09375; 0,09375; 107,45652173913044; 0,070695095
5903; 0,09375; 0,09375; 107,26086956521739; 0,07056637
5904; 0,09375; 0,09375; 105,1304347826087; 0,06916476
5905; 0,09375; 0,09375; 106,21739130434783; 0,069879875
5906; 0,09375; 0,09375; 106,56521739130434; 0,07010871
5907; 0,09375; 0,09375; 106,34782608695652; 0,06996568
5908; 0,09375; 0,09375; 106,84782608695652; 0,07029463
5909; 0,09375; 0,09375; 106,82608695652173; 0,070280336
5910; 0,09375; 0,09375; 105,47826086956522; 0,069393605
5911; 0,09375; 0,09375; 105,73913043478261; 0,06956524
5912; 0,09375; 0,09375; 106,84782608695652; 0,07029463
5913; 0,09375; 0,09375; 106,73913043478261; 0,07022313
5914; 0,09375; 0,09375; 105,93478260869566; 0,069693945
5915; 0,09375; 0,09375; 106,19565217391305; 0,06986558
5916; 0,09375; 0,09375; 106,26086956521739; 0,06990848
5917; 0,09375; 0,09375; 106,28260869565217; 0,06992278
5918; 0,09375; 0,09375; 106,02173913043478; 0,069751166
5919; 0,09375; 0,09375; 108,23913043478261; 0,071209975
5920; 0,09375; 0,09375; 106,3695652173913; 0,069979995
5921; 0,09375; 0,09375; 107,06521739130434; 0,070437655
5922; 0,09375; 0,09375; 106,5; 0,0700658
5923; 0,09375; 0,09375; 106,41304347826087; 0,07000859
5924; 0,09375; 0,09375; 106,54347826086956; 0,07009441
5925; 0,09375; 0,09375; 106,78260869565217; 0,07025174
5926; 0,09375; 0,09375; 106,32608695652173; 0,06995139
5927; 0,09375; 0,09375; 107,26086956521739; 0,07056637
5928; 0,09375; 0,09375; 105,56521739130434; 0,06945081
5929; 0,09375; 0,09375; 106,08695652173913; 0,069794066
5930; 0,09375; 0,09375; 106,26086956521739; 0,06990848
5931; 0,09375; 0,09375; 106,34782608695652; 0,069965675
5932; 0,09375; 0,09375; 106,04347826086956; 0,06976546
5933; 0,09375; 0,09375; 106,15217391304348; 0,069836974
5934; 0,09375; 0,09375; 107,76086956521739; 0,07089532
5935; 0,09375; 0,09375; 107,76086956521739; 0,07089532
5936; 0,09375; 0,09375; 106,6304347826087; 0,07015161
5937; 0,09375; 0,09375; 106,56521739130434; 0,07010871
5938; 0,09375; 0,09375; 106,69565217391305; 0,070194535
5939; 0,09375; 0,09375; 107,15217391304348; 0,07049487
5940; 0,09375; 0,09375; 105,91304347826087; 0,069679655
5941; 0,09375; 0,09375; 106,3913043478261; 0,0699943
5942; 0,09375; 0,09375; 106,47826086956522; 0,070051506
5943; 0,09375; 0,09375; 107,0; 0,07039475
5944; 0,09375; 0,09375; 106,69565217391305; 0,07019452
5945; 0,09375; 0,09375; 105,3913043478261; 0,06933641
5946; 0,09375; 0,09375; 106,5; 0,0700658
5947; 0,09375; 0,09375; 106,6086956521739; 0,07013729
5948; 0,09375; 0,09375; 106,1086956521739; 0,06980836
5949; 0,09375; 0,09375; 106,26086956521739; 0,06990848
5950; 0,09375; 0,09375; 106,23913043478261; 0,06989419
5951; 0,09375; 0,09375; 107,43478260869566; 0,0706808
5952; 0,09375; 0,09375; 106,43478260869566; 0,070022896
5953; 0,09375; 0,09375; 106,67391304347827; 0,07018022
5954; 0,09375; 0,09375; 107,06521739130434; 0,07043766
5955; 0,09375; 0,09375; 106,6086956521739; 0,070137314
5956; 0,09375; 0,09375; 105,26086956521739; 0,069250576
5957; 0,09375; 0,09375; 106,52173913043478; 0,0700801
5958; 0,09375; 0,09375; 106,6304347826087; 0,07015163
5959; 0,09375; 0,09375; 106,3913043478261; 0,06999429
5960; 0,09375; 0,09375; 105,3913043478261; 0,0693364
5961; 0,09375; 0,09375; 105,28260869565217; 0,06926488
5962; 0,09375; 0,09375; 106,82608695652173; 0,07028034
5963; 0,09375; 0,09375; 106,82608695652173; 0,07028033
5964; 0,09375; 0,09375; 108,19565217391305; 0,07118137
5965; 0,09375; 0,09375; 106,06521739130434; 0,06977975
5966; 0,09375; 0,09375; 106,17391304347827; 0,06985127
5967; 0,09375; 0,09375; 106,26086956521739; 0,06990848
5968; 0,09375; 0,09375; 106,41304347826087; 0,070008606
5969; 0,09375; 0,09375; 106,34782608695652; 0,06996568
5970; 0,09375; 0,09375; 105,91304347826087; 0,06967965
5971; 0,09375; 0,09375; 107,1086956521739; 0,07046626
5972; 0,09375; 0,09375; 105,84782608695652; 0,06963674
5973; 0,09375; 0,09375; 105,73913043478261; 0,06956522
5974; 0,09375; 0,09375; 105,28260869565217; 0,06926489
5975; 0,09375; 0,09375; 106,43478260869566; 0,070022896
5976; 0,09375; 0,09375; 106,41304347826087; 0,07000859
5977; 0,09375; 0,09375; 106,69565217391305; 0,07019453
5978; 0,09375; 0,09375; 107,52173913043478; 0,070738
5979; 0,09375; 0,09375; 105,76086956521739; 0,06957953
5980; 0,09375; 0,09375; 106,80434782608695; 0,07026603
5981; 0,09375; 0,09375; 105,97826086956522; 0,069722556
5982; 0,09375; 0,09375; 106,1086956521739; 0,069808364
5983; 0,09375; 0,09375; 105,80434782608695; 0,06960813
5984; 0,09375; 0,09375; 105,78260869565217; 0,06959384
5985; 0,09375; 0,09375; 106,26086956521739; 0,06990849
5986; 0,09375; 0,09375; 106,1086956521739; 0,06980837
5987; 0,09375; 0,09375; 105,69565217391305; 0,06953663
5988; 0,09375; 0,09375; 107,1086956521739; 0,070466265
5989; 0,09375; 0,09375; 106,45652173913044; 0,0700372
5990; 0,09375; 0,09375; 106,67391304347827; 0,07018023
5991; 0,09375; 0,09375; 106,8913043478261; 0,07032325
5992; 0,09375; 0,09375; 106,97826086956522; 0,07038044
5993; 0,09375; 0,09375; 105,45652173913044; 0,0693793
5994; 0,09375; 0,09375; 105,82608695652173; 0,06962244
5995; 0,09375; 0,09375; 106,06521739130434; 0,06977975
5996; 0,09375; 0,09375; 105,58695652173913; 0,069465116
5997; 0,09375; 0,09375; 106,32608695652173; 0,06995139
5998; 0,09375; 0,09375; 107,5; 0,0707237
5999; 0,09375; 0,09375; 106,21739130434783; 0,06987988
6000; 0,09375; 0,09375; 106,91304347826087; 0,070337534
6001; 0,09375; 0,09375; 106,3913043478261; 0,0699943
6002; 0,09375; 0,09375; 106,0; 0,06973686
6003; 0,09375; 0,09375; 106,1304347826087; 0,06982267
6004; 0,09375; 0,09375; 106,17391304347827; 0,06985127
6005; 0,09375; 0,09375; 105,8695652173913; 0,069651045
6006; 0,09375; 0,09375; 107,54347826086956; 0,07075229
6007; 0,09375; 0,09375; 106,69565217391305; 0,070194535
6008; 0,09375; 0,09375; 106,06521739130434; 0,069779776
6009; 0,09375; 0,09375; 106,21739130434783; 0,06987988
6010; 0,09375; 0,09375; 105,84782608695652; 0,06963674
6011; 0,09375; 0,09375; 107,3913043478261; 0,07065219
6012; 0,09375; 0,09375; 106,52173913043478; 0,07008011
6013; 0,09375; 0,09375; 106,76086956521739; 0,07023744
6014; 0,09375; 0,09375; 105,82608695652173; 0,06962244
6015; 0,09375; 0,09375; 106,21739130434783; 0,06987987
6016; 0,09375; 0,09375; 105,02173913043478; 0,069093265
6017; 0,09375; 0,09375; 105,76086956521739; 0,06957953
6018; 0,09375; 0,09375; 106,84782608695652; 0,07029464
6019; 0,09375; 0,09375; 106,58695652173913; 0,07012302
6020; 0,09375; 0,09375; 107,02173913043478; 0,07040905
6021; 0,09375; 0,09375; 105,71739130434783; 0,06955092
6022; 0,09375; 0,09375; 107,04347826086956; 0,07042336
6023; 0,09375; 0,09375; 105,93478260869566; 0,069693945
6024; 0,09375; 0,09375; 107,47826086956522; 0,07070939
6025; 0,09375; 0,09375; 106,34782608695652; 0,06996568
6026; 0,09375; 0,09375; 107,06521739130434; 0,070437655
6027; 0,09375; 0,09375; 106,91304347826087; 0,07033754
6028; 0,09375; 0,09375; 106,28260869565217; 0,06992278
6029; 0,09375; 0,09375; 107,56521739130434; 0,070766605
6030; 0,09375; 0,09375; 106,3913043478261; 0,06999429
6031; 0,09375; 0,09375; 107,56521739130434; 0,070766605
6032; 0,09375; 0,09375; 105,80434782608695; 0,06960814
6033; 0,09375; 0,09375; 107,08695652173913; 0,07045197
6034; 0,09375; 0,09375; 106,43478260869566; 0,070022896
6035; 0,09375; 0,09375; 106,41304347826087; 0,0700086
6036; 0,09375; 0,09375; 106,93478260869566; 0,07035185
6037; 0,09375; 0,09375; 106,23913043478261; 0,06989417
6038; 0,09375; 0,09375; 106,65217391304348; 0,07016592
6039; 0,09375; 0,09375; 106,56521739130434; 0,07010871
6040; 0,09375; 0,09375; 104,78260869565217; 0,068935946
6041; 0,09375; 0,09375; 107,65217391304348; 0,07082381
6042; 0,09375; 0,09375; 106,1304347826087; 0,06982268
6043; 0,09375; 0,09375; 106,6304347826087; 0,070151605
6044; 0,09375; 0,09375; 108,0; 0,07105263
6045; 0,09375; 0,09375; 107,1086956521739; 0,070466265
6046; 0,09375; 0,09375; 106,6304347826087; 0,07015161
6047; 0,09375; 0,09375; 106,04347826086956; 0,069765456
6048; 0,09375; 0,09375; 105,84782608695652; 0,06963673
6049; 0,09375; 0,09375; 107,43478260869566; 0,0706808
6050; 0,09375; 0,09375; 105,82608695652173; 0,06962243
6051; 0,09375; 0,09375; 106,47826086956522; 0,07005149
6052; 0,09375; 0,09375; 106,52173913043478; 0,0700801
6053; 0,09375; 0,09375; 106,69565217391305; 0,070194505
6054; 0,09375; 0,09375; 106,73913043478261; 0,07022313
6055; 0,09375; 0,09375; 106,15217391304348; 0,069836974
6056; 0,09375; 0,09375; 107,19565217391305; 0,07052346
6057; 0,09375; 0,09375; 106,06521739130434; 0,06977976
6058; 0,09375; 0,09375; 105,58695652173913; 0,06946511
6059; 0,09375; 0,09375; 105,65217391304348; 0,06950801
6060; 0,09375; 0,09375; 106,5; 0,0700658
6061; 0,09375; 0,09375; 106,17391304347827; 0,06985128
6062; 0,09375; 0,09375; 106,17391304347827; 0,069851264
6063; 0,09375; 0,09375; 107,1086956521739; 0,070466265
6064; 0,09375; 0,09375; 106,80434782608695; 0,07026603
6065; 0,09375; 0,09375; 106,45652173913044; 0,0700372
6066; 0,09375; 0,09375; 106,3695652173913; 0,069979995
6067; 0,09375; 0,09375; 106,45652173913044; 0,0700372
6068; 0,09375; 0,09375; 106,80434782608695; 0,07026604
6069; 0,09375; 0,09375; 106,21739130434783; 0,06987988
6070; 0,09375; 0,09375; 105,6304347826087; 0,06949372
6071; 0,09375; 0,09375; 106,23913043478261; 0,06989418
6072; 0,09375; 0,09375; 106,71739130434783; 0,07020883
6073; 0,09375; 0,09375; 107,0; 0,07039475
6074; 0,09375; 0,09375; 106,3913043478261; 0,069994286
6075; 0,09375; 0,09375; 107,6086956521739; 0,0707952
6076; 0,09375; 0,09375; 106,5; 0,070065804
6077; 0,09375; 0,09375; 106,23913043478261; 0,06989418
6078; 0,09375; 0,09375; 107,67391304347827; 0,070838116
6079; 0,09375; 0,09375; 105,21739130434783; 0,06922197
6080; 0,09375; 0,09375; 105,67391304347827; 0,06952233
6081; 0,09375; 0,09375; 106,15217391304348; 0,069836974
6082; 0,09375; 0,09375; 107,17391304347827; 0,070509166
6083; 0,09375; 0,09375; 106,06521739130434; 0,06977976
6084; 0,09375; 0,09375; 106,91304347826087; 0,07033754
6085; 0,09375; 0,09375; 106,80434782608695; 0,07026603
6086; 0,09375; 0,09375; 106,78260869565217; 0,07025173
6087; 0,09375; 0,09375; 107,06521739130434; 0,07043766
6088; 0,09375; 0,09375; 106,45652173913044; 0,0700372
6089; 0,09375; 0,09375; 107,1086956521739; 0,07046626
6090; 0,09375; 0,09375; 106,84782608695652; 0,07029463
6091; 0,09375; 0,09375; 106,1304347826087; 0,06982267
6092; 0,09375; 0,09375; 106,19565217391305; 0,06986558
6093; 0,09375; 0,09375; 106,32608695652173; 0,069951385
6094; 0,09375; 0,09375; 106,76086956521739; 0,07023742
6095; 0,09375; 0,09375; 106,45652173913044; 0,0700372
6096; 0,09375; 0,09375; 107,65217391304348; 0,07082382
6097; 0,09375; 0,09375; 105,76086956521739; 0,06957953
6098; 0,09375; 0,09375; 106,52173913043478; 0,0700801
6099; 0,09375; 0,09375; 107,17391304347827; 0,07050917
6100; 0,09375; 0,09375; 106,32608695652173; 0,06995139
6101; 0,09375; 0,09375; 107,08695652173913; 0,07045195
6102; 0,09375; 0,09375; 107,02173913043478; 0,07040905
6103; 0,09375; 0,09375; 106,15217391304348; 0,069836974
6104; 0,09375; 0,09375; 105,69565217391305; 0,06953663
6105; 0,09375; 0,09375; 106,95652173913044; 0,07036615
6106; 0,09375; 0,09375; 106,06521739130434; 0,06977976
6107; 0,09375; 0,09375; 106,30434782608695; 0,06993709
6108; 0,09375; 0,09375; 104,82608695652173; 0,068964556
6109; 0,09375; 0,09375; 106,43478260869566; 0,070022896
6110; 0,09375; 0,09375; 106,34782608695652; 0,06996568
6111; 0,09375; 0,09375; 107,17391304347827; 0,070509166
6112; 0,09375; 0,09375; 104,28260869565217; 0,06860699
6113; 0,09375; 0,09375; 108,04347826086956; 0,07108126
6114; 0,09375; 0,09375; 106,32608695652173; 0,06995139
6115; 0,09375; 0,09375; 106,80434782608695; 0,07026602
6116; 0,09375; 0,09375; 106,34782608695652; 0,06996568
6117; 0,09375; 0,09375; 106,08695652173913; 0,06979405
6118; 0,09375; 0,09375; 106,30434782608695; 0,06993709
6119; 0,09375; 0,09375; 105,91304347826087; 0,06967965
6120; 0,09375; 0,09375; 108,1086956521739; 0,07112415
6121; 0,09375; 0,09375; 106,1086956521739; 0,06980837
6122; 0,09375; 0,09375; 107,47826086956522; 0,07070939
6123; 0,09375; 0,09375; 106,82608695652173; 0,07028034
6124; 0,09375; 0,09375; 107,5; 0,0707237
6125; 0,09375; 0,09375; 105,8913043478261; 0,06966535
6126; 0,09375; 0,09375; 106,3695652173913; 0,06997999
6127; 0,09375; 0,09375; 107,28260869565217; 0,070580676
6128; 0,09375; 0,09375; 105,8695652173913; 0,06965105
6129; 0,09375; 0,09375; 105,58695652173913; 0,069465116
6130; 0,09375; 0,09375; 105,93478260869566; 0,069693945
6131; 0,09375; 0,09375; 105,3695652173913; 0,06932209
6132; 0,09375; 0,09375; 106,6086956521739; 0,070137314
6133; 0,09375; 0,09375; 105,93478260869566; 0,06969396
6134; 0,09375; 0,09375; 106,52173913043478; 0,0700801
6135; 0,09375; 0,09375; 105,97826086956522; 0,06972256
6136; 0,09375; 0,09375; 107,17391304347827; 0,070509166
6137; 0,09375; 0,09375; 106,43478260869566; 0,070022896
6138; 0,09375; 0,09375; 106,06521739130434; 0,069779776
6139; 0,09375; 0,09375; 106,28260869565217; 0,06992279
6140; 0,09375; 0,09375; 106,45652173913044; 0,0700372
6141; 0,09375; 0,09375; 105,54347826086956; 0,069436505
6142; 0,09375; 0,09375; 105,91304347826087; 0,06967966
6143; 0,09375; 0,09375; 106,93478260869566; 0,07035185
6144; 0,09375; 0,09375; 106,21739130434783; 0,06987987
6145; 0,09375; 0,09375; 108,28260869565217; 0,07123858
6146; 0,09375; 0,09375; 106,3913043478261; 0,06999429
6147; 0,09375; 0,09375; 105,84782608695652; 0,06963674
6148; 0,09375; 0,09375; 106,54347826086956; 0,07009441
6149; 0,09375; 0,09375; 106,71739130434783; 0,070208825
6150; 0,09375; 0,09375; 105,67391304347827; 0,06952232
6151; 0,09375; 0,09375; 106,65217391304348; 0,07016592
6152; 0,09375; 0,09375; 106,56521739130434; 0,07010871
6153; 0,09375; 0,09375; 106,34782608695652; 0,06996569
6154; 0,09375; 0,09375; 106,21739130434783; 0,06987988
6155; 0,09375; 0,09375; 105,23913043478261; 0,069236286
6156; 0,09375; 0,09375; 106,73913043478261; 0,070223115
6157; 0,09375; 0,09375; 106,21739130434783; 0,069879875
6158; 0,09375; 0,09375; 107,43478260869566; 0,07068079
6159; 0,09375; 0,09375; 105,95652173913044; 0,06970826
6160; 0,09375; 0,09375; 106,91304347826087; 0,070337534
6161; 0,09375; 0,09375; 106,23913043478261; 0,06989417
6162; 0,09375; 0,09375; 106,02173913043478; 0,06975115
6163; 0,09375; 0,09375; 106,21739130434783; 0,06987988
6164; 0,09375; 0,09375; 106,3695652173913; 0,06997998
6165; 0,09375; 0,09375; 106,56521739130434; 0,07010871
6166; 0,09375; 0,09375; 106,56521739130434; 0,07010871
6167; 0,09375; 0,09375; 106,15217391304348; 0,06983697
6168; 0,09375; 0,09375; 106,41304347826087; 0,07000859
6169; 0,09375; 0,09375; 107,1304347826087; 0,070480555
6170; 0,09375; 0,09375; 105,97826086956522; 0,06972254
6171; 0,09375; 0,09375; 106,6304347826087; 0,07015161
6172; 0,09375; 0,09375; 107,02173913043478; 0,07040905
6173; 0,09375; 0,09375; 106,71739130434783; 0,070208825
6174; 0,09375; 0,09375; 106,26086956521739; 0,069908485
6175; 0,09375; 0,09375; 106,6304347826087; 0,07015161
6176; 0,09375; 0,09375; 106,58695652173913; 0,07012302
6177; 0,09375; 0,09375; 106,78260869565217; 0,07025171
6178; 0,09375; 0,09375; 106,52173913043478; 0,0700801
6179; 0,09375; 0,09375; 105,0; 0,06907897
6180; 0,09375; 0,09375; 106,43478260869566; 0,070022896
6181; 0,09375; 0,09375; 104,58695652173913; 0,06880724
6182; 0,09375; 0,09375; 105,6086956521739; 0,06947942
6183; 0,09375; 0,09375; 108,1086956521739; 0,07112415
6184; 0,09375; 0,09375; 105,78260869565217; 0,06959384
6185; 0,09375; 0,09375; 106,43478260869566; 0,0700229
6186; 0,09375; 0,09375; 106,84782608695652; 0,07029464
6187; 0,09375; 0,09375; 106,43478260869566; 0,070022896
6188; 0,09375; 0,09375; 105,82608695652173; 0,069622435
6189; 0,09375; 0,09375; 106,45652173913044; 0,0700372
6190; 0,09375; 0,09375; 106,3695652173913; 0,06998
6191; 0,09375; 0,09375; 106,91304347826087; 0,07033755
6192; 0,09375; 0,09375; 106,84782608695652; 0,07029464
6193; 0,09375; 0,09375; 106,06521739130434; 0,06977976
6194; 0,09375; 0,09375; 106,26086956521739; 0,06990848
6195; 0,09375; 0,09375; 106,32608695652173; 0,06995139
6196; 0,09375; 0,09375; 106,69565217391305; 0,07019453
6197; 0,09375; 0,09375; 105,95652173913044; 0,06970825
6198; 0,09375; 0,09375; 105,17391304347827; 0,06919337
6199; 0,09375; 0,09375; 106,52173913043478; 0,07008011
6200; 0,09375; 0,09375; 107,47826086956522; 0,07070939
6201; 0,09375; 0,09375; 106,06521739130434; 0,06977977
6202; 0,09375; 0,09375; 106,43478260869566; 0,070022896
6203; 0,09375; 0,09375; 106,30434782608695; 0,06993709
6204; 0,09375; 0,09375; 106,26086956521739; 0,06990848
6205; 0,09375; 0,09375; 105,73913043478261; 0,06956524
6206; 0,09375; 0,09375; 106,58695652173913; 0,07012302
6207; 0,09375; 0,09375; 107,06521739130434; 0,07043766
6208; 0,09375; 0,09375; 106,76086956521739; 0,07023742
6209; 0,09375; 0,09375; 105,91304347826087; 0,06967964
6210; 0,09375; 0,09375; 106,5; 0,0700658
6211; 0,09375; 0,09375; 106,8695652173913; 0,07030893
6212; 0,09375; 0,09375; 105,52173913043478; 0,0694222
6213; 0,09375; 0,09375; 106,21739130434783; 0,06987988
6214; 0,09375; 0,09375; 106,78260869565217; 0,07025172
6215; 0,09375; 0,09375; 106,82608695652173; 0,070280336
6216; 0,09375; 0,09375; 106,5; 0,07006581
6217; 0,09375; 0,09375; 106,3913043478261; 0,06999429
6218; 0,09375; 0,09375; 106,26086956521739; 0,069908485
6219; 0,09375; 0,09375; 107,08695652173913; 0,07045196
6220; 0,09375; 0,09375; 106,0; 0,06973686
6221; 0,09375; 0,09375; 107,84782608695652; 0,07095253
6222; 0,09375; 0,09375; 106,06521739130434; 0,06977976
6223; 0,09375; 0,09375; 107,06521739130434; 0,07043766
6224; 0,09375; 0,09375; 105,19565217391305; 0,069207676
6225; 0,09375; 0,09375; 105,45652173913044; 0,0693793
6226; 0,09375; 0,09375; 106,15217391304348; 0,06983697
6227; 0,09375; 0,09375; 105,58695652173913; 0,069465116
6228; 0,09375; 0,09375; 105,76086956521739; 0,069579534
6229; 0,09375; 0,09375; 106,19565217391305; 0,06986558
6230; 0,09375; 0,09375; 105,97826086956522; 0,069722556
6231; 0,09375; 0,09375; 106,95652173913044; 0,07036614
6232; 0,09375; 0,09375; 106,5; 0,0700658
6233; 0,09375; 0,09375; 107,3695652173913; 0,07063788
6234; 0,09375; 0,09375; 106,32608695652173; 0,06995138
6235; 0,09375; 0,09375; 106,23913043478261; 0,06989418
6236; 0,09375; 0,09375; 106,41304347826087; 0,070008606
6237; 0,09375; 0,09375; 107,26086956521739; 0,07056637
6238; 0,09375; 0,09375; 106,47826086956522; 0,07005151
6239; 0,09375; 0,09375; 106,95652173913044; 0,070366144
6240; 0,09375; 0,09375; 106,71739130434783; 0,07020882
6241; 0,09375; 0,09375; 108,1304347826087; 0,07113846
6242; 0,09375; 0,09375; 106,32608695652173; 0,069951385
6243; 0,09375; 0,09375; 106,45652173913044; 0,0700372
6244; 0,09375; 0,09375; 106,65217391304348; 0,07016593
6245; 0,09375; 0,09375; 106,80434782608695; 0,07026602
6246; 0,09375; 0,09375; 106,32608695652173; 0,06995139
6247; 0,09375; 0,09375; 106,3913043478261; 0,069994286
6248; 0,09375; 0,09375; 107,04347826086956; 0,070423365
6249; 0,09375; 0,09375; 106,34782608695652; 0,06996569
6250; 0,09375; 0,09375; 105,08695652173913; 0,06913617
6251; 0,09375; 0,09375; 106,28260869565217; 0,06992278
6252; 0,09375; 0,09375; 106,82608695652173; 0,07028032
6253; 0,09375; 0,09375; 105,54347826086956; 0,06943651
6254; 0,09375; 0,09375; 106,06521739130434; 0,06977975
6255; 0,09375; 0,09375; 105,5; 0,0694079
6256; 0,09375; 0,09375; 105,71739130434783; 0,06955093
6257; 0,09375; 0,09375; 106,17391304347827; 0,06985128
6258; 0,09375; 0,09375; 106,02173913043478; 0,06975115
6259; 0,09375; 0,09375; 106,21739130434783; 0,069879875
6260; 0,09375; 0,09375; 105,26086956521739; 0,06925059
6261; 0,09375; 0,09375; 106,84782608695652; 0,07029464
6262; 0,09375; 0,09375; 105,8913043478261; 0,069665335
6263; 0,09375; 0,09375; 106,6304347826087; 0,07015163
6264; 0,09375; 0,09375; 106,3913043478261; 0,06999429
6265; 0,09375; 0,09375; 106,91304347826087; 0,07033754
6266; 0,09375; 0,09375; 106,80434782608695; 0,07026602
6267; 0,09375; 0,09375; 106,95652173913044; 0,07036614
6268; 0,09375; 0,09375; 106,41304347826087; 0,07000859
6269; 0,09375; 0,09375; 106,08695652173913; 0,06979406
6270; 0,09375; 0,09375; 106,1086956521739; 0,06980837
6271; 0,09375; 0,09375; 105,45652173913044; 0,06937931
6272; 0,09375; 0,09375; 106,06521739130434; 0,06977976
6273; 0,09375; 0,09375; 106,23913043478261; 0,06989419
6274; 0,09375; 0,09375; 106,56521739130434; 0,070108704
6275; 0,09375; 0,09375; 105,5; 0,06940791
6276; 0,09375; 0,09375; 106,3695652173913; 0,069979995
6277; 0,09375; 0,09375; 106,80434782608695; 0,07026603
6278; 0,09375; 0,09375; 106,54347826086956; 0,07009441
6279; 0,09375; 0,09375; 107,58695652173913; 0,07078091
6280; 0,09375; 0,09375; 106,32608695652173; 0,069951385
6281; 0,09375; 0,09375; 105,91304347826087; 0,06967965
6282; 0,09375; 0,09375; 107,6086956521739; 0,07079521
6283; 0,09375; 0,09375; 106,93478260869566; 0,07035184
6284; 0,09375; 0,09375; 107,06521739130434; 0,07043765
6285; 0,09375; 0,09375; 107,45652173913044; 0,07069509
6286; 0,09375; 0,09375; 106,82608695652173; 0,070280336
6287; 0,09375; 0,09375; 106,15217391304348; 0,069836974
6288; 0,09375; 0,09375; 107,04347826086956; 0,070423365
6289; 0,09375; 0,09375; 106,80434782608695; 0,07026603
6290; 0,09375; 0,09375; 107,06521739130434; 0,07043766
6291; 0,09375; 0,09375; 105,52173913043478; 0,069422215
6292; 0,09375; 0,09375; 106,06521739130434; 0,06977976
6293; 0,09375; 0,09375; 106,43478260869566; 0,07002289
6294; 0,09375; 0,09375; 107,15217391304348; 0,07049487
6295; 0,09375; 0,09375; 106,04347826086956; 0,06976546
6296; 0,09375; 0,09375; 105,84782608695652; 0,06963673
6297; 0,09375; 0,09375; 105,76086956521739; 0,06957954
6298; 0,09375; 0,09375; 106,21739130434783; 0,06987988
6299; 0,09375; 0,09375; 107,08695652173913; 0,07045195
6300; 0,09375; 0,09375; 106,71739130434783; 0,070208825
6301; 0,09375; 0,09375; 105,97826086956522; 0,069722556
6302; 0,09375; 0,09375; 107,28260869565217; 0,070580676
6303; 0,09375; 0,09375; 106,6086956521739; 0,07013731
6304; 0,09375; 0,09375; 106,82608695652173; 0,07028033
6305; 0,09375; 0,09375; 105,52173913043478; 0,0694222
6306; 0,09375; 0,09375; 108,6304347826087; 0,07146741
6307; 0,09375; 0,09375; 105,23913043478261; 0,069236286
6308; 0,09375; 0,09375; 106,5; 0,0700658
6309; 0,09375; 0,09375; 106,91304347826087; 0,07033754
6310; 0,09375; 0,09375; 106,02173913043478; 0,069751166
6311; 0,09375; 0,09375; 106,08695652173913; 0,069794066
6312; 0,09375; 0,09375; 106,73913043478261; 0,070223115
6313; 0,09375; 0,09375; 106,45652173913044; 0,0700372
6314; 0,09375; 0,09375; 106,6086956521739; 0,07013731
6315; 0,09375; 0,09375; 106,1086956521739; 0,06980836
6316; 0,09375; 0,09375; 105,67391304347827; 0,06952232
6317; 0,09375; 0,09375; 106,5; 0,07006581
6318; 0,09375; 0,09375; 105,84782608695652; 0,06963675
6319; 0,09375; 0,09375; 105,3913043478261; 0,0693364
6320; 0,09375; 0,09375; 108,04347826086956; 0,07108124
6321; 0,09375; 0,09375; 107,1304347826087; 0,07048056
6322; 0,09375; 0,09375; 106,08695652173913; 0,069794066
6323; 0,09375; 0,09375; 107,0; 0,07039475
6324; 0,09375; 0,09375; 106,58695652173913; 0,070123
6325; 0,09375; 0,09375; 106,8695652173913; 0,070308946
6326; 0,09375; 0,09375; 106,47826086956522; 0,070051506
6327; 0,09375; 0,09375; 106,34782608695652; 0,0699657
6328; 0,09375; 0,09375; 105,93478260869566; 0,069693945
6329; 0,09375; 0,09375; 107,1086956521739; 0,07046626
6330; 0,09375; 0,09375; 106,43478260869566; 0,0700229
6331; 0,09375; 0,09375; 106,69565217391305; 0,07019451
6332; 0,09375; 0,09375; 107,58695652173913; 0,070780896
6333; 0,09375; 0,09375; 106,32608695652173; 0,069951385
6334; 0,09375; 0,09375; 106,73913043478261; 0,07022313
6335; 0,09375; 0,09375; 106,47826086956522; 0,070051506
6336; 0,09375; 0,09375; 107,26086956521739; 0,07056637
6337; 0,09375; 0,09375; 106,91304347826087; 0,07033754
6338; 0,09375; 0,09375; 106,67391304347827; 0,07018022
6339; 0,09375; 0,09375; 106,80434782608695; 0,07026603
6340; 0,09375; 0,09375; 106,04347826086956; 0,06976546
6341; 0,09375; 0,09375; 106,54347826086956; 0,070094414
6342; 0,09375; 0,09375; 106,23913043478261; 0,06989418
6343; 0,09375; 0,09375; 105,97826086956522; 0,069722556
6344; 0,09375; 0,09375; 106,58695652173913; 0,07012302
6345; 0,09375; 0,09375; 106,78260869565217; 0,07025173
6346; 0,09375; 0,09375; 106,19565217391305; 0,06986558
6347; 0,09375; 0,09375; 106,17391304347827; 0,069851264
6348; 0,09375; 0,09375; 106,47826086956522; 0,070051506
6349; 0,09375; 0,09375; 106,56521739130434; 0,070108704
6350; 0,09375; 0,09375; 107,41304347826087; 0,07066649
6351; 0,09375; 0,09375; 105,97826086956522; 0,06972254
6352; 0,09375; 0,09375; 106,5; 0,0700658
6353; 0,09375; 0,09375; 106,52173913043478; 0,07008012
6354; 0,09375; 0,09375; 105,71739130434783; 0,06955094
6355; 0,09375; 0,09375; 105,8913043478261; 0,06966534
6356; 0,09375; 0,09375; 106,32608695652173; 0,069951385
6357; 0,09375; 0,09375; 105,93478260869566; 0,069693945
6358; 0,09375; 0,09375; 106,67391304347827; 0,07018022
6359; 0,09375; 0,09375; 107,8913043478261; 0,07098113
6360; 0,09375; 0,09375; 106,30434782608695; 0,06993709
6361; 0,09375; 0,09375; 106,28260869565217; 0,06992278
6362; 0,09375; 0,09375; 106,91304347826087; 0,07033755
6363; 0,09375; 0,09375; 106,28260869565217; 0,06992278
6364; 0,09375; 0,09375; 106,95652173913044; 0,070366144
6365; 0,09375; 0,09375; 107,26086956521739; 0,07056638
6366; 0,09375; 0,09375; 106,95652173913044; 0,07036615
6367; 0,09375; 0,09375; 106,45652173913044; 0,0700372
6368; 0,09375; 0,09375; 106,71739130434783; 0,07020882
6369; 0,09375; 0,09375; 107,1304347826087; 0,07048057
6370; 0,09375; 0,09375; 107,21739130434783; 0,07053777
6371; 0,09375; 0,09375; 105,71739130434783; 0,069550924
6372; 0,09375; 0,09375; 106,8695652173913; 0,070308946
6373; 0,09375; 0,09375; 106,02173913043478; 0,069751166
6374; 0,09375; 0,09375; 106,56521739130434; 0,07010871
6375; 0,09375; 0,09375; 106,1304347826087; 0,06982266
6376; 0,09375; 0,09375; 106,26086956521739; 0,06990848
6377; 0,09375; 0,09375; 107,6086956521739; 0,070795216
6378; 0,09375; 0,09375; 106,0; 0,069736846
6379; 0,09375; 0,09375; 107,56521739130434; 0,07076659
6380; 0,09375; 0,09375; 106,3695652173913; 0,06997999
6381; 0,09375; 0,09375; 106,3913043478261; 0,069994286
6382; 0,09375; 0,09375; 106,71739130434783; 0,070208825
6383; 0,09375; 0,09375; 106,15217391304348; 0,06983697
6384; 0,09375; 0,09375; 107,08695652173913; 0,07045196
6385; 0,09375; 0,09375; 106,54347826086956; 0,07009441
6386; 0,09375; 0,09375; 105,97826086956522; 0,06972254
6387; 0,09375; 0,09375; 105,3913043478261; 0,06933639
6388; 0,09375; 0,09375; 106,73913043478261; 0,070223115
6389; 0,09375; 0,09375; 106,3695652173913; 0,06997998
6390; 0,09375; 0,09375; 105,5; 0,06940791
6391; 0,09375; 0,09375; 107,0; 0,07039475
6392; 0,09375; 0,09375; 106,67391304347827; 0,070180215
6393; 0,09375; 0,09375; 107,30434782608695; 0,07059498
6394; 0,09375; 0,09375; 104,67391304347827; 0,06886443
6395; 0,09375; 0,09375; 105,43478260869566; 0,069365
6396; 0,09375; 0,09375; 106,58695652173913; 0,07012302
6397; 0,09375; 0,09375; 107,34782608695652; 0,07062358
6398; 0,09375; 0,09375; 105,30434782608695; 0,06927919
6399; 0,09375; 0,09375; 107,02173913043478; 0,07040905
6400; 0,09375; 0,09375; 106,43478260869566; 0,070022896
6401; 0,09375; 0,09375; 106,73913043478261; 0,070223115
6402; 0,09375; 0,09375; 105,54347826086956; 0,069436505
6403; 0,09375; 0,09375; 106,08695652173913; 0,069794066
6404; 0,09375; 0,09375; 106,6086956521739; 0,07013731
6405; 0,09375; 0,09375; 105,1304347826087; 0,069164775
6406; 0,09375; 0,09375; 106,23913043478261; 0,06989417
6407; 0,09375; 0,09375; 106,8913043478261; 0,07032324
6408; 0,09375; 0,09375; 106,32608695652173; 0,06995139
6409; 0,09375; 0,09375; 105,52173913043478; 0,06942221
6410; 0,09375; 0,09375; 105,91304347826087; 0,06967965
6411; 0,09375; 0,09375; 107,1086956521739; 0,070466265
6412; 0,09375; 0,09375; 105,71739130434783; 0,069550924
6413; 0,09375; 0,09375; 106,54347826086956; 0,07009441
6414; 0,09375; 0,09375; 106,76086956521739; 0,07023742
6415; 0,09375; 0,09375; 106,82608695652173; 0,07028033
6416; 0,09375; 0,09375; 106,6304347826087; 0,07015162
6417; 0,09375; 0,09375; 107,04347826086956; 0,07042335
6418; 0,09375; 0,09375; 106,1304347826087; 0,06982267
6419; 0,09375; 0,09375; 105,52173913043478; 0,06942221
6420; 0,09375; 0,09375; 106,3913043478261; 0,0699943
6421; 0,09375; 0,09375; 106,23913043478261; 0,06989418
6422; 0,09375; 0,09375; 106,71739130434783; 0,07020881
6423; 0,09375; 0,09375; 107,54347826086956; 0,0707523
6424; 0,09375; 0,09375; 105,6304347826087; 0,06949373
6425; 0,09375; 0,09375; 106,21739130434783; 0,069879875
6426; 0,09375; 0,09375; 106,6304347826087; 0,07015162
6427; 0,09375; 0,09375; 106,93478260869566; 0,07035184
6428; 0,09375; 0,09375; 108,06521739130434; 0,07109555
6429; 0,09375; 0,09375; 107,58695652173913; 0,0707809
6430; 0,09375; 0,09375; 106,32608695652173; 0,069951385
6431; 0,09375; 0,09375; 106,1086956521739; 0,06980837
6432; 0,09375; 0,09375; 107,08695652173913; 0,07045196
6433; 0,09375; 0,09375; 106,06521739130434; 0,06977976
6434; 0,09375; 0,09375; 106,41304347826087; 0,0700086
6435; 0,09375; 0,09375; 105,97826086956522; 0,069722556
6436; 0,09375; 0,09375; 106,5; 0,0700658
6437; 0,09375; 0,09375; 105,1086956521739; 0,06915047
6438; 0,09375; 0,09375; 105,80434782608695; 0,069608144
6439; 0,09375; 0,09375; 107,08695652173913; 0,07045196
6440; 0,09375; 0,09375; 105,45652173913044; 0,06937931
6441; 0,09375; 0,09375; 105,54347826086956; 0,06943652
6442; 0,09375; 0,09375; 106,97826086956522; 0,07038044
6443; 0,09375; 0,09375; 106,1304347826087; 0,06982266
6444; 0,09375; 0,09375; 107,28260869565217; 0,070580676
6445; 0,09375; 0,09375; 105,32608695652173; 0,06929349
6446; 0,09375; 0,09375; 106,28260869565217; 0,06992279
6447; 0,09375; 0,09375; 106,15217391304348; 0,069836974
6448; 0,09375; 0,09375; 107,84782608695652; 0,07095253
6449; 0,09375; 0,09375; 106,45652173913044; 0,070037186
6450; 0,09375; 0,09375; 106,76086956521739; 0,07023743
6451; 0,09375; 0,09375; 106,08695652173913; 0,06979406
6452; 0,09375; 0,09375; 105,93478260869566; 0,069693945
6453; 0,09375; 0,09375; 105,26086956521739; 0,06925058
6454; 0,09375; 0,09375; 106,26086956521739; 0,069908485
6455; 0,09375; 0,09375; 106,67391304347827; 0,07018022
6456; 0,09375; 0,09375; 105,58695652173913; 0,069465116
6457; 0,09375; 0,09375; 107,08695652173913; 0,07045195
6458; 0,09375; 0,09375; 107,54347826086956; 0,0707523
6459; 0,09375; 0,09375; 106,8913043478261; 0,07032324
6460; 0,09375; 0,09375; 106,73913043478261; 0,07022312
6461; 0,09375; 0,09375; 106,56521739130434; 0,07010871
6462; 0,09375; 0,09375; 106,69565217391305; 0,07019453
6463; 0,09375; 0,09375; 107,21739130434783; 0,07053777
6464; 0,09375; 0,09375; 105,8695652173913; 0,06965105
6465; 0,09375; 0,09375; 107,1304347826087; 0,07048056
6466; 0,09375; 0,09375; 106,5; 0,07006581
6467; 0,09375; 0,09375; 107,04347826086956; 0,07042335
6468; 0,09375; 0,09375; 107,06521739130434; 0,07043766
6469; 0,09375; 0,09375; 105,65217391304348; 0,069508016
6470; 0,09375; 0,09375; 106,73913043478261; 0,07022312
6471; 0,09375; 0,09375; 109,21739130434783; 0,071853556
6472; 0,09375; 0,09375; 106,08695652173913; 0,069794066
6473; 0,09375; 0,09375; 106,30434782608695; 0,06993709
6474; 0,09375; 0,09375; 107,08695652173913; 0,07045195
6475; 0,09375; 0,09375; 106,0; 0,06973685
6476; 0,09375; 0,09375; 107,21739130434783; 0,070537776
6477; 0,09375; 0,09375; 106,71739130434783; 0,070208825
6478; 0,09375; 0,09375; 106,19565217391305; 0,069865584
6479; 0,09375; 0,09375; 106,8695652173913; 0,070308946
6480; 0,09375; 0,09375; 106,82608695652173; 0,07028033
6481; 0,09375; 0,09375; 106,43478260869566; 0,070022896
6482; 0,09375; 0,09375; 106,3695652173913; 0,06997999
6483; 0,09375; 0,09375; 106,17391304347827; 0,06985128
6484; 0,09375; 0,09375; 106,76086956521739; 0,07023743
6485; 0,09375; 0,09375; 106,8913043478261; 0,07032323
6486; 0,09375; 0,09375; 105,67391304347827; 0,06952232
6487; 0,09375; 0,09375; 105,6086956521739; 0,06947941
6488; 0,09375; 0,09375; 106,34782608695652; 0,06996569
6489; 0,09375; 0,09375; 106,32608695652173; 0,069951385
6490; 0,09375; 0,09375; 106,67391304347827; 0,07018022
6491; 0,09375; 0,09375; 106,58695652173913; 0,07012301
6492; 0,09375; 0,09375; 106,43478260869566; 0,0700229
6493; 0,09375; 0,09375; 106,02173913043478; 0,06975115
6494; 0,09375; 0,09375; 107,04347826086956; 0,07042336
6495; 0,09375; 0,09375; 105,73913043478261; 0,06956523
6496; 0,09375; 0,09375; 107,65217391304348; 0,07082382
6497; 0,09375; 0,09375; 106,08695652173913; 0,06979406
6498; 0,09375; 0,09375; 106,95652173913044; 0,07036615
6499; 0,09375; 0,09375; 106,19565217391305; 0,069865584
6500; 0,09375; 0,09375; 106,3913043478261; 0,0699943
6501; 0,09375; 0,09375; 105,65217391304348; 0,06950802
6502; 0,09375; 0,09375; 106,71739130434783; 0,07020882
6503; 0,09375; 0,09375; 106,43478260869566; 0,070022896
6504; 0,09375; 0,09375; 106,23913043478261; 0,06989417
6505; 0,09375; 0,09375; 109,65217391304348; 0,072139606
6506; 0,09375; 0,09375; 107,08695652173913; 0,07045195
6507; 0,09375; 0,09375; 106,3913043478261; 0,06999431
6508; 0,09375; 0,09375; 105,1304347826087; 0,069164775
6509; 0,09375; 0,09375; 106,3913043478261; 0,06999429
6510; 0,09375; 0,09375; 106,3913043478261; 0,06999429
6511; 0,09375; 0,09375; 106,17391304347827; 0,06985127
6512; 0,09375; 0,09375; 106,17391304347827; 0,06985129
6513; 0,09375; 0,09375; 107,47826086956522; 0,0707094
6514; 0,09375; 0,09375; 105,97826086956522; 0,069722556
6515; 0,09375; 0,09375; 107,26086956521739; 0,07056637
6516; 0,09375; 0,09375; 106,34782608695652; 0,06996569
6517; 0,09375; 0,09375; 106,41304347826087; 0,07000859
6518; 0,09375; 0,09375; 105,95652173913044; 0,06970825
6519; 0,09375; 0,09375; 106,54347826086956; 0,07009439
6520; 0,09375; 0,09375; 106,71739130434783; 0,07020882
6521; 0,09375; 0,09375; 105,76086956521739; 0,06957954
6522; 0,09375; 0,09375; 107,0; 0,07039475
6523; 0,09375; 0,09375; 106,08695652173913; 0,069794066
6524; 0,09375; 0,09375; 105,80434782608695; 0,06960813
6525; 0,09375; 0,09375; 107,04347826086956; 0,07042336
6526; 0,09375; 0,09375; 105,8913043478261; 0,06966535
6527; 0,09375; 0,09375; 106,5; 0,0700658
6528; 0,09375; 0,09375; 107,17391304347827; 0,07050917
6529; 0,09375; 0,09375; 105,95652173913044; 0,069708265
6530; 0,09375; 0,09375; 106,84782608695652; 0,070294626
6531; 0,09375; 0,09375; 105,84782608695652; 0,06963673
6532; 0,09375; 0,09375; 106,32608695652173; 0,069951385
6533; 0,09375; 0,09375; 106,17391304347827; 0,06985128
6534; 0,09375; 0,09375; 105,5; 0,0694079
6535; 0,09375; 0,09375; 106,52173913043478; 0,0700801
6536; 0,09375; 0,09375; 106,3913043478261; 0,0699943
6537; 0,09375; 0,09375; 106,32608695652173; 0,06995139
6538; 0,09375; 0,09375; 106,8913043478261; 0,07032324
6539; 0,09375; 0,09375; 106,45652173913044; 0,0700372
6540; 0,09375; 0,09375; 108,02173913043478; 0,071066946
6541; 0,09375; 0,09375; 105,34782608695652; 0,0693078
6542; 0,09375; 0,09375; 106,08695652173913; 0,069794066
6543; 0,09375; 0,09375; 107,08695652173913; 0,07045197
6544; 0,09375; 0,09375; 106,3913043478261; 0,069994286
6545; 0,09375; 0,09375; 107,26086956521739; 0,07056637
6546; 0,09375; 0,09375; 107,1086956521739; 0,07046626
6547; 0,09375; 0,09375; 106,21739130434783; 0,069879875
6548; 0,09375; 0,09375; 106,8913043478261; 0,07032325
6549; 0,09375; 0,09375; 106,58695652173913; 0,07012302
6550; 0,09375; 0,09375; 107,0; 0,07039475
6551; 0,09375; 0,09375; 106,15217391304348; 0,069836974
6552; 0,09375; 0,09375; 106,21739130434783; 0,06987987
6553; 0,09375; 0,09375; 106,45652173913044; 0,0700372
6554; 0,09375; 0,09375; 104,95652173913044; 0,06905036
6555; 0,09375; 0,09375; 106,02173913043478; 0,06975116
6556; 0,09375; 0,09375; 106,54347826086956; 0,07009441
6557; 0,09375; 0,09375; 107,54347826086956; 0,07075231
6558; 0,09375; 0,09375; 105,97826086956522; 0,069722556
6559; 0,09375; 0,09375; 106,5; 0,0700658
6560; 0,09375; 0,09375; 106,52173913043478; 0,07008011
6561; 0,09375; 0,09375; 106,45652173913044; 0,0700372
6562; 0,09375; 0,09375; 106,15217391304348; 0,06983698
6563; 0,09375; 0,09375; 107,02173913043478; 0,07040905
6564; 0,09375; 0,09375; 106,47826086956522; 0,0700515
6565; 0,09375; 0,09375; 106,0; 0,069736846
6566; 0,09375; 0,09375; 106,17391304347827; 0,06985127
6567; 0,09375; 0,09375; 106,6086956521739; 0,070137314
6568; 0,09375; 0,09375; 105,6086956521739; 0,06947942
6569; 0,09375; 0,09375; 106,32608695652173; 0,06995139
6570; 0,09375; 0,09375; 105,58695652173913; 0,06946511
6571; 0,09375; 0,09375; 107,15217391304348; 0,07049487
6572; 0,09375; 0,09375; 106,0; 0,069736846
6573; 0,09375; 0,09375; 105,56521739130434; 0,06945081
6574; 0,09375; 0,09375; 106,21739130434783; 0,06987988
6575; 0,09375; 0,09375; 106,28260869565217; 0,06992278
6576; 0,09375; 0,09375; 106,3913043478261; 0,06999429
6577; 0,09375; 0,09375; 106,45652173913044; 0,0700372
6578; 0,09375; 0,09375; 105,0; 0,06907895
6579; 0,09375; 0,09375; 106,43478260869566; 0,070022896
6580; 0,09375; 0,09375; 105,76086956521739; 0,069579534
6581; 0,09375; 0,09375; 108,08695652173913; 0,071109846
6582; 0,09375; 0,09375; 105,71739130434783; 0,069550924
6583; 0,09375; 0,09375; 106,73913043478261; 0,07022312
6584; 0,09375; 0,09375; 107,0; 0,07039475
6585; 0,09375; 0,09375; 106,76086956521739; 0,07023743
6586; 0,09375; 0,09375; 106,3695652173913; 0,06997999
6587; 0,09375; 0,09375; 105,84782608695652; 0,06963674
6588; 0,09375; 0,09375; 107,5; 0,0707237
6589; 0,09375; 0,09375; 106,3695652173913; 0,06997999
6590; 0,09375; 0,09375; 106,5; 0,07006581
6591; 0,09375; 0,09375; 107,3913043478261; 0,07065217
6592; 0,09375; 0,09375; 107,02173913043478; 0,07040905
6593; 0,09375; 0,09375; 106,28260869565217; 0,06992278
6594; 0,09375; 0,09375; 107,47826086956522; 0,07070939
6595; 0,09375; 0,09375; 106,97826086956522; 0,07038046
6596; 0,09375; 0,09375; 105,8695652173913; 0,069651045
6597; 0,09375; 0,09375; 106,06521739130434; 0,06977976
6598; 0,09375; 0,09375; 106,8913043478261; 0,07032325
6599; 0,09375; 0,09375; 106,3695652173913; 0,06997998
6600; 0,09375; 0,09375; 106,73913043478261; 0,07022312
6601; 0,09375; 0,09375; 106,78260869565217; 0,07025174
6602; 0,09375; 0,09375; 106,30434782608695; 0,06993709
6603; 0,09375; 0,09375; 106,1086956521739; 0,069808364
6604; 0,09375; 0,09375; 106,06521739130434; 0,069779776
6605; 0,09375; 0,09375; 106,23913043478261; 0,069894165
6606; 0,09375; 0,09375; 106,30434782608695; 0,06993709
6607; 0,09375; 0,09375; 106,30434782608695; 0,06993709
6608; 0,09375; 0,09375; 106,47826086956522; 0,0700515
6609; 0,09375; 0,09375; 106,34782608695652; 0,06996569
6610; 0,09375; 0,09375; 106,26086956521739; 0,06990848
6611; 0,09375; 0,09375; 106,97826086956522; 0,07038045
6612; 0,09375; 0,09375; 106,3695652173913; 0,069979995
6613; 0,09375; 0,09375; 105,43478260869566; 0,069365
6614; 0,09375; 0,09375; 107,0; 0,07039475
6615; 0,09375; 0,09375; 107,08695652173913; 0,07045197
6616; 0,09375; 0,09375; 106,6304347826087; 0,07015162
6617; 0,09375; 0,09375; 106,41304347826087; 0,07000859
6618; 0,09375; 0,09375; 106,41304347826087; 0,07000859
6619; 0,09375; 0,09375; 106,67391304347827; 0,070180215
6620; 0,09375; 0,09375; 106,69565217391305; 0,07019452
6621; 0,09375; 0,09375; 105,97826086956522; 0,069722556
6622; 0,09375; 0,09375; 106,84782608695652; 0,07029463
6623; 0,09375; 0,09375; 107,56521739130434; 0,0707666
6624; 0,09375; 0,09375; 106,8695652173913; 0,07030893
6625; 0,09375; 0,09375; 107,04347826086956; 0,07042336
6626; 0,09375; 0,09375; 106,80434782608695; 0,07026603
6627; 0,09375; 0,09375; 107,32608695652173; 0,07060928
6628; 0,09375; 0,09375; 107,21739130434783; 0,070537776
6629; 0,09375; 0,09375; 104,8695652173913; 0,06899314
6630; 0,09375; 0,09375; 107,67391304347827; 0,070838116
6631; 0,09375; 0,09375; 106,28260869565217; 0,069922775
6632; 0,09375; 0,09375; 107,30434782608695; 0,07059497
6633; 0,09375; 0,09375; 106,71739130434783; 0,07020883
6634; 0,09375; 0,09375; 106,95652173913044; 0,070366144
6635; 0,09375; 0,09375; 107,54347826086956; 0,07075231
6636; 0,09375; 0,09375; 106,28260869565217; 0,06992278
6637; 0,09375; 0,09375; 106,8695652173913; 0,07030894
6638; 0,09375; 0,09375; 106,3695652173913; 0,06997999
6639; 0,09375; 0,09375; 106,19565217391305; 0,06986558
6640; 0,09375; 0,09375; 106,69565217391305; 0,07019453
6641; 0,09375; 0,09375; 105,3913043478261; 0,0693364
6642; 0,09375; 0,09375; 106,26086956521739; 0,06990848
6643; 0,09375; 0,09375; 104,80434782608695; 0,06895024
6644; 0,09375; 0,09375; 107,6086956521739; 0,0707952
6645; 0,09375; 0,09375; 105,80434782608695; 0,06960814
6646; 0,09375; 0,09375; 107,1304347826087; 0,07048057
6647; 0,09375; 0,09375; 107,15217391304348; 0,07049486
6648; 0,09375; 0,09375; 105,15217391304348; 0,06917907
6649; 0,09375; 0,09375; 107,19565217391305; 0,07052348
6650; 0,09375; 0,09375; 106,28260869565217; 0,06992278
6651; 0,09375; 0,09375; 105,95652173913044; 0,06970826
6652; 0,09375; 0,09375; 106,6304347826087; 0,07015161
6653; 0,09375; 0,09375; 105,58695652173913; 0,06946512
6654; 0,09375; 0,09375; 107,08695652173913; 0,07045196
6655; 0,09375; 0,09375; 106,69565217391305; 0,07019453
6656; 0,09375; 0,09375; 106,69565217391305; 0,07019451
6657; 0,09375; 0,09375; 106,97826086956522; 0,07038046
6658; 0,09375; 0,09375; 107,28260869565217; 0,07058069
6659; 0,09375; 0,09375; 106,45652173913044; 0,070037186
6660; 0,09375; 0,09375; 107,52173913043478; 0,070738
6661; 0,09375; 0,09375; 106,26086956521739; 0,069908485
6662; 0,09375; 0,09375; 106,41304347826087; 0,0700086
6663; 0,09375; 0,09375; 107,0; 0,07039475
6664; 0,09375; 0,09375; 106,15217391304348; 0,06983697
6665; 0,09375; 0,09375; 105,8913043478261; 0,069665335
6666; 0,09375; 0,09375; 107,3695652173913; 0,07063789
6667; 0,09375; 0,09375; 107,06521739130434; 0,07043766
6668; 0,09375; 0,09375; 104,97826086956522; 0,06906466
6669; 0,09375; 0,09375; 107,23913043478261; 0,07055207
6670; 0,09375; 0,09375; 104,80434782608695; 0,068950236
6671; 0,09375; 0,09375; 106,47826086956522; 0,07005149
6672; 0,09375; 0,09375; 106,78260869565217; 0,070251726
6673; 0,09375; 0,09375; 106,8695652173913; 0,07030894
6674; 0,09375; 0,09375; 105,41304347826087; 0,069350705
6675; 0,09375; 0,09375; 106,26086956521739; 0,069908485
6676; 0,09375; 0,09375; 106,34782608695652; 0,0699657
6677; 0,09375; 0,09375; 106,52173913043478; 0,07008011
6678; 0,09375; 0,09375; 106,5; 0,070065804
6679; 0,09375; 0,09375; 106,06521739130434; 0,06977976
6680; 0,09375; 0,09375; 105,69565217391305; 0,06953662
6681; 0,09375; 0,09375; 105,82608695652173; 0,069622435
6682; 0,09375; 0,09375; 106,47826086956522; 0,07005149
6683; 0,09375; 0,09375; 106,6304347826087; 0,07015161
6684; 0,09375; 0,09375; 105,76086956521739; 0,069579534
6685; 0,09375; 0,09375; 107,1086956521739; 0,07046627
6686; 0,09375; 0,09375; 107,08695652173913; 0,07045197
6687; 0,09375; 0,09375; 107,5; 0,0707237
6688; 0,09375; 0,09375; 106,21739130434783; 0,06987988
6689; 0,09375; 0,09375; 105,67391304347827; 0,06952233
6690; 0,09375; 0,09375; 107,3695652173913; 0,07063789
6691; 0,09375; 0,09375; 105,91304347826087; 0,069679655
6692; 0,09375; 0,09375; 106,04347826086956; 0,06976547
6693; 0,09375; 0,09375; 107,26086956521739; 0,07056638
6694; 0,09375; 0,09375; 106,3695652173913; 0,069979995
6695; 0,09375; 0,09375; 106,30434782608695; 0,06993709
6696; 0,09375; 0,09375; 107,19565217391305; 0,07052347
6697; 0,09375; 0,09375; 106,17391304347827; 0,06985127
6698; 0,09375; 0,09375; 107,69565217391305; 0,07085243
6699; 0,09375; 0,09375; 105,95652173913044; 0,06970825
6700; 0,09375; 0,09375; 105,47826086956522; 0,06939361
6701; 0,09375; 0,09375; 106,32608695652173; 0,06995139
6702; 0,09375; 0,09375; 105,30434782608695; 0,06927919
6703; 0,09375; 0,09375; 106,47826086956522; 0,070051506
6704; 0,09375; 0,09375; 106,32608695652173; 0,06995139
6705; 0,09375; 0,09375; 106,69565217391305; 0,07019453
6706; 0,09375; 0,09375; 107,17391304347827; 0,070509166
6707; 0,09375; 0,09375; 106,30434782608695; 0,06993709
6708; 0,09375; 0,09375; 106,67391304347827; 0,07018023
6709; 0,09375; 0,09375; 106,02173913043478; 0,06975115
6710; 0,09375; 0,09375; 106,30434782608695; 0,06993708
6711; 0,09375; 0,09375; 107,34782608695652; 0,070623584
6712; 0,09375; 0,09375; 106,71739130434783; 0,070208825
6713; 0,09375; 0,09375; 107,32608695652173; 0,07060929
6714; 0,09375; 0,09375; 106,0; 0,06973686
6715; 0,09375; 0,09375; 107,43478260869566; 0,07068078
6716; 0,09375; 0,09375; 107,73913043478261; 0,070881024
6717; 0,09375; 0,09375; 105,54347826086956; 0,069436505
6718; 0,09375; 0,09375; 107,43478260869566; 0,070680805
6719; 0,09375; 0,09375; 105,6304347826087; 0,06949372
6720; 0,09375; 0,09375; 108,02173913043478; 0,07106695
6721; 0,09375; 0,09375; 106,76086956521739; 0,07023742
6722; 0,09375; 0,09375; 108,0; 0,07105265
6723; 0,09375; 0,09375; 106,28260869565217; 0,06992278
6724; 0,09375; 0,09375; 105,17391304347827; 0,06919337
6725; 0,09375; 0,09375; 106,54347826086956; 0,07009441
6726; 0,09375; 0,09375; 106,1086956521739; 0,06980837
6727; 0,09375; 0,09375; 106,6304347826087; 0,07015161
6728; 0,09375; 0,09375; 105,69565217391305; 0,069536634
6729; 0,09375; 0,09375; 106,91304347826087; 0,07033754
6730; 0,09375; 0,09375; 107,41304347826087; 0,07066649
6731; 0,09375; 0,09375; 106,80434782608695; 0,07026604
6732; 0,09375; 0,09375; 106,3695652173913; 0,06997998
6733; 0,09375; 0,09375; 106,5; 0,0700658
6734; 0,09375; 0,09375; 106,06521739130434; 0,06977976
6735; 0,09375; 0,09375; 106,06521739130434; 0,06977976
6736; 0,09375; 0,09375; 106,45652173913044; 0,0700372
6737; 0,09375; 0,09375; 106,26086956521739; 0,06990848
6738; 0,09375; 0,09375; 106,67391304347827; 0,07018022
6739; 0,09375; 0,09375; 104,73913043478261; 0,06890734
6740; 0,09375; 0,09375; 108,30434782608695; 0,07125287
6741; 0,09375; 0,09375; 105,67391304347827; 0,06952233
6742; 0,09375; 0,09375; 106,02173913043478; 0,069751166
6743; 0,09375; 0,09375; 105,54347826086956; 0,06943651
6744; 0,09375; 0,09375; 106,69565217391305; 0,07019452
6745; 0,09375; 0,09375; 106,82608695652173; 0,070280336
6746; 0,09375; 0,09375; 106,19565217391305; 0,06986558
6747; 0,09375; 0,09375; 106,95652173913044; 0,07036615
6748; 0,09375; 0,09375; 106,93478260869566; 0,07035184
6749; 0,09375; 0,09375; 107,58695652173913; 0,070780896
6750; 0,09375; 0,09375; 106,56521739130434; 0,07010871
6751; 0,09375; 0,09375; 107,04347826086956; 0,07042336
6752; 0,09375; 0,09375; 106,15217391304348; 0,069836974
6753; 0,09375; 0,09375; 106,43478260869566; 0,07002289
6754; 0,09375; 0,09375; 106,97826086956522; 0,07038045
6755; 0,09375; 0,09375; 106,19565217391305; 0,069865584
6756; 0,09375; 0,09375; 105,47826086956522; 0,06939361
6757; 0,09375; 0,09375; 106,67391304347827; 0,07018022
6758; 0,09375; 0,09375; 106,43478260869566; 0,070022896
6759; 0,09375; 0,09375; 107,30434782608695; 0,07059498
6760; 0,09375; 0,09375; 106,95652173913044; 0,070366144
6761; 0,09375; 0,09375; 106,3913043478261; 0,069994286
6762; 0,09375; 0,09375; 106,5; 0,0700658
6763; 0,09375; 0,09375; 106,56521739130434; 0,07010872
6764; 0,09375; 0,09375; 106,17391304347827; 0,06985128
6765; 0,09375; 0,09375; 106,5; 0,0700658
6766; 0,09375; 0,09375; 106,08695652173913; 0,06979407
6767; 0,09375; 0,09375; 106,06521739130434; 0,06977976
6768; 0,09375; 0,09375; 106,6086956521739; 0,070137314
6769; 0,09375; 0,09375; 105,56521739130434; 0,06945081
6770; 0,09375; 0,09375; 107,43478260869566; 0,0706808
6771; 0,09375; 0,09375; 106,6304347826087; 0,07015161
6772; 0,09375; 0,09375; 106,6304347826087; 0,07015161
6773; 0,09375; 0,09375; 106,67391304347827; 0,07018021
6774; 0,09375; 0,09375; 106,65217391304348; 0,07016592
6775; 0,09375; 0,09375; 106,02173913043478; 0,06975115
6776; 0,09375; 0,09375; 106,3695652173913; 0,069979995
6777; 0,09375; 0,09375; 106,34782608695652; 0,0699657
6778; 0,09375; 0,09375; 106,28260869565217; 0,069922775
6779; 0,09375; 0,09375; 106,5; 0,070065804
6780; 0,09375; 0,09375; 106,52173913043478; 0,07008012
6781; 0,09375; 0,09375; 106,47826086956522; 0,070051506
6782; 0,09375; 0,09375; 105,04347826086956; 0,06910757
6783; 0,09375; 0,09375; 105,91304347826087; 0,06967964
6784; 0,09375; 0,09375; 106,78260869565217; 0,070251726
6785; 0,09375; 0,09375; 104,73913043478261; 0,068907335
6786; 0,09375; 0,09375; 106,41304347826087; 0,07000859
6787; 0,09375; 0,09375; 106,5; 0,070065804
6788; 0,09375; 0,09375; 106,6304347826087; 0,07015162
6789; 0,09375; 0,09375; 107,21739130434783; 0,070537776
6790; 0,09375; 0,09375; 106,41304347826087; 0,0700086
6791; 0,09375; 0,09375; 106,32608695652173; 0,06995139
6792; 0,09375; 0,09375; 106,71739130434783; 0,07020881
6793; 0,09375; 0,09375; 106,56521739130434; 0,07010871
6794; 0,09375; 0,09375; 107,97826086956522; 0,07103835
6795; 0,09375; 0,09375; 106,95652173913044; 0,07036616
6796; 0,09375; 0,09375; 106,30434782608695; 0,06993709
6797; 0,09375; 0,09375; 106,08695652173913; 0,069794066
6798; 0,09375; 0,09375; 106,80434782608695; 0,07026603
6799; 0,09375; 0,09375; 106,5; 0,07006581
6800; 0,09375; 0,09375; 106,71739130434783; 0,07020883
6801; 0,09375; 0,09375; 105,02173913043478; 0,06909327
6802; 0,09375; 0,09375; 106,52173913043478; 0,07008011
6803; 0,09375; 0,09375; 105,69565217391305; 0,06953663
6804; 0,09375; 0,09375; 106,15217391304348; 0,06983697
6805; 0,09375; 0,09375; 106,47826086956522; 0,070051506
6806; 0,09375; 0,09375; 106,23913043478261; 0,06989417
6807; 0,09375; 0,09375; 106,76086956521739; 0,070237435
6808; 0,09375; 0,09375; 106,15217391304348; 0,06983697
6809; 0,09375; 0,09375; 106,6086956521739; 0,07013732
6810; 0,09375; 0,09375; 106,3695652173913; 0,069979995
6811; 0,09375; 0,09375; 106,0; 0,069736846
6812; 0,09375; 0,09375; 106,45652173913044; 0,07003719
6813; 0,09375; 0,09375; 107,45652173913044; 0,0706951
6814; 0,09375; 0,09375; 106,06521739130434; 0,069779746
6815; 0,09375; 0,09375; 106,71739130434783; 0,070208825
6816; 0,09375; 0,09375; 106,8695652173913; 0,070308946
6817; 0,09375; 0,09375; 105,43478260869566; 0,069365
6818; 0,09375; 0,09375; 107,08695652173913; 0,07045197
6819; 0,09375; 0,09375; 106,52173913043478; 0,0700801
6820; 0,09375; 0,09375; 107,34782608695652; 0,070623584
6821; 0,09375; 0,09375; 106,0; 0,069736846
6822; 0,09375; 0,09375; 106,47826086956522; 0,070051506
6823; 0,09375; 0,09375; 106,78260869565217; 0,07025173
6824; 0,09375; 0,09375; 106,21739130434783; 0,06987987
6825; 0,09375; 0,09375; 105,8913043478261; 0,06966536
6826; 0,09375; 0,09375; 106,67391304347827; 0,07018022
6827; 0,09375; 0,09375; 106,3913043478261; 0,069994286
6828; 0,09375; 0,09375; 106,65217391304348; 0,07016592
6829; 0,09375; 0,09375; 105,73913043478261; 0,06956523
6830; 0,09375; 0,09375; 105,78260869565217; 0,06959385
6831; 0,09375; 0,09375; 106,91304347826087; 0,07033754
6832; 0,09375; 0,09375; 107,19565217391305; 0,07052347
6833; 0,09375; 0,09375; 106,43478260869566; 0,070022896
6834; 0,09375; 0,09375; 106,93478260869566; 0,07035185
6835; 0,09375; 0,09375; 105,69565217391305; 0,06953663
6836; 0,09375; 0,09375; 105,78260869565217; 0,06959383
6837; 0,09375; 0,09375; 106,80434782608695; 0,07026602
6838; 0,09375; 0,09375; 107,52173913043478; 0,070738
6839; 0,09375; 0,09375; 106,65217391304348; 0,07016592
6840; 0,09375; 0,09375; 106,0; 0,06973685
6841; 0,09375; 0,09375; 106,47826086956522; 0,07005149
6842; 0,09375; 0,09375; 106,1304347826087; 0,06982266
6843; 0,09375; 0,09375; 108,56521739130434; 0,07142449
6844; 0,09375; 0,09375; 105,67391304347827; 0,06952232
6845; 0,09375; 0,09375; 106,08695652173913; 0,06979406
6846; 0,09375; 0,09375; 106,02173913043478; 0,069751166
6847; 0,09375; 0,09375; 106,65217391304348; 0,07016591
6848; 0,09375; 0,09375; 106,97826086956522; 0,07038046
6849; 0,09375; 0,09375; 106,54347826086956; 0,0700944
6850; 0,09375; 0,09375; 108,06521739130434; 0,07109555
6851; 0,09375; 0,09375; 106,28260869565217; 0,06992279
6852; 0,09375; 0,09375; 106,43478260869566; 0,070022896
6853; 0,09375; 0,09375; 105,3913043478261; 0,06933641
6854; 0,09375; 0,09375; 105,6086956521739; 0,069479406
6855; 0,09375; 0,09375; 106,28260869565217; 0,06992279
6856; 0,09375; 0,09375; 106,52173913043478; 0,07008011
6857; 0,09375; 0,09375; 106,84782608695652; 0,070294626
6858; 0,09375; 0,09375; 105,69565217391305; 0,06953662
6859; 0,09375; 0,09375; 105,82608695652173; 0,06962244
6860; 0,09375; 0,09375; 106,06521739130434; 0,06977976
6861; 0,09375; 0,09375; 106,56521739130434; 0,07010871
6862; 0,09375; 0,09375; 106,93478260869566; 0,07035184
6863; 0,09375; 0,09375; 106,5; 0,070065804
6864; 0,09375; 0,09375; 106,54347826086956; 0,070094414
6865; 0,09375; 0,09375; 106,32608695652173; 0,069951385
6866; 0,09375; 0,09375; 105,73913043478261; 0,069565244
6867; 0,09375; 0,09375; 106,56521739130434; 0,07010871
6868; 0,09375; 0,09375; 106,34782608695652; 0,06996569
6869; 0,09375; 0,09375; 106,3913043478261; 0,06999429
6870; 0,09375; 0,09375; 106,78260869565217; 0,07025173
6871; 0,09375; 0,09375; 106,58695652173913; 0,07012302
6872; 0,09375; 0,09375; 106,0; 0,06973686
6873; 0,09375; 0,09375; 106,54347826086956; 0,07009441
6874; 0,09375; 0,09375; 107,6086956521739; 0,07079521
6875; 0,09375; 0,09375; 107,41304347826087; 0,07066649
6876; 0,09375; 0,09375; 106,71739130434783; 0,07020883
6877; 0,09375; 0,09375; 105,95652173913044; 0,06970826
6878; 0,09375; 0,09375; 106,56521739130434; 0,07010871
6879; 0,09375; 0,09375; 105,93478260869566; 0,069693945
6880; 0,09375; 0,09375; 106,43478260869566; 0,070022896
6881; 0,09375; 0,09375; 106,65217391304348; 0,07016592
6882; 0,09375; 0,09375; 106,08695652173913; 0,069794066
6883; 0,09375; 0,09375; 106,67391304347827; 0,07018021
6884; 0,09375; 0,09375; 105,91304347826087; 0,069679655
6885; 0,09375; 0,09375; 107,56521739130434; 0,07076659
6886; 0,09375; 0,09375; 106,69565217391305; 0,07019452
6887; 0,09375; 0,09375; 105,8695652173913; 0,06965104
6888; 0,09375; 0,09375; 106,54347826086956; 0,07009441
6889; 0,09375; 0,09375; 106,58695652173913; 0,07012301
6890; 0,09375; 0,09375; 106,47826086956522; 0,070051506
6891; 0,09375; 0,09375; 107,19565217391305; 0,07052348
6892; 0,09375; 0,09375; 107,0; 0,07039474
6893; 0,09375; 0,09375; 106,3695652173913; 0,06998
6894; 0,09375; 0,09375; 105,97826086956522; 0,069722556
6895; 0,09375; 0,09375; 106,56521739130434; 0,07010871
6896; 0,09375; 0,09375; 105,69565217391305; 0,06953663
6897; 0,09375; 0,09375; 107,26086956521739; 0,07056638
6898; 0,09375; 0,09375; 106,82608695652173; 0,07028032
6899; 0,09375; 0,09375; 107,32608695652173; 0,07060928
6900; 0,09375; 0,09375; 108,21739130434783; 0,07119566
6901; 0,09375; 0,09375; 105,58695652173913; 0,069465116
6902; 0,09375; 0,09375; 106,6086956521739; 0,07013731
6903; 0,09375; 0,09375; 104,82608695652173; 0,06896454
6904; 0,09375; 0,09375; 106,3695652173913; 0,06997998
6905; 0,09375; 0,09375; 107,34782608695652; 0,07062359
6906; 0,09375; 0,09375; 106,23913043478261; 0,06989419
6907; 0,09375; 0,09375; 107,54347826086956; 0,07075231
6908; 0,09375; 0,09375; 106,6304347826087; 0,07015161
6909; 0,09375; 0,09375; 107,41304347826087; 0,0706665
6910; 0,09375; 0,09375; 105,97826086956522; 0,06972254
6911; 0,09375; 0,09375; 105,6086956521739; 0,06947942
6912; 0,09375; 0,09375; 106,08695652173913; 0,06979406
6913; 0,09375; 0,09375; 106,58695652173913; 0,07012302
6914; 0,09375; 0,09375; 106,02173913043478; 0,06975115
6915; 0,09375; 0,09375; 104,97826086956522; 0,06906465
6916; 0,09375; 0,09375; 107,71739130434783; 0,07086673
6917; 0,09375; 0,09375; 105,93478260869566; 0,06969396
6918; 0,09375; 0,09375; 106,6086956521739; 0,07013732
6919; 0,09375; 0,09375; 107,06521739130434; 0,07043766
6920; 0,09375; 0,09375; 106,56521739130434; 0,07010871
6921; 0,09375; 0,09375; 106,47826086956522; 0,070051506
6922; 0,09375; 0,09375; 106,15217391304348; 0,06983697
6923; 0,09375; 0,09375; 106,47826086956522; 0,070051506
6924; 0,09375; 0,09375; 106,43478260869566; 0,070022896
6925; 0,09375; 0,09375; 106,65217391304348; 0,07016592
6926; 0,09375; 0,09375; 106,65217391304348; 0,07016592
6927; 0,09375; 0,09375; 106,56521739130434; 0,07010871
6928; 0,09375; 0,09375; 105,80434782608695; 0,06960814
6929; 0,09375; 0,09375; 105,84782608695652; 0,06963674
6930; 0,09375; 0,09375; 106,6086956521739; 0,07013732
6931; 0,09375; 0,09375; 106,34782608695652; 0,06996568
6932; 0,09375; 0,09375; 105,23913043478261; 0,069236286
6933; 0,09375; 0,09375; 106,06521739130434; 0,06977976
6934; 0,09375; 0,09375; 105,21739130434783; 0,06922199
6935; 0,09375; 0,09375; 106,06521739130434; 0,06977976
6936; 0,09375; 0,09375; 105,76086956521739; 0,069579534
6937; 0,09375; 0,09375; 107,43478260869566; 0,0706808
6938; 0,09375; 0,09375; 106,71739130434783; 0,07020883
6939; 0,09375; 0,09375; 105,71739130434783; 0,06955093
6940; 0,09375; 0,09375; 106,1086956521739; 0,069808364
6941; 0,09375; 0,09375; 107,23913043478261; 0,070552066
6942; 0,09375; 0,09375; 107,08695652173913; 0,07045197
6943; 0,09375; 0,09375; 106,1086956521739; 0,06980837
6944; 0,09375; 0,09375; 107,52173913043478; 0,070738
6945; 0,09375; 0,09375; 108,45652173913044; 0,07135298
6946; 0,09375; 0,09375; 106,34782608695652; 0,0699657
6947; 0,09375; 0,09375; 106,67391304347827; 0,07018022
6948; 0,09375; 0,09375; 106,3695652173913; 0,069979995
6949; 0,09375; 0,09375; 106,23913043478261; 0,06989417
6950; 0,09375; 0,09375; 106,80434782608695; 0,07026603
6951; 0,09375; 0,09375; 105,8695652173913; 0,06965104
6952; 0,09375; 0,09375; 107,1086956521739; 0,07046626
6953; 0,09375; 0,09375; 106,3913043478261; 0,069994286
6954; 0,09375; 0,09375; 106,93478260869566; 0,07035185
6955; 0,09375; 0,09375; 105,8913043478261; 0,069665335
6956; 0,09375; 0,09375; 106,02173913043478; 0,06975115
6957; 0,09375; 0,09375; 106,0; 0,06973686
6958; 0,09375; 0,09375; 106,97826086956522; 0,07038045
6959; 0,09375; 0,09375; 107,95652173913044; 0,071024045
6960; 0,09375; 0,09375; 105,93478260869566; 0,06969395
6961; 0,09375; 0,09375; 106,06521739130434; 0,06977976
6962; 0,09375; 0,09375; 107,04347826086956; 0,07042336
6963; 0,09375; 0,09375; 106,43478260869566; 0,070022896
6964; 0,09375; 0,09375; 107,30434782608695; 0,07059498
6965; 0,09375; 0,09375; 105,95652173913044; 0,06970824
6966; 0,09375; 0,09375; 107,21739130434783; 0,07053777
6967; 0,09375; 0,09375; 106,30434782608695; 0,06993709
6968; 0,09375; 0,09375; 106,3913043478261; 0,06999429
6969; 0,09375; 0,09375; 106,45652173913044; 0,0700372
6970; 0,09375; 0,09375; 106,71739130434783; 0,070208825
6971; 0,09375; 0,09375; 104,67391304347827; 0,06886443
6972; 0,09375; 0,09375; 106,6304347826087; 0,07015161
6973; 0,09375; 0,09375; 106,58695652173913; 0,07012302
6974; 0,09375; 0,09375; 106,76086956521739; 0,07023744
6975; 0,09375; 0,09375; 106,06521739130434; 0,06977977
6976; 0,09375; 0,09375; 106,97826086956522; 0,07038044
6977; 0,09375; 0,09375; 106,58695652173913; 0,07012301
6978; 0,09375; 0,09375; 105,71739130434783; 0,069550924
6979; 0,09375; 0,09375; 107,19565217391305; 0,07052347
6980; 0,09375; 0,09375; 106,32608695652173; 0,06995139
6981; 0,09375; 0,09375; 106,84782608695652; 0,07029464
6982; 0,09375; 0,09375; 106,93478260869566; 0,07035185
6983; 0,09375; 0,09375; 106,8695652173913; 0,07030894
6984; 0,09375; 0,09375; 105,76086956521739; 0,069579534
6985; 0,09375; 0,09375; 106,32608695652173; 0,069951385
6986; 0,09375; 0,09375; 106,19565217391305; 0,06986557
6987; 0,09375; 0,09375; 105,47826086956522; 0,06939361
6988; 0,09375; 0,09375; 105,1304347826087; 0,069164775
6989; 0,09375; 0,09375; 106,47826086956522; 0,070051506
6990; 0,09375; 0,09375; 105,6086956521739; 0,06947941
6991; 0,09375; 0,09375; 106,73913043478261; 0,07022313
6992; 0,09375; 0,09375; 106,47826086956522; 0,070051506
6993; 0,09375; 0,09375; 106,6086956521739; 0,07013732
6994; 0,09375; 0,09375; 106,08695652173913; 0,069794066
6995; 0,09375; 0,09375; 106,45652173913044; 0,0700372
6996; 0,09375; 0,09375; 105,76086956521739; 0,06957953
6997; 0,09375; 0,09375; 105,8695652173913; 0,069651045
6998; 0,09375; 0,09375; 105,65217391304348; 0,069508016
6999; 0,09375; 0,09375; 106,32608695652173; 0,06995139
7000; 0,09375; 0,09375; 106,82608695652173; 0,070280336
7001; 0,09375; 0,09375; 106,30434782608695; 0,06993709
7002; 0,09375; 0,09375; 107,30434782608695; 0,07059498
7003; 0,09375; 0,09375; 107,0; 0,07039476
7004; 0,09375; 0,09375; 105,84782608695652; 0,06963675
7005; 0,09375; 0,09375; 106,56521739130434; 0,07010871
7006; 0,09375; 0,09375; 107,02173913043478; 0,07040905
7007; 0,09375; 0,09375; 105,95652173913044; 0,06970825
7008; 0,09375; 0,09375; 106,78260869565217; 0,07025174
7009; 0,09375; 0,09375; 106,80434782608695; 0,07026603
7010; 0,09375; 0,09375; 105,28260869565217; 0,06926488
7011; 0,09375; 0,09375; 105,8695652173913; 0,06965104
7012; 0,09375; 0,09375; 106,67391304347827; 0,070180215
7013; 0,09375; 0,09375; 106,71739130434783; 0,07020881
7014; 0,09375; 0,09375; 106,56521739130434; 0,07010871
7015; 0,09375; 0,09375; 106,52173913043478; 0,0700801
7016; 0,09375; 0,09375; 106,65217391304348; 0,070165925
7017; 0,09375; 0,09375; 105,78260869565217; 0,06959383
7018; 0,09375; 0,09375; 106,73913043478261; 0,07022312
7019; 0,09375; 0,09375; 106,23913043478261; 0,06989418
7020; 0,09375; 0,09375; 106,54347826086956; 0,07009441
7021; 0,09375; 0,09375; 106,32608695652173; 0,06995139
7022; 0,09375; 0,09375; 106,1086956521739; 0,06980837
7023; 0,09375; 0,09375; 105,45652173913044; 0,06937931
7024; 0,09375; 0,09375; 107,19565217391305; 0,07052348
7025; 0,09375; 0,09375; 106,73913043478261; 0,07022312
7026; 0,09375; 0,09375; 105,76086956521739; 0,06957954
7027; 0,09375; 0,09375; 106,52173913043478; 0,0700801
7028; 0,09375; 0,09375; 105,58695652173913; 0,069465116
7029; 0,09375; 0,09375; 106,43478260869566; 0,07002289
7030; 0,09375; 0,09375; 107,23913043478261; 0,070552066
7031; 0,09375; 0,09375; 106,08695652173913; 0,069794066
7032; 0,09375; 0,09375; 106,54347826086956; 0,0700944
7033; 0,09375; 0,09375; 108,0; 0,07105265
7034; 0,09375; 0,09375; 107,1086956521739; 0,070466265
7035; 0,09375; 0,09375; 104,56521739130434; 0,068792924
7036; 0,09375; 0,09375; 106,78260869565217; 0,070251726
7037; 0,09375; 0,09375; 106,56521739130434; 0,07010871
7038; 0,09375; 0,09375; 105,97826086956522; 0,069722556
7039; 0,09375; 0,09375; 106,19565217391305; 0,06986558
7040; 0,09375; 0,09375; 106,1304347826087; 0,06982267
7041; 0,09375; 0,09375; 107,80434782608695; 0,070923924
7042; 0,09375; 0,09375; 106,95652173913044; 0,070366144
7043; 0,09375; 0,09375; 106,02173913043478; 0,06975115
7044; 0,09375; 0,09375; 105,32608695652173; 0,06929349
7045; 0,09375; 0,09375; 106,47826086956522; 0,070051506
7046; 0,09375; 0,09375; 104,43478260869566; 0,068707116
7047; 0,09375; 0,09375; 105,58695652173913; 0,069465116
7048; 0,09375; 0,09375; 105,95652173913044; 0,06970825
7049; 0,09375; 0,09375; 105,69565217391305; 0,06953663
7050; 0,09375; 0,09375; 106,02173913043478; 0,06975115
7051; 0,09375; 0,09375; 106,56521739130434; 0,07010871
7052; 0,09375; 0,09375; 105,78260869565217; 0,06959384
7053; 0,09375; 0,09375; 106,23913043478261; 0,06989417
7054; 0,09375; 0,09375; 107,30434782608695; 0,07059498
7055; 0,09375; 0,09375; 106,52173913043478; 0,0700801
7056; 0,09375; 0,09375; 106,95652173913044; 0,070366144
7057; 0,09375; 0,09375; 106,80434782608695; 0,07026604
7058; 0,09375; 0,09375; 107,1086956521739; 0,070466265
7059; 0,09375; 0,09375; 107,82608695652173; 0,07093823
7060; 0,09375; 0,09375; 106,78260869565217; 0,070251726
7061; 0,09375; 0,09375; 105,0; 0,06907897
7062; 0,09375; 0,09375; 106,5; 0,07006581
7063; 0,09375; 0,09375; 105,78260869565217; 0,06959383
7064; 0,09375; 0,09375; 105,95652173913044; 0,06970825
7065; 0,09375; 0,09375; 106,78260869565217; 0,070251726
7066; 0,09375; 0,09375; 107,21739130434783; 0,07053777
7067; 0,09375; 0,09375; 105,73913043478261; 0,06956524
7068; 0,09375; 0,09375; 106,47826086956522; 0,070051506
7069; 0,09375; 0,09375; 105,97826086956522; 0,06972255
7070; 0,09375; 0,09375; 107,06521739130434; 0,070437655
7071; 0,09375; 0,09375; 106,26086956521739; 0,06990848
7072; 0,09375; 0,09375; 106,04347826086956; 0,06976546
7073; 0,09375; 0,09375; 105,82608695652173; 0,06962244
7074; 0,09375; 0,09375; 106,65217391304348; 0,070165925
7075; 0,09375; 0,09375; 107,34782608695652; 0,07062358
7076; 0,09375; 0,09375; 106,73913043478261; 0,070223115
7077; 0,09375; 0,09375; 106,6304347826087; 0,07015161
7078; 0,09375; 0,09375; 107,08695652173913; 0,07045196
7079; 0,09375; 0,09375; 106,26086956521739; 0,069908485
7080; 0,09375; 0,09375; 106,93478260869566; 0,07035184
7081; 0,09375; 0,09375; 107,34782608695652; 0,07062359
7082; 0,09375; 0,09375; 104,0; 0,06842107
7083; 0,09375; 0,09375; 106,34782608695652; 0,06996569
7084; 0,09375; 0,09375; 105,76086956521739; 0,06957953
7085; 0,09375; 0,09375; 106,43478260869566; 0,070022896
7086; 0,09375; 0,09375; 106,47826086956522; 0,070051506
7087; 0,09375; 0,09375; 106,69565217391305; 0,070194505
7088; 0,09375; 0,09375; 106,95652173913044; 0,070366144
7089; 0,09375; 0,09375; 106,54347826086956; 0,07009441
7090; 0,09375; 0,09375; 106,56521739130434; 0,070108704
7091; 0,09375; 0,09375; 107,69565217391305; 0,07085241
7092; 0,09375; 0,09375; 106,3913043478261; 0,069994286
7093; 0,09375; 0,09375; 105,19565217391305; 0,069207676
7094; 0,09375; 0,09375; 106,69565217391305; 0,07019451
7095; 0,09375; 0,09375; 105,65217391304348; 0,06950803
7096; 0,09375; 0,09375; 106,43478260869566; 0,070022896
7097; 0,09375; 0,09375; 106,8913043478261; 0,07032322
7098; 0,09375; 0,09375; 106,30434782608695; 0,06993709
7099; 0,09375; 0,09375; 106,95652173913044; 0,07036614
7100; 0,09375; 0,09375; 106,0; 0,06973686
7101; 0,09375; 0,09375; 105,97826086956522; 0,069722556
7102; 0,09375; 0,09375; 106,41304347826087; 0,07000859
7103; 0,09375; 0,09375; 106,95652173913044; 0,07036615
7104; 0,09375; 0,09375; 106,21739130434783; 0,06987987
7105; 0,09375; 0,09375; 106,17391304347827; 0,06985127
7106; 0,09375; 0,09375; 106,78260869565217; 0,070251726
7107; 0,09375; 0,09375; 106,8913043478261; 0,07032323
7108; 0,09375; 0,09375; 105,30434782608695; 0,06927919
7109; 0,09375; 0,09375; 106,6304347826087; 0,07015162
7110; 0,09375; 0,09375; 106,6086956521739; 0,070137314
7111; 0,09375; 0,09375; 106,8695652173913; 0,07030893
7112; 0,09375; 0,09375; 106,30434782608695; 0,06993709
7113; 0,09375; 0,09375; 104,3695652173913; 0,0686642
7114; 0,09375; 0,09375; 106,78260869565217; 0,070251726
7115; 0,09375; 0,09375; 106,17391304347827; 0,06985128
7116; 0,09375; 0,09375; 106,3913043478261; 0,069994286
7117; 0,09375; 0,09375; 104,80434782608695; 0,068950236
7118; 0,09375; 0,09375; 106,19565217391305; 0,06986558
7119; 0,09375; 0,09375; 106,32608695652173; 0,06995139
7120; 0,09375; 0,09375; 105,5; 0,06940791
7121; 0,09375; 0,09375; 106,52173913043478; 0,07008011
7122; 0,09375; 0,09375; 106,84782608695652; 0,07029464
7123; 0,09375; 0,09375; 107,26086956521739; 0,07056637
7124; 0,09375; 0,09375; 106,30434782608695; 0,06993709
7125; 0,09375; 0,09375; 106,65217391304348; 0,07016592
7126; 0,09375; 0,09375; 106,58695652173913; 0,070123
7127; 0,09375; 0,09375; 105,58695652173913; 0,069465116
7128; 0,09375; 0,09375; 106,28260869565217; 0,06992278
7129; 0,09375; 0,09375; 107,19565217391305; 0,07052346
7130; 0,09375; 0,09375; 106,17391304347827; 0,069851264
7131; 0,09375; 0,09375; 107,3695652173913; 0,07063788
7132; 0,09375; 0,09375; 106,47826086956522; 0,070051506
7133; 0,09375; 0,09375; 106,54347826086956; 0,070094414
7134; 0,09375; 0,09375; 107,65217391304348; 0,07082381
7135; 0,09375; 0,09375; 106,54347826086956; 0,07009441
7136; 0,09375; 0,09375; 106,28260869565217; 0,06992278
7137; 0,09375; 0,09375; 107,32608695652173; 0,07060929
7138; 0,09375; 0,09375; 106,5; 0,070065804
7139; 0,09375; 0,09375; 106,0; 0,069736846
7140; 0,09375; 0,09375; 106,56521739130434; 0,0701087
7141; 0,09375; 0,09375; 106,0; 0,06973686
7142; 0,09375; 0,09375; 105,67391304347827; 0,06952232
7143; 0,09375; 0,09375; 105,45652173913044; 0,06937931
7144; 0,09375; 0,09375; 106,8913043478261; 0,070323244
7145; 0,09375; 0,09375; 106,19565217391305; 0,06986558
7146; 0,09375; 0,09375; 109,47826086956522; 0,07202519
7147; 0,09375; 0,09375; 107,78260869565217; 0,07090963
7148; 0,09375; 0,09375; 107,1304347826087; 0,07048056
7149; 0,09375; 0,09375; 106,17391304347827; 0,06985127
7150; 0,09375; 0,09375; 106,1304347826087; 0,06982268
7151; 0,09375; 0,09375; 106,23913043478261; 0,069894195
7152; 0,09375; 0,09375; 105,8695652173913; 0,069651045
7153; 0,09375; 0,09375; 106,34782608695652; 0,0699657
7154; 0,09375; 0,09375; 105,67391304347827; 0,06952232
7155; 0,09375; 0,09375; 106,71739130434783; 0,07020883
7156; 0,09375; 0,09375; 107,3695652173913; 0,07063789
7157; 0,09375; 0,09375; 106,8913043478261; 0,07032324
7158; 0,09375; 0,09375; 106,6086956521739; 0,07013731
7159; 0,09375; 0,09375; 106,3913043478261; 0,06999431
7160; 0,09375; 0,09375; 106,69565217391305; 0,07019451
7161; 0,09375; 0,09375; 107,06521739130434; 0,07043765
7162; 0,09375; 0,09375; 106,58695652173913; 0,07012302
7163; 0,09375; 0,09375; 106,76086956521739; 0,07023742
7164; 0,09375; 0,09375; 105,82608695652173; 0,06962244
7165; 0,09375; 0,09375; 106,17391304347827; 0,06985127
7166; 0,09375; 0,09375; 106,1304347826087; 0,06982267
7167; 0,09375; 0,09375; 105,06521739130434; 0,06912187
7168; 0,09375; 0,09375; 106,41304347826087; 0,070008606
7169; 0,09375; 0,09375; 106,32608695652173; 0,06995139
7170; 0,09375; 0,09375; 106,93478260869566; 0,07035185
7171; 0,09375; 0,09375; 106,15217391304348; 0,069836974
7172; 0,09375; 0,09375; 106,45652173913044; 0,0700372
7173; 0,09375; 0,09375; 106,8913043478261; 0,07032324
7174; 0,09375; 0,09375; 107,1304347826087; 0,07048057
7175; 0,09375; 0,09375; 107,65217391304348; 0,0708238
7176; 0,09375; 0,09375; 106,15217391304348; 0,06983697
7177; 0,09375; 0,09375; 105,95652173913044; 0,06970825
7178; 0,09375; 0,09375; 105,78260869565217; 0,06959384
7179; 0,09375; 0,09375; 105,3695652173913; 0,0693221
7180; 0,09375; 0,09375; 107,1304347826087; 0,07048055
7181; 0,09375; 0,09375; 106,56521739130434; 0,070108704
7182; 0,09375; 0,09375; 105,41304347826087; 0,069350705
7183; 0,09375; 0,09375; 106,8695652173913; 0,07030893
7184; 0,09375; 0,09375; 106,08695652173913; 0,069794066
7185; 0,09375; 0,09375; 107,71739130434783; 0,07086671
7186; 0,09375; 0,09375; 105,26086956521739; 0,0692506
7187; 0,09375; 0,09375; 105,91304347826087; 0,06967965
7188; 0,09375; 0,09375; 106,41304347826087; 0,07000859
7189; 0,09375; 0,09375; 106,52173913043478; 0,0700801
7190; 0,09375; 0,09375; 106,32608695652173; 0,06995139
7191; 0,09375; 0,09375; 106,84782608695652; 0,07029464
7192; 0,09375; 0,09375; 107,3913043478261; 0,07065219
7193; 0,09375; 0,09375; 107,28260869565217; 0,07058067
7194; 0,09375; 0,09375; 106,5; 0,07006581
7195; 0,09375; 0,09375; 106,97826086956522; 0,07038045
7196; 0,09375; 0,09375; 106,80434782608695; 0,07026604
7197; 0,09375; 0,09375; 105,3695652173913; 0,0693221
7198; 0,09375; 0,09375; 105,41304347826087; 0,06935071
7199; 0,09375; 0,09375; 106,32608695652173; 0,06995139
7200; 0,09375; 0,09375; 106,52173913043478; 0,0700801
7201; 0,09375; 0,09375; 106,23913043478261; 0,06989418
7202; 0,09375; 0,09375; 106,52173913043478; 0,0700801
7203; 0,09375; 0,09375; 108,08695652173913; 0,071109846
7204; 0,09375; 0,09375; 106,21739130434783; 0,069879875
7205; 0,09375; 0,09375; 105,6304347826087; 0,069493726
7206; 0,09375; 0,09375; 107,1086956521739; 0,07046626
7207; 0,09375; 0,09375; 106,6304347826087; 0,07015161
7208; 0,09375; 0,09375; 107,0; 0,070394754
7209; 0,09375; 0,09375; 106,04347826086956; 0,06976546
7210; 0,09375; 0,09375; 106,97826086956522; 0,07038045
7211; 0,09375; 0,09375; 105,56521739130434; 0,06945082
7212; 0,09375; 0,09375; 106,5; 0,07006581
7213; 0,09375; 0,09375; 106,3913043478261; 0,06999429
7214; 0,09375; 0,09375; 105,71739130434783; 0,06955093
7215; 0,09375; 0,09375; 106,6304347826087; 0,07015162
7216; 0,09375; 0,09375; 105,76086956521739; 0,06957952
7217; 0,09375; 0,09375; 107,28260869565217; 0,070580676
7218; 0,09375; 0,09375; 107,56521739130434; 0,07076661
7219; 0,09375; 0,09375; 106,6086956521739; 0,07013731
7220; 0,09375; 0,09375; 105,43478260869566; 0,06936501
7221; 0,09375; 0,09375; 106,8695652173913; 0,070308946
7222; 0,09375; 0,09375; 106,80434782608695; 0,07026604
7223; 0,09375; 0,09375; 106,8695652173913; 0,07030894
7224; 0,09375; 0,09375; 107,3695652173913; 0,07063789
7225; 0,09375; 0,09375; 106,43478260869566; 0,0700229
7226; 0,09375; 0,09375; 106,26086956521739; 0,06990848
7227; 0,09375; 0,09375; 106,17391304347827; 0,06985127
7228; 0,09375; 0,09375; 106,5; 0,0700658
7229; 0,09375; 0,09375; 106,65217391304348; 0,07016592
7230; 0,09375; 0,09375; 106,73913043478261; 0,07022314
7231; 0,09375; 0,09375; 105,97826086956522; 0,069722556
7232; 0,09375; 0,09375; 105,58695652173913; 0,069465116
7233; 0,09375; 0,09375; 108,58695652173913; 0,07143881
7234; 0,09375; 0,09375; 105,82608695652173; 0,06962244
7235; 0,09375; 0,09375; 106,1086956521739; 0,069808364
7236; 0,09375; 0,09375; 107,69565217391305; 0,070852414
7237; 0,09375; 0,09375; 106,28260869565217; 0,06992278
7238; 0,09375; 0,09375; 105,45652173913044; 0,06937931
7239; 0,09375; 0,09375; 106,45652173913044; 0,070037186
7240; 0,09375; 0,09375; 105,69565217391305; 0,06953662
7241; 0,09375; 0,09375; 106,54347826086956; 0,07009441
7242; 0,09375; 0,09375; 106,21739130434783; 0,06987988
7243; 0,09375; 0,09375; 106,73913043478261; 0,07022312
7244; 0,09375; 0,09375; 107,15217391304348; 0,070494875
7245; 0,09375; 0,09375; 107,17391304347827; 0,070509166
7246; 0,09375; 0,09375; 106,02173913043478; 0,069751166
7247; 0,09375; 0,09375; 106,80434782608695; 0,07026603
7248; 0,09375; 0,09375; 106,15217391304348; 0,069836974
7249; 0,09375; 0,09375; 106,30434782608695; 0,06993707
7250; 0,09375; 0,09375; 106,73913043478261; 0,07022313
7251; 0,09375; 0,09375; 106,56521739130434; 0,070108704
7252; 0,09375; 0,09375; 105,6086956521739; 0,06947942
7253; 0,09375; 0,09375; 107,15217391304348; 0,07049487
7254; 0,09375; 0,09375; 105,91304347826087; 0,06967964
7255; 0,09375; 0,09375; 107,08695652173913; 0,07045195
7256; 0,09375; 0,09375; 106,04347826086956; 0,069765456
7257; 0,09375; 0,09375; 105,8913043478261; 0,069665335
7258; 0,09375; 0,09375; 106,02173913043478; 0,069751166
7259; 0,09375; 0,09375; 106,1304347826087; 0,06982267
7260; 0,09375; 0,09375; 107,04347826086956; 0,070423365
7261; 0,09375; 0,09375; 107,0; 0,07039475
7262; 0,09375; 0,09375; 106,47826086956522; 0,07005149
7263; 0,09375; 0,09375; 106,5; 0,070065804
7264; 0,09375; 0,09375; 107,73913043478261; 0,07088101
7265; 0,09375; 0,09375; 107,73913043478261; 0,07088102
7266; 0,09375; 0,09375; 105,8913043478261; 0,069665335
7267; 0,09375; 0,09375; 107,23913043478261; 0,070552066
7268; 0,09375; 0,09375; 106,1086956521739; 0,06980837
7269; 0,09375; 0,09375; 108,32608695652173; 0,07126717
7270; 0,09375; 0,09375; 106,15217391304348; 0,069836974
7271; 0,09375; 0,09375; 105,97826086956522; 0,06972255
7272; 0,09375; 0,09375; 105,67391304347827; 0,06952233
7273; 0,09375; 0,09375; 106,0; 0,069736846
7274; 0,09375; 0,09375; 107,15217391304348; 0,07049487
7275; 0,09375; 0,09375; 106,80434782608695; 0,07026602
7276; 0,09375; 0,09375; 106,52173913043478; 0,07008011
7277; 0,09375; 0,09375; 106,76086956521739; 0,07023743
7278; 0,09375; 0,09375; 106,67391304347827; 0,070180215
7279; 0,09375; 0,09375; 105,6086956521739; 0,06947942
7280; 0,09375; 0,09375; 106,28260869565217; 0,06992278
7281; 0,09375; 0,09375; 107,65217391304348; 0,07082382
7282; 0,09375; 0,09375; 105,6304347826087; 0,06949371
7283; 0,09375; 0,09375; 106,6086956521739; 0,070137314
7284; 0,09375; 0,09375; 106,47826086956522; 0,070051506
7285; 0,09375; 0,09375; 106,32608695652173; 0,06995139
7286; 0,09375; 0,09375; 107,43478260869566; 0,07068078
7287; 0,09375; 0,09375; 106,23913043478261; 0,06989418
7288; 0,09375; 0,09375; 106,65217391304348; 0,07016592
7289; 0,09375; 0,09375; 106,82608695652173; 0,070280336
7290; 0,09375; 0,09375; 106,26086956521739; 0,069908485
7291; 0,09375; 0,09375; 106,02173913043478; 0,06975116
7292; 0,09375; 0,09375; 107,02173913043478; 0,07040905
7293; 0,09375; 0,09375; 105,58695652173913; 0,069465116
7294; 0,09375; 0,09375; 106,82608695652173; 0,07028033
7295; 0,09375; 0,09375; 107,43478260869566; 0,07068078
7296; 0,09375; 0,09375; 106,32608695652173; 0,06995139
7297; 0,09375; 0,09375; 106,69565217391305; 0,07019453
7298; 0,09375; 0,09375; 106,3913043478261; 0,06999429
7299; 0,09375; 0,09375; 105,93478260869566; 0,069693945
7300; 0,09375; 0,09375; 105,95652173913044; 0,06970825
7301; 0,09375; 0,09375; 106,32608695652173; 0,06995139
7302; 0,09375; 0,09375; 106,19565217391305; 0,069865584
7303; 0,09375; 0,09375; 106,84782608695652; 0,07029464
7304; 0,09375; 0,09375; 106,52173913043478; 0,0700801
7305; 0,09375; 0,09375; 106,84782608695652; 0,07029463
7306; 0,09375; 0,09375; 106,3695652173913; 0,06997999
7307; 0,09375; 0,09375; 107,65217391304348; 0,0708238
7308; 0,09375; 0,09375; 106,3913043478261; 0,0699943
7309; 0,09375; 0,09375; 107,08695652173913; 0,07045196
7310; 0,09375; 0,09375; 106,91304347826087; 0,07033754
7311; 0,09375; 0,09375; 106,23913043478261; 0,06989419
7312; 0,09375; 0,09375; 106,15217391304348; 0,06983697
7313; 0,09375; 0,09375; 106,5; 0,07006579
7314; 0,09375; 0,09375; 106,1304347826087; 0,06982267
7315; 0,09375; 0,09375; 106,47826086956522; 0,07005149
7316; 0,09375; 0,09375; 108,26086956521739; 0,07122427
7317; 0,09375; 0,09375; 106,17391304347827; 0,06985127
7318; 0,09375; 0,09375; 106,5; 0,070065804
7319; 0,09375; 0,09375; 107,5; 0,0707237
7320; 0,09375; 0,09375; 106,41304347826087; 0,07000859
7321; 0,09375; 0,09375; 106,69565217391305; 0,07019453
7322; 0,09375; 0,09375; 106,45652173913044; 0,0700372
7323; 0,09375; 0,09375; 106,97826086956522; 0,07038045
7324; 0,09375; 0,09375; 107,1304347826087; 0,07048056
7325; 0,09375; 0,09375; 106,65217391304348; 0,07016592
7326; 0,09375; 0,09375; 105,8913043478261; 0,06966534
7327; 0,09375; 0,09375; 106,8913043478261; 0,070323244
7328; 0,09375; 0,09375; 106,15217391304348; 0,06983697
7329; 0,09375; 0,09375; 107,3913043478261; 0,0706522
7330; 0,09375; 0,09375; 106,54347826086956; 0,07009441
7331; 0,09375; 0,09375; 106,93478260869566; 0,07035185
7332; 0,09375; 0,09375; 105,97826086956522; 0,069722556
7333; 0,09375; 0,09375; 105,67391304347827; 0,06952232
7334; 0,09375; 0,09375; 104,71739130434783; 0,06889303
7335; 0,09375; 0,09375; 106,26086956521739; 0,06990846
7336; 0,09375; 0,09375; 106,67391304347827; 0,07018022
7337; 0,09375; 0,09375; 106,5; 0,070065804
7338; 0,09375; 0,09375; 106,54347826086956; 0,0700944
7339; 0,09375; 0,09375; 106,1086956521739; 0,06980837
7340; 0,09375; 0,09375; 107,26086956521739; 0,07056637
7341; 0,09375; 0,09375; 104,82608695652173; 0,06896454
7342; 0,09375; 0,09375; 106,43478260869566; 0,07002289
7343; 0,09375; 0,09375; 107,41304347826087; 0,07066649
7344; 0,09375; 0,09375; 106,8913043478261; 0,07032325
7345; 0,09375; 0,09375; 106,04347826086956; 0,069765456
7346; 0,09375; 0,09375; 106,02173913043478; 0,06975115
7347; 0,09375; 0,09375; 105,91304347826087; 0,06967964
7348; 0,09375; 0,09375; 107,21739130434783; 0,07053777
7349; 0,09375; 0,09375; 106,52173913043478; 0,0700801
7350; 0,09375; 0,09375; 108,80434782608695; 0,07158182
7351; 0,09375; 0,09375; 105,95652173913044; 0,06970825
7352; 0,09375; 0,09375; 106,3695652173913; 0,069979995
7353; 0,09375; 0,09375; 106,02173913043478; 0,069751166
7354; 0,09375; 0,09375; 106,8695652173913; 0,07030894
7355; 0,09375; 0,09375; 106,6304347826087; 0,07015161
7356; 0,09375; 0,09375; 106,6304347826087; 0,07015163
7357; 0,09375; 0,09375; 106,32608695652173; 0,069951385
7358; 0,09375; 0,09375; 106,41304347826087; 0,07000859
7359; 0,09375; 0,09375; 106,65217391304348; 0,07016592
7360; 0,09375; 0,09375; 106,3913043478261; 0,06999429
7361; 0,09375; 0,09375; 105,82608695652173; 0,06962244
7362; 0,09375; 0,09375; 106,76086956521739; 0,07023743
7363; 0,09375; 0,09375; 106,52173913043478; 0,0700801
7364; 0,09375; 0,09375; 106,73913043478261; 0,07022312
7365; 0,09375; 0,09375; 106,54347826086956; 0,07009441
7366; 0,09375; 0,09375; 106,21739130434783; 0,069879875
7367; 0,09375; 0,09375; 106,0; 0,06973685
7368; 0,09375; 0,09375; 106,67391304347827; 0,07018022
7369; 0,09375; 0,09375; 105,69565217391305; 0,06953663
7370; 0,09375; 0,09375; 106,73913043478261; 0,07022314
7371; 0,09375; 0,09375; 106,71739130434783; 0,07020882
7372; 0,09375; 0,09375; 106,71739130434783; 0,07020883
7373; 0,09375; 0,09375; 106,93478260869566; 0,07035185
7374; 0,09375; 0,09375; 106,43478260869566; 0,070022896
7375; 0,09375; 0,09375; 106,8695652173913; 0,07030894
7376; 0,09375; 0,09375; 106,3695652173913; 0,06997999
7377; 0,09375; 0,09375; 107,30434782608695; 0,07059498
7378; 0,09375; 0,09375; 105,6304347826087; 0,06949372
7379; 0,09375; 0,09375; 107,78260869565217; 0,07090962
7380; 0,09375; 0,09375; 107,02173913043478; 0,070409045
7381; 0,09375; 0,09375; 105,65217391304348; 0,06950803
7382; 0,09375; 0,09375; 107,76086956521739; 0,07089532
7383; 0,09375; 0,09375; 105,82608695652173; 0,06962244
7384; 0,09375; 0,09375; 106,3913043478261; 0,069994286
7385; 0,09375; 0,09375; 107,58695652173913; 0,0707809
7386; 0,09375; 0,09375; 106,47826086956522; 0,07005149
7387; 0,09375; 0,09375; 105,67391304347827; 0,06952233
7388; 0,09375; 0,09375; 106,26086956521739; 0,06990848
7389; 0,09375; 0,09375; 106,73913043478261; 0,070223115
7390; 0,09375; 0,09375; 106,1086956521739; 0,06980837
7391; 0,09375; 0,09375; 107,17391304347827; 0,070509166
7392; 0,09375; 0,09375; 106,02173913043478; 0,069751166
7393; 0,09375; 0,09375; 105,04347826086956; 0,06910757
7394; 0,09375; 0,09375; 105,76086956521739; 0,06957953
7395; 0,09375; 0,09375; 106,97826086956522; 0,07038046
7396; 0,09375; 0,09375; 108,34782608695652; 0,07128148
7397; 0,09375; 0,09375; 106,1304347826087; 0,06982266
7398; 0,09375; 0,09375; 107,6304347826087; 0,070809506
7399; 0,09375; 0,09375; 106,23913043478261; 0,06989418
7400; 0,09375; 0,09375; 107,02173913043478; 0,07040906
7401; 0,09375; 0,09375; 107,08695652173913; 0,07045197
7402; 0,09375; 0,09375; 106,52173913043478; 0,0700801
7403; 0,09375; 0,09375; 106,02173913043478; 0,06975116
7404; 0,09375; 0,09375; 106,5; 0,07006581
7405; 0,09375; 0,09375; 105,6304347826087; 0,069493726
7406; 0,09375; 0,09375; 106,34782608695652; 0,0699657
7407; 0,09375; 0,09375; 106,21739130434783; 0,069879875
7408; 0,09375; 0,09375; 105,71739130434783; 0,069550924
7409; 0,09375; 0,09375; 107,3913043478261; 0,07065219
7410; 0,09375; 0,09375; 105,5; 0,06940792
7411; 0,09375; 0,09375; 106,47826086956522; 0,070051506
7412; 0,09375; 0,09375; 105,47826086956522; 0,06939361
7413; 0,09375; 0,09375; 106,8695652173913; 0,07030894
7414; 0,09375; 0,09375; 106,04347826086956; 0,06976546
7415; 0,09375; 0,09375; 105,93478260869566; 0,069693945
7416; 0,09375; 0,09375; 107,34782608695652; 0,07062358
7417; 0,09375; 0,09375; 106,56521739130434; 0,07010871
7418; 0,09375; 0,09375; 106,0; 0,06973686
7419; 0,09375; 0,09375; 105,02173913043478; 0,069093265
7420; 0,09375; 0,09375; 106,93478260869566; 0,07035185
7421; 0,09375; 0,09375; 105,84782608695652; 0,06963674
7422; 0,09375; 0,09375; 105,78260869565217; 0,06959385
7423; 0,09375; 0,09375; 106,6304347826087; 0,07015163
7424; 0,09375; 0,09375; 106,23913043478261; 0,06989418
7425; 0,09375; 0,09375; 106,80434782608695; 0,07026604
7426; 0,09375; 0,09375; 105,91304347826087; 0,06967965
7427; 0,09375; 0,09375; 105,52173913043478; 0,06942222
7428; 0,09375; 0,09375; 105,71739130434783; 0,06955093
7429; 0,09375; 0,09375; 106,34782608695652; 0,06996569
7430; 0,09375; 0,09375; 106,17391304347827; 0,06985127
7431; 0,09375; 0,09375; 105,52173913043478; 0,06942221
7432; 0,09375; 0,09375; 107,34782608695652; 0,07062358
7433; 0,09375; 0,09375; 106,95652173913044; 0,07036615
7434; 0,09375; 0,09375; 107,69565217391305; 0,070852414
7435; 0,09375; 0,09375; 105,73913043478261; 0,06956522
7436; 0,09375; 0,09375; 106,84782608695652; 0,07029464
7437; 0,09375; 0,09375; 106,28260869565217; 0,06992279
7438; 0,09375; 0,09375; 106,54347826086956; 0,070094414
7439; 0,09375; 0,09375; 106,0; 0,069736846
7440; 0,09375; 0,09375; 105,91304347826087; 0,06967964
7441; 0,09375; 0,09375; 107,1086956521739; 0,07046626
7442; 0,09375; 0,09375; 106,6086956521739; 0,07013732
7443; 0,09375; 0,09375; 105,56521739130434; 0,06945081
7444; 0,09375; 0,09375; 106,6304347826087; 0,07015161
7445; 0,09375; 0,09375; 106,93478260869566; 0,07035184
7446; 0,09375; 0,09375; 106,3695652173913; 0,06997999
7447; 0,09375; 0,09375; 107,04347826086956; 0,07042336
7448; 0,09375; 0,09375; 106,84782608695652; 0,070294626
7449; 0,09375; 0,09375; 106,17391304347827; 0,06985128
7450; 0,09375; 0,09375; 106,41304347826087; 0,07000859
7451; 0,09375; 0,09375; 105,3913043478261; 0,0693364
7452; 0,09375; 0,09375; 105,5; 0,06940791
7453; 0,09375; 0,09375; 106,3913043478261; 0,069994286
7454; 0,09375; 0,09375; 105,91304347826087; 0,06967966
7455; 0,09375; 0,09375; 105,47826086956522; 0,06939361
7456; 0,09375; 0,09375; 106,5; 0,070065804
7457; 0,09375; 0,09375; 106,19565217391305; 0,069865584
7458; 0,09375; 0,09375; 107,67391304347827; 0,070838116
7459; 0,09375; 0,09375; 105,26086956521739; 0,06925058
7460; 0,09375; 0,09375; 106,91304347826087; 0,070337534
7461; 0,09375; 0,09375; 105,95652173913044; 0,06970825
7462; 0,09375; 0,09375; 106,52173913043478; 0,07008012
7463; 0,09375; 0,09375; 105,28260869565217; 0,06926488
7464; 0,09375; 0,09375; 105,80434782608695; 0,06960815
7465; 0,09375; 0,09375; 106,23913043478261; 0,06989417
7466; 0,09375; 0,09375; 105,97826086956522; 0,069722556
7467; 0,09375; 0,09375; 106,04347826086956; 0,06976546
7468; 0,09375; 0,09375; 106,3913043478261; 0,069994286
7469; 0,09375; 0,09375; 105,56521739130434; 0,06945081
7470; 0,09375; 0,09375; 106,1304347826087; 0,06982267
7471; 0,09375; 0,09375; 106,95652173913044; 0,07036615
7472; 0,09375; 0,09375; 106,71739130434783; 0,070208825
7473; 0,09375; 0,09375; 106,54347826086956; 0,07009441
7474; 0,09375; 0,09375; 107,04347826086956; 0,07042336
7475; 0,09375; 0,09375; 105,80434782608695; 0,069608144
7476; 0,09375; 0,09375; 106,19565217391305; 0,06986556
7477; 0,09375; 0,09375; 107,19565217391305; 0,07052348
7478; 0,09375; 0,09375; 106,3695652173913; 0,06997998
7479; 0,09375; 0,09375; 106,76086956521739; 0,07023743
7480; 0,09375; 0,09375; 106,8695652173913; 0,070308946
7481; 0,09375; 0,09375; 107,0; 0,07039475
7482; 0,09375; 0,09375; 106,1304347826087; 0,06982267
7483; 0,09375; 0,09375; 107,56521739130434; 0,07076661
7484; 0,09375; 0,09375; 106,71739130434783; 0,070208825
7485; 0,09375; 0,09375; 106,56521739130434; 0,07010871
7486; 0,09375; 0,09375; 105,95652173913044; 0,06970825
7487; 0,09375; 0,09375; 107,04347826086956; 0,070423365
7488; 0,09375; 0,09375; 105,54347826086956; 0,069436505
7489; 0,09375; 0,09375; 107,23913043478261; 0,070552066
7490; 0,09375; 0,09375; 106,02173913043478; 0,06975116
7491; 0,09375; 0,09375; 107,54347826086956; 0,0707523
7492; 0,09375; 0,09375; 106,82608695652173; 0,07028033
7493; 0,09375; 0,09375; 107,65217391304348; 0,07082381
7494; 0,09375; 0,09375; 107,47826086956522; 0,0707094
7495; 0,09375; 0,09375; 105,76086956521739; 0,069579534
7496; 0,09375; 0,09375; 106,23913043478261; 0,06989418
7497; 0,09375; 0,09375; 106,47826086956522; 0,0700515
7498; 0,09375; 0,09375; 106,15217391304348; 0,069836974
7499; 0,09375; 0,09375; 105,5; 0,06940791
7500; 0,09375; 0,09375; 106,17391304347827; 0,06985128
7501; 0,09375; 0,09375; 105,80434782608695; 0,06960814
7502; 0,09375; 0,09375; 106,34782608695652; 0,06996569
7503; 0,09375; 0,09375; 106,17391304347827; 0,06985127
7504; 0,09375; 0,09375; 106,56521739130434; 0,070108704
7505; 0,09375; 0,09375; 106,91304347826087; 0,07033754
7506; 0,09375; 0,09375; 106,45652173913044; 0,0700372
7507; 0,09375; 0,09375; 106,56521739130434; 0,070108704
7508; 0,09375; 0,09375; 105,58695652173913; 0,069465116
7509; 0,09375; 0,09375; 107,08695652173913; 0,07045195
7510; 0,09375; 0,09375; 107,19565217391305; 0,07052346
7511; 0,09375; 0,09375; 105,17391304347827; 0,06919338
7512; 0,09375; 0,09375; 106,76086956521739; 0,07023743
7513; 0,09375; 0,09375; 107,0; 0,070394754
7514; 0,09375; 0,09375; 106,30434782608695; 0,06993709
7515; 0,09375; 0,09375; 106,71739130434783; 0,070208825
7516; 0,09375; 0,09375; 105,95652173913044; 0,06970825
7517; 0,09375; 0,09375; 106,6086956521739; 0,07013732
7518; 0,09375; 0,09375; 106,82608695652173; 0,070280336
7519; 0,09375; 0,09375; 105,56521739130434; 0,069450825
7520; 0,09375; 0,09375; 106,91304347826087; 0,07033754
7521; 0,09375; 0,09375; 106,06521739130434; 0,06977976
7522; 0,09375; 0,09375; 106,17391304347827; 0,06985127
7523; 0,09375; 0,09375; 105,23913043478261; 0,06923628
7524; 0,09375; 0,09375; 106,43478260869566; 0,070022896
7525; 0,09375; 0,09375; 106,45652173913044; 0,07003719
7526; 0,09375; 0,09375; 106,0; 0,06973686
7527; 0,09375; 0,09375; 107,71739130434783; 0,07086671
7528; 0,09375; 0,09375; 107,02173913043478; 0,070409045
7529; 0,09375; 0,09375; 106,1086956521739; 0,069808364
7530; 0,09375; 0,09375; 106,54347826086956; 0,070094414
7531; 0,09375; 0,09375; 105,73913043478261; 0,06956524
7532; 0,09375; 0,09375; 107,71739130434783; 0,07086672
7533; 0,09375; 0,09375; 106,78260869565217; 0,070251726
7534; 0,09375; 0,09375; 106,71739130434783; 0,07020883
7535; 0,09375; 0,09375; 106,1304347826087; 0,06982267
7536; 0,09375; 0,09375; 106,23913043478261; 0,06989419
7537; 0,09375; 0,09375; 107,0; 0,07039475
7538; 0,09375; 0,09375; 106,32608695652173; 0,06995139
7539; 0,09375; 0,09375; 107,04347826086956; 0,070423365
7540; 0,09375; 0,09375; 107,26086956521739; 0,07056638
7541; 0,09375; 0,09375; 106,3913043478261; 0,069994286
7542; 0,09375; 0,09375; 106,32608695652173; 0,06995139
7543; 0,09375; 0,09375; 105,82608695652173; 0,069622435
7544; 0,09375; 0,09375; 106,19565217391305; 0,06986558
7545; 0,09375; 0,09375; 106,23913043478261; 0,06989418
7546; 0,09375; 0,09375; 107,1086956521739; 0,07046626
7547; 0,09375; 0,09375; 105,45652173913044; 0,0693793
7548; 0,09375; 0,09375; 105,76086956521739; 0,06957954
7549; 0,09375; 0,09375; 106,65217391304348; 0,07016592
7550; 0,09375; 0,09375; 106,34782608695652; 0,0699657
7551; 0,09375; 0,09375; 105,5; 0,06940791
7552; 0,09375; 0,09375; 105,76086956521739; 0,06957954
7553; 0,09375; 0,09375; 107,08695652173913; 0,07045196
7554; 0,09375; 0,09375; 106,80434782608695; 0,07026602
7555; 0,09375; 0,09375; 105,8913043478261; 0,06966534
7556; 0,09375; 0,09375; 107,0; 0,07039475
7557; 0,09375; 0,09375; 105,67391304347827; 0,06952232
7558; 0,09375; 0,09375; 106,3695652173913; 0,06997999
7559; 0,09375; 0,09375; 106,69565217391305; 0,07019453
7560; 0,09375; 0,09375; 106,78260869565217; 0,070251726
7561; 0,09375; 0,09375; 106,67391304347827; 0,070180215
7562; 0,09375; 0,09375; 106,97826086956522; 0,07038045
7563; 0,09375; 0,09375; 106,34782608695652; 0,0699657
7564; 0,09375; 0,09375; 106,73913043478261; 0,070223115
7565; 0,09375; 0,09375; 107,26086956521739; 0,07056638
7566; 0,09375; 0,09375; 105,23913043478261; 0,069236286
7567; 0,09375; 0,09375; 106,82608695652173; 0,070280336
7568; 0,09375; 0,09375; 106,52173913043478; 0,0700801
7569; 0,09375; 0,09375; 105,91304347826087; 0,06967964
7570; 0,09375; 0,09375; 107,26086956521739; 0,07056637
7571; 0,09375; 0,09375; 106,84782608695652; 0,070294626
7572; 0,09375; 0,09375; 106,1304347826087; 0,06982266
7573; 0,09375; 0,09375; 106,45652173913044; 0,07003719
7574; 0,09375; 0,09375; 106,91304347826087; 0,07033754
7575; 0,09375; 0,09375; 106,41304347826087; 0,07000859
7576; 0,09375; 0,09375; 106,73913043478261; 0,07022313
7577; 0,09375; 0,09375; 106,91304347826087; 0,07033755
7578; 0,09375; 0,09375; 106,71739130434783; 0,07020881
7579; 0,09375; 0,09375; 107,52173913043478; 0,070738
7580; 0,09375; 0,09375; 106,43478260869566; 0,07002288
7581; 0,09375; 0,09375; 108,67391304347827; 0,07149602
7582; 0,09375; 0,09375; 105,65217391304348; 0,06950802
7583; 0,09375; 0,09375; 106,1086956521739; 0,069808364
7584; 0,09375; 0,09375; 106,3913043478261; 0,069994286
7585; 0,09375; 0,09375; 106,5; 0,070065804
7586; 0,09375; 0,09375; 106,23913043478261; 0,06989418
7587; 0,09375; 0,09375; 106,45652173913044; 0,07003719
7588; 0,09375; 0,09375; 105,45652173913044; 0,0693793
7589; 0,09375; 0,09375; 105,8695652173913; 0,06965104
7590; 0,09375; 0,09375; 106,15217391304348; 0,069836974
7591; 0,09375; 0,09375; 105,5; 0,06940792
7592; 0,09375; 0,09375; 105,8913043478261; 0,06966535
7593; 0,09375; 0,09375; 105,3695652173913; 0,06932209
7594; 0,09375; 0,09375; 106,65217391304348; 0,07016591
7595; 0,09375; 0,09375; 106,34782608695652; 0,0699657
7596; 0,09375; 0,09375; 106,41304347826087; 0,07000859
7597; 0,09375; 0,09375; 105,58695652173913; 0,069465116
7598; 0,09375; 0,09375; 106,32608695652173; 0,06995139
7599; 0,09375; 0,09375; 106,02173913043478; 0,06975116
7600; 0,09375; 0,09375; 106,21739130434783; 0,06987988
7601; 0,09375; 0,09375; 106,3695652173913; 0,06998
7602; 0,09375; 0,09375; 106,5; 0,0700658
7603; 0,09375; 0,09375; 106,30434782608695; 0,06993708
7604; 0,09375; 0,09375; 107,3913043478261; 0,070652194
7605; 0,09375; 0,09375; 106,97826086956522; 0,07038045
7606; 0,09375; 0,09375; 106,21739130434783; 0,06987988
7607; 0,09375; 0,09375; 106,97826086956522; 0,07038044
7608; 0,09375; 0,09375; 107,23913043478261; 0,07055207
7609; 0,09375; 0,09375; 105,8695652173913; 0,069651045
7610; 0,09375; 0,09375; 106,41304347826087; 0,07000859
7611; 0,09375; 0,09375; 106,78260869565217; 0,07025174
7612; 0,09375; 0,09375; 105,0; 0,06907897
7613; 0,09375; 0,09375; 106,1304347826087; 0,06982268
7614; 0,09375; 0,09375; 107,02173913043478; 0,07040905
7615; 0,09375; 0,09375; 106,69565217391305; 0,07019452
7616; 0,09375; 0,09375; 106,52173913043478; 0,0700801
7617; 0,09375; 0,09375; 105,76086956521739; 0,069579534
7618; 0,09375; 0,09375; 107,19565217391305; 0,07052347
7619; 0,09375; 0,09375; 106,52173913043478; 0,07008012
7620; 0,09375; 0,09375; 106,6086956521739; 0,070137314
7621; 0,09375; 0,09375; 106,45652173913044; 0,0700372
7622; 0,09375; 0,09375; 106,19565217391305; 0,06986558
7623; 0,09375; 0,09375; 106,06521739130434; 0,06977975
7624; 0,09375; 0,09375; 107,06521739130434; 0,07043766
7625; 0,09375; 0,09375; 105,73913043478261; 0,06956522
7626; 0,09375; 0,09375; 106,23913043478261; 0,06989419
7627; 0,09375; 0,09375; 106,82608695652173; 0,070280336
7628; 0,09375; 0,09375; 106,47826086956522; 0,070051506
7629; 0,09375; 0,09375; 106,56521739130434; 0,07010871
7630; 0,09375; 0,09375; 106,6304347826087; 0,07015163
7631; 0,09375; 0,09375; 105,71739130434783; 0,06955094
7632; 0,09375; 0,09375; 107,3695652173913; 0,07063788
7633; 0,09375; 0,09375; 106,45652173913044; 0,0700372
7634; 0,09375; 0,09375; 106,1304347826087; 0,06982267
7635; 0,09375; 0,09375; 106,19565217391305; 0,06986558
7636; 0,09375; 0,09375; 108,21739130434783; 0,07119566
7637; 0,09375; 0,09375; 107,45652173913044; 0,07069509
7638; 0,09375; 0,09375; 106,3913043478261; 0,069994286
7639; 0,09375; 0,09375; 105,91304347826087; 0,069679655
7640; 0,09375; 0,09375; 105,58695652173913; 0,069465116
7641; 0,09375; 0,09375; 106,28260869565217; 0,069922775
7642; 0,09375; 0,09375; 106,54347826086956; 0,07009441
7643; 0,09375; 0,09375; 106,3913043478261; 0,06999429
7644; 0,09375; 0,09375; 106,8695652173913; 0,07030894
7645; 0,09375; 0,09375; 105,43478260869566; 0,06936501
7646; 0,09375; 0,09375; 106,54347826086956; 0,070094414
7647; 0,09375; 0,09375; 105,58695652173913; 0,069465116
7648; 0,09375; 0,09375; 108,78260869565217; 0,07156751
7649; 0,09375; 0,09375; 105,52173913043478; 0,069422215
7650; 0,09375; 0,09375; 107,26086956521739; 0,07056637
7651; 0,09375; 0,09375; 106,67391304347827; 0,07018023
7652; 0,09375; 0,09375; 105,8913043478261; 0,06966534
7653; 0,09375; 0,09375; 106,32608695652173; 0,069951385
7654; 0,09375; 0,09375; 105,82608695652173; 0,069622435
7655; 0,09375; 0,09375; 106,32608695652173; 0,06995139
7656; 0,09375; 0,09375; 106,3913043478261; 0,069994286
7657; 0,09375; 0,09375; 106,0; 0,06973686
7658; 0,09375; 0,09375; 106,5; 0,07006581
7659; 0,09375; 0,09375; 106,34782608695652; 0,06996569
7660; 0,09375; 0,09375; 106,04347826086956; 0,069765456
7661; 0,09375; 0,09375; 107,47826086956522; 0,07070939
7662; 0,09375; 0,09375; 106,30434782608695; 0,06993709
7663; 0,09375; 0,09375; 105,91304347826087; 0,069679655
7664; 0,09375; 0,09375; 106,17391304347827; 0,06985127
7665; 0,09375; 0,09375; 106,1086956521739; 0,06980838
7666; 0,09375; 0,09375; 106,52173913043478; 0,0700801
7667; 0,09375; 0,09375; 106,3695652173913; 0,06997999
7668; 0,09375; 0,09375; 106,91304347826087; 0,07033754
7669; 0,09375; 0,09375; 105,97826086956522; 0,069722556
7670; 0,09375; 0,09375; 105,56521739130434; 0,06945082
7671; 0,09375; 0,09375; 106,56521739130434; 0,07010871
7672; 0,09375; 0,09375; 106,6086956521739; 0,07013731
7673; 0,09375; 0,09375; 106,65217391304348; 0,07016592
7674; 0,09375; 0,09375; 106,58695652173913; 0,07012302
7675; 0,09375; 0,09375; 107,76086956521739; 0,07089532
7676; 0,09375; 0,09375; 106,04347826086956; 0,06976545
7677; 0,09375; 0,09375; 105,54347826086956; 0,069436505
7678; 0,09375; 0,09375; 106,58695652173913; 0,07012302
7679; 0,09375; 0,09375; 106,45652173913044; 0,0700372
7680; 0,09375; 0,09375; 106,0; 0,06973686
7681; 0,09375; 0,09375; 106,58695652173913; 0,07012302
7682; 0,09375; 0,09375; 105,5; 0,06940792
7683; 0,09375; 0,09375; 106,52173913043478; 0,0700801
7684; 0,09375; 0,09375; 106,30434782608695; 0,069937095
7685; 0,09375; 0,09375; 106,28260869565217; 0,0699228
7686; 0,09375; 0,09375; 107,69565217391305; 0,07085241
7687; 0,09375; 0,09375; 106,34782608695652; 0,06996569
7688; 0,09375; 0,09375; 106,52173913043478; 0,0700801
7689; 0,09375; 0,09375; 106,26086956521739; 0,06990848
7690; 0,09375; 0,09375; 106,43478260869566; 0,070022896
7691; 0,09375; 0,09375; 106,67391304347827; 0,07018022
7692; 0,09375; 0,09375; 107,1086956521739; 0,070466265
7693; 0,09375; 0,09375; 106,91304347826087; 0,07033754
7694; 0,09375; 0,09375; 106,6086956521739; 0,070137314
7695; 0,09375; 0,09375; 105,52173913043478; 0,069422215
7696; 0,09375; 0,09375; 105,28260869565217; 0,06926489
7697; 0,09375; 0,09375; 105,26086956521739; 0,06925058
7698; 0,09375; 0,09375; 106,34782608695652; 0,0699657
7699; 0,09375; 0,09375; 104,93478260869566; 0,06903606
7700; 0,09375; 0,09375; 105,5; 0,06940791
7701; 0,09375; 0,09375; 106,41304347826087; 0,07000859
7702; 0,09375; 0,09375; 107,76086956521739; 0,07089532
7703; 0,09375; 0,09375; 105,32608695652173; 0,06929349
7704; 0,09375; 0,09375; 107,02173913043478; 0,07040905
7705; 0,09375; 0,09375; 106,93478260869566; 0,07035184
7706; 0,09375; 0,09375; 106,17391304347827; 0,06985129
7707; 0,09375; 0,09375; 106,76086956521739; 0,070237435
7708; 0,09375; 0,09375; 105,67391304347827; 0,06952233
7709; 0,09375; 0,09375; 106,15217391304348; 0,06983697
7710; 0,09375; 0,09375; 106,30434782608695; 0,06993709
7711; 0,09375; 0,09375; 106,56521739130434; 0,070108704
7712; 0,09375; 0,09375; 106,28260869565217; 0,06992278
7713; 0,09375; 0,09375; 107,41304347826087; 0,07066649
7714; 0,09375; 0,09375; 106,3695652173913; 0,06998
7715; 0,09375; 0,09375; 105,97826086956522; 0,06972255
7716; 0,09375; 0,09375; 106,17391304347827; 0,06985127
7717; 0,09375; 0,09375; 106,08695652173913; 0,069794066
7718; 0,09375; 0,09375; 106,56521739130434; 0,070108704
7719; 0,09375; 0,09375; 106,3913043478261; 0,06999429
7720; 0,09375; 0,09375; 107,23913043478261; 0,07055207
7721; 0,09375; 0,09375; 105,47826086956522; 0,06939361
7722; 0,09375; 0,09375; 105,8695652173913; 0,069651045
7723; 0,09375; 0,09375; 105,95652173913044; 0,06970825
7724; 0,09375; 0,09375; 106,69565217391305; 0,07019453
7725; 0,09375; 0,09375; 106,76086956521739; 0,070237435
7726; 0,09375; 0,09375; 106,65217391304348; 0,07016592
7727; 0,09375; 0,09375; 106,28260869565217; 0,06992279
7728; 0,09375; 0,09375; 106,56521739130434; 0,070108704
7729; 0,09375; 0,09375; 107,6086956521739; 0,07079521
7730; 0,09375; 0,09375; 107,1304347826087; 0,07048056
7731; 0,09375; 0,09375; 107,41304347826087; 0,07066649
7732; 0,09375; 0,09375; 106,56521739130434; 0,07010871
7733; 0,09375; 0,09375; 106,30434782608695; 0,06993708
7734; 0,09375; 0,09375; 106,41304347826087; 0,07000859
7735; 0,09375; 0,09375; 105,06521739130434; 0,069121875
7736; 0,09375; 0,09375; 106,26086956521739; 0,069908485
7737; 0,09375; 0,09375; 106,0; 0,06973686
7738; 0,09375; 0,09375; 106,8913043478261; 0,07032324
7739; 0,09375; 0,09375; 106,3913043478261; 0,069994286
7740; 0,09375; 0,09375; 106,02173913043478; 0,06975116
7741; 0,09375; 0,09375; 106,71739130434783; 0,07020884
7742; 0,09375; 0,09375; 106,28260869565217; 0,06992278
7743; 0,09375; 0,09375; 106,56521739130434; 0,070108704
7744; 0,09375; 0,09375; 106,5; 0,070065804
7745; 0,09375; 0,09375; 106,76086956521739; 0,07023743
7746; 0,09375; 0,09375; 106,04347826086956; 0,06976546
7747; 0,09375; 0,09375; 106,34782608695652; 0,0699657
7748; 0,09375; 0,09375; 105,28260869565217; 0,069264896
7749; 0,09375; 0,09375; 106,23913043478261; 0,06989417
7750; 0,09375; 0,09375; 107,02173913043478; 0,07040905
7751; 0,09375; 0,09375; 106,0; 0,06973685
7752; 0,09375; 0,09375; 106,3695652173913; 0,069979995
7753; 0,09375; 0,09375; 107,17391304347827; 0,07050917
7754; 0,09375; 0,09375; 106,15217391304348; 0,069836974
7755; 0,09375; 0,09375; 106,1086956521739; 0,069808364
7756; 0,09375; 0,09375; 106,6086956521739; 0,07013731
7757; 0,09375; 0,09375; 106,1086956521739; 0,06980837
7758; 0,09375; 0,09375; 106,17391304347827; 0,06985129
7759; 0,09375; 0,09375; 106,32608695652173; 0,06995139
7760; 0,09375; 0,09375; 107,19565217391305; 0,07052348
7761; 0,09375; 0,09375; 106,1304347826087; 0,06982267
7762; 0,09375; 0,09375; 106,45652173913044; 0,0700372
7763; 0,09375; 0,09375; 107,3913043478261; 0,070652194
7764; 0,09375; 0,09375; 106,78260869565217; 0,070251726
7765; 0,09375; 0,09375; 107,08695652173913; 0,07045196
7766; 0,09375; 0,09375; 105,21739130434783; 0,06922198
7767; 0,09375; 0,09375; 106,67391304347827; 0,07018022
7768; 0,09375; 0,09375; 106,06521739130434; 0,06977975
7769; 0,09375; 0,09375; 106,6304347826087; 0,07015161
7770; 0,09375; 0,09375; 106,58695652173913; 0,07012301
7771; 0,09375; 0,09375; 106,30434782608695; 0,06993709
7772; 0,09375; 0,09375; 106,28260869565217; 0,06992278
7773; 0,09375; 0,09375; 106,0; 0,06973686
7774; 0,09375; 0,09375; 106,04347826086956; 0,069765456
7775; 0,09375; 0,09375; 105,8695652173913; 0,06965104
7776; 0,09375; 0,09375; 106,54347826086956; 0,0700944
7777; 0,09375; 0,09375; 105,52173913043478; 0,0694222
7778; 0,09375; 0,09375; 107,58695652173913; 0,070780896
7779; 0,09375; 0,09375; 106,80434782608695; 0,07026603
7780; 0,09375; 0,09375; 107,26086956521739; 0,07056637
7781; 0,09375; 0,09375; 107,3913043478261; 0,07065219
7782; 0,09375; 0,09375; 106,23913043478261; 0,06989418
7783; 0,09375; 0,09375; 106,3913043478261; 0,0699943
7784; 0,09375; 0,09375; 106,08695652173913; 0,069794066
7785; 0,09375; 0,09375; 106,34782608695652; 0,06996568
7786; 0,09375; 0,09375; 106,1304347826087; 0,06982266
7787; 0,09375; 0,09375; 107,0; 0,07039475
7788; 0,09375; 0,09375; 106,23913043478261; 0,06989418
7789; 0,09375; 0,09375; 106,8695652173913; 0,07030893
7790; 0,09375; 0,09375; 106,04347826086956; 0,069765456
7791; 0,09375; 0,09375; 106,43478260869566; 0,070022896
7792; 0,09375; 0,09375; 106,43478260869566; 0,070022896
7793; 0,09375; 0,09375; 105,8695652173913; 0,069651045
7794; 0,09375; 0,09375; 105,73913043478261; 0,06956524
7795; 0,09375; 0,09375; 106,06521739130434; 0,06977976
7796; 0,09375; 0,09375; 106,45652173913044; 0,07003721
7797; 0,09375; 0,09375; 104,6304347826087; 0,068835825
7798; 0,09375; 0,09375; 106,91304347826087; 0,07033754
7799; 0,09375; 0,09375; 106,78260869565217; 0,070251726
7800; 0,09375; 0,09375; 105,93478260869566; 0,069693945
7801; 0,09375; 0,09375; 105,56521739130434; 0,06945082
7802; 0,09375; 0,09375; 107,1304347826087; 0,070480555
7803; 0,09375; 0,09375; 105,28260869565217; 0,06926488
7804; 0,09375; 0,09375; 106,1086956521739; 0,06980836
7805; 0,09375; 0,09375; 107,21739130434783; 0,070537776
7806; 0,09375; 0,09375; 105,91304347826087; 0,069679655
7807; 0,09375; 0,09375; 106,04347826086956; 0,06976546
7808; 0,09375; 0,09375; 106,06521739130434; 0,06977976
7809; 0,09375; 0,09375; 105,91304347826087; 0,06967965
7810; 0,09375; 0,09375; 106,58695652173913; 0,07012302
7811; 0,09375; 0,09375; 107,3695652173913; 0,07063789
7812; 0,09375; 0,09375; 107,69565217391305; 0,07085242
7813; 0,09375; 0,09375; 106,54347826086956; 0,0700944
7814; 0,09375; 0,09375; 106,28260869565217; 0,06992279
7815; 0,09375; 0,09375; 105,69565217391305; 0,06953664
7816; 0,09375; 0,09375; 105,52173913043478; 0,069422215
7817; 0,09375; 0,09375; 106,54347826086956; 0,07009441
7818; 0,09375; 0,09375; 108,52173913043478; 0,07139589
7819; 0,09375; 0,09375; 106,95652173913044; 0,07036614
7820; 0,09375; 0,09375; 106,56521739130434; 0,07010872
7821; 0,09375; 0,09375; 106,78260869565217; 0,07025173
7822; 0,09375; 0,09375; 106,91304347826087; 0,07033755
7823; 0,09375; 0,09375; 107,19565217391305; 0,07052347
7824; 0,09375; 0,09375; 106,54347826086956; 0,07009441
7825; 0,09375; 0,09375; 107,43478260869566; 0,0706808
7826; 0,09375; 0,09375; 105,78260869565217; 0,06959383
7827; 0,09375; 0,09375; 107,30434782608695; 0,07059499
7828; 0,09375; 0,09375; 106,82608695652173; 0,070280336
7829; 0,09375; 0,09375; 106,30434782608695; 0,06993709
7830; 0,09375; 0,09375; 107,06521739130434; 0,07043765
7831; 0,09375; 0,09375; 106,32608695652173; 0,06995138
7832; 0,09375; 0,09375; 107,41304347826087; 0,07066649
7833; 0,09375; 0,09375; 105,73913043478261; 0,06956523
7834; 0,09375; 0,09375; 106,65217391304348; 0,07016592
7835; 0,09375; 0,09375; 106,78260869565217; 0,070251726
7836; 0,09375; 0,09375; 106,28260869565217; 0,06992278
7837; 0,09375; 0,09375; 106,58695652173913; 0,07012302
7838; 0,09375; 0,09375; 105,6304347826087; 0,069493726
7839; 0,09375; 0,09375; 106,52173913043478; 0,0700801
7840; 0,09375; 0,09375; 105,8695652173913; 0,069651045
7841; 0,09375; 0,09375; 106,6304347826087; 0,07015162
7842; 0,09375; 0,09375; 106,54347826086956; 0,07009441
7843; 0,09375; 0,09375; 106,84782608695652; 0,07029464
7844; 0,09375; 0,09375; 106,67391304347827; 0,070180215
7845; 0,09375; 0,09375; 106,82608695652173; 0,070280336
7846; 0,09375; 0,09375; 106,3695652173913; 0,069979995
7847; 0,09375; 0,09375; 106,84782608695652; 0,070294626
7848; 0,09375; 0,09375; 105,91304347826087; 0,06967964
7849; 0,09375; 0,09375; 105,97826086956522; 0,069722556
7850; 0,09375; 0,09375; 106,76086956521739; 0,07023742
7851; 0,09375; 0,09375; 106,41304347826087; 0,07000859
7852; 0,09375; 0,09375; 108,15217391304348; 0,07115275
7853; 0,09375; 0,09375; 107,08695652173913; 0,07045196
7854; 0,09375; 0,09375; 106,28260869565217; 0,06992278
7855; 0,09375; 0,09375; 106,97826086956522; 0,07038044
7856; 0,09375; 0,09375; 106,45652173913044; 0,0700372
7857; 0,09375; 0,09375; 107,21739130434783; 0,07053778
7858; 0,09375; 0,09375; 104,6304347826087; 0,068835825
7859; 0,09375; 0,09375; 106,0; 0,069736846
7860; 0,09375; 0,09375; 106,65217391304348; 0,07016592
7861; 0,09375; 0,09375; 107,32608695652173; 0,07060928
7862; 0,09375; 0,09375; 105,71739130434783; 0,06955093
7863; 0,09375; 0,09375; 106,3913043478261; 0,06999428
7864; 0,09375; 0,09375; 105,8695652173913; 0,06965105
7865; 0,09375; 0,09375; 106,6304347826087; 0,07015161
7866; 0,09375; 0,09375; 106,43478260869566; 0,070022896
7867; 0,09375; 0,09375; 106,19565217391305; 0,06986558
7868; 0,09375; 0,09375; 106,82608695652173; 0,070280336
7869; 0,09375; 0,09375; 106,67391304347827; 0,07018022
7870; 0,09375; 0,09375; 106,1086956521739; 0,069808364
7871; 0,09375; 0,09375; 107,15217391304348; 0,07049487
7872; 0,09375; 0,09375; 106,43478260869566; 0,070022896
7873; 0,09375; 0,09375; 106,54347826086956; 0,07009441
7874; 0,09375; 0,09375; 106,3913043478261; 0,0699943
7875; 0,09375; 0,09375; 105,67391304347827; 0,06952232
7876; 0,09375; 0,09375; 106,73913043478261; 0,07022312
7877; 0,09375; 0,09375; 106,34782608695652; 0,0699657
7878; 0,09375; 0,09375; 106,45652173913044; 0,07003721
7879; 0,09375; 0,09375; 106,17391304347827; 0,06985127
7880; 0,09375; 0,09375; 106,47826086956522; 0,07005149
7881; 0,09375; 0,09375; 105,6304347826087; 0,06949372
7882; 0,09375; 0,09375; 107,71739130434783; 0,07086673
7883; 0,09375; 0,09375; 106,73913043478261; 0,07022312
7884; 0,09375; 0,09375; 105,19565217391305; 0,069207676
7885; 0,09375; 0,09375; 106,45652173913044; 0,0700372
7886; 0,09375; 0,09375; 106,02173913043478; 0,06975116
7887; 0,09375; 0,09375; 106,32608695652173; 0,06995139
7888; 0,09375; 0,09375; 106,30434782608695; 0,069937095
7889; 0,09375; 0,09375; 106,93478260869566; 0,07035185
7890; 0,09375; 0,09375; 106,08695652173913; 0,069794066
7891; 0,09375; 0,09375; 106,23913043478261; 0,06989418
7892; 0,09375; 0,09375; 107,1086956521739; 0,07046626
7893; 0,09375; 0,09375; 106,15217391304348; 0,069836974
7894; 0,09375; 0,09375; 104,91304347826087; 0,06902175
7895; 0,09375; 0,09375; 106,5; 0,0700658
7896; 0,09375; 0,09375; 106,41304347826087; 0,07000859
7897; 0,09375; 0,09375; 105,71739130434783; 0,069550924
7898; 0,09375; 0,09375; 106,5; 0,07006581
7899; 0,09375; 0,09375; 106,19565217391305; 0,06986558
7900; 0,09375; 0,09375; 105,95652173913044; 0,06970826
7901; 0,09375; 0,09375; 106,02173913043478; 0,069751166
7902; 0,09375; 0,09375; 107,15217391304348; 0,07049486
7903; 0,09375; 0,09375; 106,30434782608695; 0,06993709
7904; 0,09375; 0,09375; 107,43478260869566; 0,07068079
7905; 0,09375; 0,09375; 105,71739130434783; 0,06955093
7906; 0,09375; 0,09375; 107,23913043478261; 0,070552066
7907; 0,09375; 0,09375; 106,32608695652173; 0,06995139
7908; 0,09375; 0,09375; 106,3913043478261; 0,0699943
7909; 0,09375; 0,09375; 106,71739130434783; 0,070208825
7910; 0,09375; 0,09375; 107,04347826086956; 0,07042335
7911; 0,09375; 0,09375; 106,21739130434783; 0,06987988
7912; 0,09375; 0,09375; 106,1304347826087; 0,06982268
7913; 0,09375; 0,09375; 106,08695652173913; 0,06979406
7914; 0,09375; 0,09375; 106,08695652173913; 0,069794066
7915; 0,09375; 0,09375; 106,54347826086956; 0,070094414
7916; 0,09375; 0,09375; 106,69565217391305; 0,07019453
7917; 0,09375; 0,09375; 106,8913043478261; 0,07032324
7918; 0,09375; 0,09375; 106,26086956521739; 0,06990848
7919; 0,09375; 0,09375; 108,41304347826087; 0,07132439
7920; 0,09375; 0,09375; 107,08695652173913; 0,07045196
7921; 0,09375; 0,09375; 106,47826086956522; 0,0700515
7922; 0,09375; 0,09375; 107,04347826086956; 0,07042334
7923; 0,09375; 0,09375; 106,84782608695652; 0,07029463
7924; 0,09375; 0,09375; 106,1304347826087; 0,06982266
7925; 0,09375; 0,09375; 106,23913043478261; 0,06989417
7926; 0,09375; 0,09375; 107,65217391304348; 0,07082381
7927; 0,09375; 0,09375; 106,76086956521739; 0,07023743
7928; 0,09375; 0,09375; 106,08695652173913; 0,069794066
7929; 0,09375; 0,09375; 107,06521739130434; 0,070437655
7930; 0,09375; 0,09375; 105,15217391304348; 0,06917907
7931; 0,09375; 0,09375; 107,04347826086956; 0,07042336
7932; 0,09375; 0,09375; 106,41304347826087; 0,07000859
7933; 0,09375; 0,09375; 106,84782608695652; 0,07029463
7934; 0,09375; 0,09375; 108,3913043478261; 0,071310095
7935; 0,09375; 0,09375; 106,17391304347827; 0,06985128
7936; 0,09375; 0,09375; 106,3695652173913; 0,069979995
7937; 0,09375; 0,09375; 106,1086956521739; 0,06980836
7938; 0,09375; 0,09375; 106,19565217391305; 0,06986558
7939; 0,09375; 0,09375; 106,52173913043478; 0,0700801
7940; 0,09375; 0,09375; 105,65217391304348; 0,06950803
7941; 0,09375; 0,09375; 106,5; 0,0700658
7942; 0,09375; 0,09375; 106,1086956521739; 0,06980836
7943; 0,09375; 0,09375; 107,41304347826087; 0,07066649
7944; 0,09375; 0,09375; 106,67391304347827; 0,07018022
7945; 0,09375; 0,09375; 106,1086956521739; 0,069808364
7946; 0,09375; 0,09375; 107,08695652173913; 0,07045196
7947; 0,09375; 0,09375; 107,6304347826087; 0,070809506
7948; 0,09375; 0,09375; 106,54347826086956; 0,07009441
7949; 0,09375; 0,09375; 105,02173913043478; 0,06909325
7950; 0,09375; 0,09375; 107,3695652173913; 0,07063789
7951; 0,09375; 0,09375; 106,8913043478261; 0,070323244
7952; 0,09375; 0,09375; 106,34782608695652; 0,06996569
7953; 0,09375; 0,09375; 106,43478260869566; 0,070022896
7954; 0,09375; 0,09375; 105,80434782608695; 0,06960814
7955; 0,09375; 0,09375; 108,41304347826087; 0,071324386
7956; 0,09375; 0,09375; 105,91304347826087; 0,06967965
7957; 0,09375; 0,09375; 107,93478260869566; 0,07100973
7958; 0,09375; 0,09375; 106,26086956521739; 0,069908485
7959; 0,09375; 0,09375; 107,93478260869566; 0,07100973
7960; 0,09375; 0,09375; 106,76086956521739; 0,07023743
7961; 0,09375; 0,09375; 105,69565217391305; 0,06953663
7962; 0,09375; 0,09375; 106,56521739130434; 0,07010871
7963; 0,09375; 0,09375; 107,19565217391305; 0,07052347
7964; 0,09375; 0,09375; 106,6304347826087; 0,07015163
7965; 0,09375; 0,09375; 106,47826086956522; 0,070051506
7966; 0,09375; 0,09375; 105,5; 0,06940792
7967; 0,09375; 0,09375; 106,43478260869566; 0,070022896
7968; 0,09375; 0,09375; 105,69565217391305; 0,06953663
7969; 0,09375; 0,09375; 106,17391304347827; 0,06985127
7970; 0,09375; 0,09375; 107,5; 0,0707237
7971; 0,09375; 0,09375; 105,32608695652173; 0,069293484
7972; 0,09375; 0,09375; 105,5; 0,06940791
7973; 0,09375; 0,09375; 106,0; 0,06973686
7974; 0,09375; 0,09375; 106,28260869565217; 0,06992278
7975; 0,09375; 0,09375; 106,47826086956522; 0,07005149
7976; 0,09375; 0,09375; 105,69565217391305; 0,06953663
7977; 0,09375; 0,09375; 105,93478260869566; 0,069693945
7978; 0,09375; 0,09375; 106,84782608695652; 0,07029464
7979; 0,09375; 0,09375; 107,28260869565217; 0,070580676
7980; 0,09375; 0,09375; 106,15217391304348; 0,06983697
7981; 0,09375; 0,09375; 106,58695652173913; 0,07012302
7982; 0,09375; 0,09375; 106,45652173913044; 0,0700372
7983; 0,09375; 0,09375; 106,69565217391305; 0,07019453
7984; 0,09375; 0,09375; 106,6304347826087; 0,07015161
7985; 0,09375; 0,09375; 106,02173913043478; 0,06975116
7986; 0,09375; 0,09375; 106,23913043478261; 0,06989419
7987; 0,09375; 0,09375; 105,6304347826087; 0,069493726
7988; 0,09375; 0,09375; 106,17391304347827; 0,06985127
7989; 0,09375; 0,09375; 106,32608695652173; 0,069951385
7990; 0,09375; 0,09375; 106,04347826086956; 0,069765456
7991; 0,09375; 0,09375; 105,78260869565217; 0,06959385
7992; 0,09375; 0,09375; 106,1086956521739; 0,06980837
7993; 0,09375; 0,09375; 105,8913043478261; 0,06966536
7994; 0,09375; 0,09375; 107,0; 0,07039475
7995; 0,09375; 0,09375; 108,08695652173913; 0,07110985
7996; 0,09375; 0,09375; 106,8913043478261; 0,07032324
7997; 0,09375; 0,09375; 106,26086956521739; 0,06990848
7998; 0,09375; 0,09375; 106,93478260869566; 0,07035184
7999; 0,09375; 0,09375; 105,32608695652173; 0,06929348
8000; 0,09375; 0,09375; 106,28260869565217; 0,06992278
8001; 0,09375; 0,09375; 106,8913043478261; 0,07032324
8002; 0,09375; 0,09375; 106,45652173913044; 0,0700372
8003; 0,09375; 0,09375; 106,6304347826087; 0,07015163
8004; 0,09375; 0,09375; 107,19565217391305; 0,07052346
8005; 0,09375; 0,09375; 105,93478260869566; 0,06969395
8006; 0,09375; 0,09375; 105,73913043478261; 0,06956522
8007; 0,09375; 0,09375; 106,69565217391305; 0,07019452
8008; 0,09375; 0,09375; 105,02173913043478; 0,06909326
8009; 0,09375; 0,09375; 106,71739130434783; 0,07020883
8010; 0,09375; 0,09375; 105,84782608695652; 0,06963675
8011; 0,09375; 0,09375; 107,3913043478261; 0,07065219
8012; 0,09375; 0,09375; 107,91304347826087; 0,07099544
8013; 0,09375; 0,09375; 105,5; 0,0694079
8014; 0,09375; 0,09375; 106,93478260869566; 0,07035184
8015; 0,09375; 0,09375; 106,08695652173913; 0,06979405
8016; 0,09375; 0,09375; 106,67391304347827; 0,07018022
8017; 0,09375; 0,09375; 107,06521739130434; 0,07043765
8018; 0,09375; 0,09375; 106,58695652173913; 0,07012301
8019; 0,09375; 0,09375; 106,6086956521739; 0,070137314
8020; 0,09375; 0,09375; 106,32608695652173; 0,069951385
8021; 0,09375; 0,09375; 107,84782608695652; 0,07095253
8022; 0,09375; 0,09375; 106,6086956521739; 0,07013731
8023; 0,09375; 0,09375; 105,54347826086956; 0,06943651
8024; 0,09375; 0,09375; 106,30434782608695; 0,06993709
8025; 0,09375; 0,09375; 107,17391304347827; 0,070509166
8026; 0,09375; 0,09375; 106,23913043478261; 0,06989417
8027; 0,09375; 0,09375; 105,17391304347827; 0,06919338
8028; 0,09375; 0,09375; 106,67391304347827; 0,07018023
8029; 0,09375; 0,09375; 106,1086956521739; 0,069808364
8030; 0,09375; 0,09375; 107,3913043478261; 0,070652194
8031; 0,09375; 0,09375; 105,95652173913044; 0,06970825
8032; 0,09375; 0,09375; 106,32608695652173; 0,069951385
8033; 0,09375; 0,09375; 106,80434782608695; 0,07026602
8034; 0,09375; 0,09375; 106,32608695652173; 0,069951385
8035; 0,09375; 0,09375; 105,8695652173913; 0,06965104
8036; 0,09375; 0,09375; 106,47826086956522; 0,0700515
8037; 0,09375; 0,09375; 106,54347826086956; 0,07009441
8038; 0,09375; 0,09375; 106,58695652173913; 0,07012302
8039; 0,09375; 0,09375; 107,23913043478261; 0,070552066
8040; 0,09375; 0,09375; 106,08695652173913; 0,069794066
8041; 0,09375; 0,09375; 105,95652173913044; 0,069708236
8042; 0,09375; 0,09375; 105,52173913043478; 0,06942221
8043; 0,09375; 0,09375; 107,82608695652173; 0,07093822
8044; 0,09375; 0,09375; 106,23913043478261; 0,06989419
8045; 0,09375; 0,09375; 106,15217391304348; 0,06983696
8046; 0,09375; 0,09375; 106,43478260869566; 0,070022896
8047; 0,09375; 0,09375; 104,73913043478261; 0,06890734
8048; 0,09375; 0,09375; 106,54347826086956; 0,07009441
8049; 0,09375; 0,09375; 106,0; 0,069736846
8050; 0,09375; 0,09375; 106,43478260869566; 0,0700229
8051; 0,09375; 0,09375; 106,15217391304348; 0,06983698
8052; 0,09375; 0,09375; 106,97826086956522; 0,07038045
8053; 0,09375; 0,09375; 105,5; 0,06940792
8054; 0,09375; 0,09375; 106,34782608695652; 0,06996568
8055; 0,09375; 0,09375; 105,21739130434783; 0,06922198
8056; 0,09375; 0,09375; 105,32608695652173; 0,06929349
8057; 0,09375; 0,09375; 106,58695652173913; 0,07012301
8058; 0,09375; 0,09375; 106,1304347826087; 0,06982267
8059; 0,09375; 0,09375; 105,15217391304348; 0,06917907
8060; 0,09375; 0,09375; 106,71739130434783; 0,070208825
8061; 0,09375; 0,09375; 107,04347826086956; 0,07042335
8062; 0,09375; 0,09375; 105,8695652173913; 0,069651045
8063; 0,09375; 0,09375; 108,04347826086956; 0,07108124
8064; 0,09375; 0,09375; 106,47826086956522; 0,0700515
8065; 0,09375; 0,09375; 106,28260869565217; 0,06992278
8066; 0,09375; 0,09375; 106,19565217391305; 0,06986558
8067; 0,09375; 0,09375; 106,34782608695652; 0,0699657
8068; 0,09375; 0,09375; 106,56521739130434; 0,07010871
8069; 0,09375; 0,09375; 106,52173913043478; 0,07008012
8070; 0,09375; 0,09375; 106,41304347826087; 0,07000859
8071; 0,09375; 0,09375; 106,15217391304348; 0,06983697
8072; 0,09375; 0,09375; 107,30434782608695; 0,07059498
8073; 0,09375; 0,09375; 106,8695652173913; 0,070308946
8074; 0,09375; 0,09375; 106,41304347826087; 0,07000859
8075; 0,09375; 0,09375; 107,02173913043478; 0,07040905
8076; 0,09375; 0,09375; 104,73913043478261; 0,068907335
8077; 0,09375; 0,09375; 106,02173913043478; 0,06975115
8078; 0,09375; 0,09375; 106,76086956521739; 0,07023742
8079; 0,09375; 0,09375; 106,1304347826087; 0,06982267
8080; 0,09375; 0,09375; 107,97826086956522; 0,07103834
8081; 0,09375; 0,09375; 106,41304347826087; 0,07000859
8082; 0,09375; 0,09375; 107,41304347826087; 0,07066649
8083; 0,09375; 0,09375; 104,95652173913044; 0,069050364
8084; 0,09375; 0,09375; 106,54347826086956; 0,07009441
8085; 0,09375; 0,09375; 106,58695652173913; 0,07012302
8086; 0,09375; 0,09375; 106,21739130434783; 0,06987988
8087; 0,09375; 0,09375; 106,93478260869566; 0,07035185
8088; 0,09375; 0,09375; 106,34782608695652; 0,0699657
8089; 0,09375; 0,09375; 106,97826086956522; 0,07038044
8090; 0,09375; 0,09375; 106,23913043478261; 0,06989417
8091; 0,09375; 0,09375; 106,8695652173913; 0,07030893
8092; 0,09375; 0,09375; 106,56521739130434; 0,070108704
8093; 0,09375; 0,09375; 106,6304347826087; 0,07015163
8094; 0,09375; 0,09375; 105,82608695652173; 0,06962244
8095; 0,09375; 0,09375; 105,82608695652173; 0,06962244
8096; 0,09375; 0,09375; 106,0; 0,06973685
8097; 0,09375; 0,09375; 106,97826086956522; 0,07038044
8098; 0,09375; 0,09375; 106,67391304347827; 0,07018022
8099; 0,09375; 0,09375; 108,30434782608695; 0,071252875
8100; 0,09375; 0,09375; 106,1304347826087; 0,06982267
8101; 0,09375; 0,09375; 107,17391304347827; 0,07050917
8102; 0,09375; 0,09375; 106,34782608695652; 0,06996568
8103; 0,09375; 0,09375; 105,8695652173913; 0,06965104
8104; 0,09375; 0,09375; 108,41304347826087; 0,07132438
8105; 0,09375; 0,09375; 107,28260869565217; 0,070580676
8106; 0,09375; 0,09375; 106,30434782608695; 0,06993709
8107; 0,09375; 0,09375; 106,56521739130434; 0,070108704
8108; 0,09375; 0,09375; 106,08695652173913; 0,06979407
8109; 0,09375; 0,09375; 106,97826086956522; 0,07038046
8110; 0,09375; 0,09375; 106,3695652173913; 0,06997998
8111; 0,09375; 0,09375; 106,43478260869566; 0,070022896
8112; 0,09375; 0,09375; 106,73913043478261; 0,07022312
8113; 0,09375; 0,09375; 106,93478260869566; 0,07035185
8114; 0,09375; 0,09375; 106,8913043478261; 0,07032323
8115; 0,09375; 0,09375; 106,28260869565217; 0,06992279
8116; 0,09375; 0,09375; 106,43478260869566; 0,0700229
8117; 0,09375; 0,09375; 106,82608695652173; 0,070280336
8118; 0,09375; 0,09375; 107,08695652173913; 0,07045197
8119; 0,09375; 0,09375; 107,06521739130434; 0,070437655
8120; 0,09375; 0,09375; 105,80434782608695; 0,06960814
8121; 0,09375; 0,09375; 106,54347826086956; 0,070094414
8122; 0,09375; 0,09375; 105,6086956521739; 0,06947941
8123; 0,09375; 0,09375; 106,34782608695652; 0,0699657
8124; 0,09375; 0,09375; 106,5; 0,070065804
8125; 0,09375; 0,09375; 105,1086956521739; 0,06915047
8126; 0,09375; 0,09375; 106,34782608695652; 0,0699657
8127; 0,09375; 0,09375; 105,97826086956522; 0,06972256
8128; 0,09375; 0,09375; 106,76086956521739; 0,07023743
8129; 0,09375; 0,09375; 106,19565217391305; 0,06986558
8130; 0,09375; 0,09375; 106,1304347826087; 0,06982268
8131; 0,09375; 0,09375; 105,21739130434783; 0,06922198
8132; 0,09375; 0,09375; 105,52173913043478; 0,0694222
8133; 0,09375; 0,09375; 106,02173913043478; 0,06975116
8134; 0,09375; 0,09375; 106,34782608695652; 0,06996568
8135; 0,09375; 0,09375; 105,82608695652173; 0,06962245
8136; 0,09375; 0,09375; 106,26086956521739; 0,069908485
8137; 0,09375; 0,09375; 107,15217391304348; 0,07049487
8138; 0,09375; 0,09375; 108,78260869565217; 0,07156751
8139; 0,09375; 0,09375; 106,32608695652173; 0,06995139
8140; 0,09375; 0,09375; 105,67391304347827; 0,069522336
8141; 0,09375; 0,09375; 106,32608695652173; 0,069951385
8142; 0,09375; 0,09375; 106,32608695652173; 0,069951385
8143; 0,09375; 0,09375; 105,19565217391305; 0,06920768
8144; 0,09375; 0,09375; 107,15217391304348; 0,07049487
8145; 0,09375; 0,09375; 106,1086956521739; 0,06980837
8146; 0,09375; 0,09375; 107,04347826086956; 0,07042336
8147; 0,09375; 0,09375; 106,32608695652173; 0,06995138
8148; 0,09375; 0,09375; 107,1086956521739; 0,07046626
8149; 0,09375; 0,09375; 108,04347826086956; 0,07108126
8150; 0,09375; 0,09375; 105,93478260869566; 0,069693945
8151; 0,09375; 0,09375; 105,67391304347827; 0,06952232
8152; 0,09375; 0,09375; 106,80434782608695; 0,07026603
8153; 0,09375; 0,09375; 107,26086956521739; 0,07056637
8154; 0,09375; 0,09375; 106,65217391304348; 0,07016592
8155; 0,09375; 0,09375; 106,06521739130434; 0,06977976
8156; 0,09375; 0,09375; 106,19565217391305; 0,06986558
8157; 0,09375; 0,09375; 106,5; 0,0700658
8158; 0,09375; 0,09375; 106,45652173913044; 0,0700372
8159; 0,09375; 0,09375; 105,54347826086956; 0,06943653
8160; 0,09375; 0,09375; 105,97826086956522; 0,06972255
8161; 0,09375; 0,09375; 106,43478260869566; 0,07002289
8162; 0,09375; 0,09375; 106,67391304347827; 0,07018022
8163; 0,09375; 0,09375; 106,97826086956522; 0,07038045
8164; 0,09375; 0,09375; 106,23913043478261; 0,069894165
8165; 0,09375; 0,09375; 106,78260869565217; 0,07025174
8166; 0,09375; 0,09375; 105,67391304347827; 0,069522314
8167; 0,09375; 0,09375; 106,45652173913044; 0,0700372
8168; 0,09375; 0,09375; 106,95652173913044; 0,070366144
8169; 0,09375; 0,09375; 106,71739130434783; 0,07020883
8170; 0,09375; 0,09375; 106,65217391304348; 0,07016592
8171; 0,09375; 0,09375; 106,32608695652173; 0,06995139
8172; 0,09375; 0,09375; 107,30434782608695; 0,07059498
8173; 0,09375; 0,09375; 106,76086956521739; 0,07023743
8174; 0,09375; 0,09375; 106,97826086956522; 0,07038045
8175; 0,09375; 0,09375; 106,1304347826087; 0,06982267
8176; 0,09375; 0,09375; 106,54347826086956; 0,07009441
8177; 0,09375; 0,09375; 105,82608695652173; 0,06962244
8178; 0,09375; 0,09375; 106,04347826086956; 0,06976545
8179; 0,09375; 0,09375; 106,43478260869566; 0,07002289
8180; 0,09375; 0,09375; 107,02173913043478; 0,07040905
8181; 0,09375; 0,09375; 106,19565217391305; 0,06986558
8182; 0,09375; 0,09375; 106,65217391304348; 0,07016592
8183; 0,09375; 0,09375; 106,76086956521739; 0,07023742
8184; 0,09375; 0,09375; 107,43478260869566; 0,0706808
8185; 0,09375; 0,09375; 106,17391304347827; 0,06985127
8186; 0,09375; 0,09375; 105,93478260869566; 0,069693945
8187; 0,09375; 0,09375; 105,3913043478261; 0,06933639
8188; 0,09375; 0,09375; 106,23913043478261; 0,06989417
8189; 0,09375; 0,09375; 106,6086956521739; 0,07013732
8190; 0,09375; 0,09375; 106,0; 0,06973685
8191; 0,09375; 0,09375; 106,80434782608695; 0,070266046
8192; 0,09375; 0,09375; 109,6304347826087; 0,07212529
8193; 0,09375; 0,09375; 106,0; 0,06973685
8194; 0,09375; 0,09375; 108,3913043478261; 0,07131009
8195; 0,09375; 0,09375; 107,0; 0,07039475
8196; 0,09375; 0,09375; 105,58695652173913; 0,069465116
8197; 0,09375; 0,09375; 106,97826086956522; 0,07038044
8198; 0,09375; 0,09375; 106,1304347826087; 0,06982268
8199; 0,09375; 0,09375; 105,84782608695652; 0,06963674
8200; 0,09375; 0,09375; 107,32608695652173; 0,07060927
8201; 0,09375; 0,09375; 106,45652173913044; 0,07003719
8202; 0,09375; 0,09375; 106,26086956521739; 0,069908485
8203; 0,09375; 0,09375; 106,8695652173913; 0,07030894
8204; 0,09375; 0,09375; 105,82608695652173; 0,06962244
8205; 0,09375; 0,09375; 105,82608695652173; 0,06962244
8206; 0,09375; 0,09375; 106,97826086956522; 0,07038046
8207; 0,09375; 0,09375; 105,84782608695652; 0,06963675
8208; 0,09375; 0,09375; 106,71739130434783; 0,07020882
8209; 0,09375; 0,09375; 106,6304347826087; 0,07015162
8210; 0,09375; 0,09375; 106,34782608695652; 0,06996568
8211; 0,09375; 0,09375; 106,30434782608695; 0,069937095
8212; 0,09375; 0,09375; 105,93478260869566; 0,06969395
8213; 0,09375; 0,09375; 106,3913043478261; 0,06999431
8214; 0,09375; 0,09375; 105,1086956521739; 0,06915047
8215; 0,09375; 0,09375; 105,54347826086956; 0,06943651
8216; 0,09375; 0,09375; 106,3913043478261; 0,069994286
8217; 0,09375; 0,09375; 106,71739130434783; 0,07020883
8218; 0,09375; 0,09375; 105,73913043478261; 0,06956522
8219; 0,09375; 0,09375; 106,82608695652173; 0,070280336
8220; 0,09375; 0,09375; 106,43478260869566; 0,070022896
8221; 0,09375; 0,09375; 105,93478260869566; 0,06969395
8222; 0,09375; 0,09375; 106,41304347826087; 0,07000859
8223; 0,09375; 0,09375; 106,5; 0,0700658
8224; 0,09375; 0,09375; 106,26086956521739; 0,06990848
8225; 0,09375; 0,09375; 107,97826086956522; 0,07103834
8226; 0,09375; 0,09375; 106,84782608695652; 0,07029463
8227; 0,09375; 0,09375; 105,47826086956522; 0,069393605
8228; 0,09375; 0,09375; 106,71739130434783; 0,07020882
8229; 0,09375; 0,09375; 106,45652173913044; 0,0700372
8230; 0,09375; 0,09375; 106,5; 0,07006581
8231; 0,09375; 0,09375; 105,58695652173913; 0,06946512
8232; 0,09375; 0,09375; 105,97826086956522; 0,069722556
8233; 0,09375; 0,09375; 106,02173913043478; 0,069751166
8234; 0,09375; 0,09375; 106,80434782608695; 0,07026603
8235; 0,09375; 0,09375; 106,15217391304348; 0,06983697
8236; 0,09375; 0,09375; 107,3695652173913; 0,07063788
8237; 0,09375; 0,09375; 107,43478260869566; 0,0706808
8238; 0,09375; 0,09375; 106,23913043478261; 0,06989419
8239; 0,09375; 0,09375; 106,41304347826087; 0,07000859
8240; 0,09375; 0,09375; 106,3913043478261; 0,0699943
8241; 0,09375; 0,09375; 106,45652173913044; 0,070037186
8242; 0,09375; 0,09375; 106,34782608695652; 0,06996569
8243; 0,09375; 0,09375; 107,08695652173913; 0,07045195
8244; 0,09375; 0,09375; 106,93478260869566; 0,07035185
8245; 0,09375; 0,09375; 106,54347826086956; 0,07009441
8246; 0,09375; 0,09375; 106,3695652173913; 0,069979995
8247; 0,09375; 0,09375; 106,3913043478261; 0,0699943
8248; 0,09375; 0,09375; 106,93478260869566; 0,07035185
8249; 0,09375; 0,09375; 107,19565217391305; 0,07052348
8250; 0,09375; 0,09375; 106,91304347826087; 0,07033755
8251; 0,09375; 0,09375; 107,17391304347827; 0,070509166
8252; 0,09375; 0,09375; 105,67391304347827; 0,06952233
8253; 0,09375; 0,09375; 105,80434782608695; 0,069608144
8254; 0,09375; 0,09375; 107,1086956521739; 0,07046626
8255; 0,09375; 0,09375; 107,69565217391305; 0,07085242
8256; 0,09375; 0,09375; 106,65217391304348; 0,07016592
8257; 0,09375; 0,09375; 105,1304347826087; 0,06916477
8258; 0,09375; 0,09375; 106,06521739130434; 0,06977976
8259; 0,09375; 0,09375; 106,54347826086956; 0,07009441
8260; 0,09375; 0,09375; 105,73913043478261; 0,06956524
8261; 0,09375; 0,09375; 105,78260869565217; 0,06959384
8262; 0,09375; 0,09375; 105,34782608695652; 0,0693078
8263; 0,09375; 0,09375; 106,5; 0,07006581
8264; 0,09375; 0,09375; 106,80434782608695; 0,07026603
8265; 0,09375; 0,09375; 107,1304347826087; 0,07048056
8266; 0,09375; 0,09375; 107,76086956521739; 0,07089532
8267; 0,09375; 0,09375; 107,3695652173913; 0,07063789
8268; 0,09375; 0,09375; 106,82608695652173; 0,070280336
8269; 0,09375; 0,09375; 106,6304347826087; 0,07015162
8270; 0,09375; 0,09375; 107,06521739130434; 0,07043765
8271; 0,09375; 0,09375; 106,54347826086956; 0,070094414
8272; 0,09375; 0,09375; 105,8695652173913; 0,06965105
8273; 0,09375; 0,09375; 107,6086956521739; 0,07079521
8274; 0,09375; 0,09375; 106,58695652173913; 0,07012302
8275; 0,09375; 0,09375; 106,3913043478261; 0,069994286
8276; 0,09375; 0,09375; 105,76086956521739; 0,06957954
8277; 0,09375; 0,09375; 106,1086956521739; 0,06980837
8278; 0,09375; 0,09375; 105,58695652173913; 0,06946511
8279; 0,09375; 0,09375; 105,95652173913044; 0,06970825
8280; 0,09375; 0,09375; 106,3913043478261; 0,06999429
8281; 0,09375; 0,09375; 106,97826086956522; 0,07038045
8282; 0,09375; 0,09375; 105,65217391304348; 0,06950802
8283; 0,09375; 0,09375; 106,91304347826087; 0,07033754
8284; 0,09375; 0,09375; 105,91304347826087; 0,06967965
8285; 0,09375; 0,09375; 107,23913043478261; 0,070552066
8286; 0,09375; 0,09375; 106,32608695652173; 0,06995139
8287; 0,09375; 0,09375; 106,15217391304348; 0,069836974
8288; 0,09375; 0,09375; 106,17391304347827; 0,06985127
8289; 0,09375; 0,09375; 105,97826086956522; 0,069722556
8290; 0,09375; 0,09375; 105,91304347826087; 0,06967964
8291; 0,09375; 0,09375; 107,23913043478261; 0,07055207
8292; 0,09375; 0,09375; 107,15217391304348; 0,07049485
8293; 0,09375; 0,09375; 106,04347826086956; 0,069765456
8294; 0,09375; 0,09375; 105,84782608695652; 0,06963674
8295; 0,09375; 0,09375; 106,45652173913044; 0,0700372
8296; 0,09375; 0,09375; 108,45652173913044; 0,071352996
8297; 0,09375; 0,09375; 106,91304347826087; 0,07033754
8298; 0,09375; 0,09375; 105,28260869565217; 0,069264896
8299; 0,09375; 0,09375; 106,0; 0,06973685
8300; 0,09375; 0,09375; 106,76086956521739; 0,07023743
8301; 0,09375; 0,09375; 105,34782608695652; 0,06930779
8302; 0,09375; 0,09375; 106,8695652173913; 0,07030894
8303; 0,09375; 0,09375; 106,43478260869566; 0,070022896
8304; 0,09375; 0,09375; 106,80434782608695; 0,07026603
8305; 0,09375; 0,09375; 105,71739130434783; 0,06955093
8306; 0,09375; 0,09375; 106,6086956521739; 0,07013732
8307; 0,09375; 0,09375; 106,23913043478261; 0,06989418
8308; 0,09375; 0,09375; 106,56521739130434; 0,07010871
8309; 0,09375; 0,09375; 106,82608695652173; 0,07028032
8310; 0,09375; 0,09375; 106,65217391304348; 0,07016592
8311; 0,09375; 0,09375; 106,32608695652173; 0,06995139
8312; 0,09375; 0,09375; 107,34782608695652; 0,07062357
8313; 0,09375; 0,09375; 106,28260869565217; 0,06992278
8314; 0,09375; 0,09375; 106,45652173913044; 0,07003721
8315; 0,09375; 0,09375; 108,47826086956522; 0,07136728
8316; 0,09375; 0,09375; 106,73913043478261; 0,07022312
8317; 0,09375; 0,09375; 105,67391304347827; 0,06952232
8318; 0,09375; 0,09375; 105,80434782608695; 0,06960815
8319; 0,09375; 0,09375; 105,95652173913044; 0,06970826
8320; 0,09375; 0,09375; 106,47826086956522; 0,0700515
8321; 0,09375; 0,09375; 106,43478260869566; 0,070022896
8322; 0,09375; 0,09375; 106,15217391304348; 0,069836974
8323; 0,09375; 0,09375; 106,15217391304348; 0,06983697
8324; 0,09375; 0,09375; 106,6304347826087; 0,07015161
8325; 0,09375; 0,09375; 106,43478260869566; 0,070022896
8326; 0,09375; 0,09375; 107,15217391304348; 0,07049487
8327; 0,09375; 0,09375; 106,84782608695652; 0,07029463
8328; 0,09375; 0,09375; 106,56521739130434; 0,07010872
8329; 0,09375; 0,09375; 107,21739130434783; 0,070537776
8330; 0,09375; 0,09375; 106,41304347826087; 0,07000859
8331; 0,09375; 0,09375; 106,82608695652173; 0,070280336
8332; 0,09375; 0,09375; 105,43478260869566; 0,069365
8333; 0,09375; 0,09375; 106,26086956521739; 0,06990848
8334; 0,09375; 0,09375; 106,21739130434783; 0,069879875
8335; 0,09375; 0,09375; 106,08695652173913; 0,06979406
8336; 0,09375; 0,09375; 106,8913043478261; 0,07032325
8337; 0,09375; 0,09375; 107,08695652173913; 0,07045197
8338; 0,09375; 0,09375; 105,3913043478261; 0,0693364
8339; 0,09375; 0,09375; 106,76086956521739; 0,07023743
8340; 0,09375; 0,09375; 106,56521739130434; 0,070108704
8341; 0,09375; 0,09375; 105,93478260869566; 0,06969395
8342; 0,09375; 0,09375; 106,54347826086956; 0,07009441
8343; 0,09375; 0,09375; 106,58695652173913; 0,07012302
8344; 0,09375; 0,09375; 106,41304347826087; 0,07000859
8345; 0,09375; 0,09375; 106,56521739130434; 0,07010871
8346; 0,09375; 0,09375; 105,58695652173913; 0,069465116
8347; 0,09375; 0,09375; 106,82608695652173; 0,070280336
8348; 0,09375; 0,09375; 107,1304347826087; 0,07048056
8349; 0,09375; 0,09375; 105,58695652173913; 0,06946512
8350; 0,09375; 0,09375; 106,45652173913044; 0,07003719
8351; 0,09375; 0,09375; 107,82608695652173; 0,07093822
8352; 0,09375; 0,09375; 106,15217391304348; 0,06983697
8353; 0,09375; 0,09375; 105,8913043478261; 0,06966534
8354; 0,09375; 0,09375; 106,52173913043478; 0,0700801
8355; 0,09375; 0,09375; 106,71739130434783; 0,07020882
8356; 0,09375; 0,09375; 106,73913043478261; 0,070223115
8357; 0,09375; 0,09375; 106,23913043478261; 0,06989419
8358; 0,09375; 0,09375; 105,21739130434783; 0,06922198
8359; 0,09375; 0,09375; 107,1086956521739; 0,070466265
8360; 0,09375; 0,09375; 105,32608695652173; 0,06929349
8361; 0,09375; 0,09375; 105,84782608695652; 0,06963674
8362; 0,09375; 0,09375; 106,8695652173913; 0,07030893
8363; 0,09375; 0,09375; 106,47826086956522; 0,0700515
8364; 0,09375; 0,09375; 105,84782608695652; 0,06963675
8365; 0,09375; 0,09375; 106,54347826086956; 0,07009442
8366; 0,09375; 0,09375; 106,19565217391305; 0,06986557
8367; 0,09375; 0,09375; 106,73913043478261; 0,07022312
8368; 0,09375; 0,09375; 106,34782608695652; 0,06996569
8369; 0,09375; 0,09375; 106,84782608695652; 0,070294626
8370; 0,09375; 0,09375; 107,17391304347827; 0,070509166
8371; 0,09375; 0,09375; 105,3913043478261; 0,06933639
8372; 0,09375; 0,09375; 107,0; 0,07039475
8373; 0,09375; 0,09375; 107,30434782608695; 0,070594974
8374; 0,09375; 0,09375; 106,41304347826087; 0,07000859
8375; 0,09375; 0,09375; 106,54347826086956; 0,07009441
8376; 0,09375; 0,09375; 105,41304347826087; 0,0693507
8377; 0,09375; 0,09375; 107,06521739130434; 0,07043766
8378; 0,09375; 0,09375; 106,28260869565217; 0,06992278
8379; 0,09375; 0,09375; 105,47826086956522; 0,069393605
8380; 0,09375; 0,09375; 105,23913043478261; 0,06923628
8381; 0,09375; 0,09375; 106,45652173913044; 0,0700372
8382; 0,09375; 0,09375; 106,47826086956522; 0,07005149
8383; 0,09375; 0,09375; 106,73913043478261; 0,07022313
8384; 0,09375; 0,09375; 106,19565217391305; 0,06986558
8385; 0,09375; 0,09375; 105,69565217391305; 0,06953663
8386; 0,09375; 0,09375; 106,58695652173913; 0,07012302
8387; 0,09375; 0,09375; 106,1086956521739; 0,06980837
8388; 0,09375; 0,09375; 106,02173913043478; 0,06975115
8389; 0,09375; 0,09375; 105,84782608695652; 0,06963674
8390; 0,09375; 0,09375; 106,6086956521739; 0,070137314
8391; 0,09375; 0,09375; 104,73913043478261; 0,068907335
8392; 0,09375; 0,09375; 106,43478260869566; 0,070022896
8393; 0,09375; 0,09375; 105,3695652173913; 0,0693221
8394; 0,09375; 0,09375; 105,45652173913044; 0,06937931
8395; 0,09375; 0,09375; 107,30434782608695; 0,07059498
8396; 0,09375; 0,09375; 106,21739130434783; 0,06987988
8397; 0,09375; 0,09375; 106,91304347826087; 0,07033755
8398; 0,09375; 0,09375; 106,3695652173913; 0,06997998
8399; 0,09375; 0,09375; 106,84782608695652; 0,07029464
8400; 0,09375; 0,09375; 106,71739130434783; 0,07020882
8401; 0,09375; 0,09375; 105,41304347826087; 0,069350705
8402; 0,09375; 0,09375; 107,41304347826087; 0,07066649
8403; 0,09375; 0,09375; 106,43478260869566; 0,070022896
8404; 0,09375; 0,09375; 106,6086956521739; 0,07013732
8405; 0,09375; 0,09375; 106,32608695652173; 0,069951385
8406; 0,09375; 0,09375; 105,93478260869566; 0,069693945
8407; 0,09375; 0,09375; 105,28260869565217; 0,069264896
8408; 0,09375; 0,09375; 106,06521739130434; 0,06977976
8409; 0,09375; 0,09375; 106,80434782608695; 0,07026603
8410; 0,09375; 0,09375; 105,58695652173913; 0,069465116
8411; 0,09375; 0,09375; 106,73913043478261; 0,07022312
8412; 0,09375; 0,09375; 105,43478260869566; 0,06936501
8413; 0,09375; 0,09375; 106,76086956521739; 0,070237435
8414; 0,09375; 0,09375; 105,67391304347827; 0,06952233
8415; 0,09375; 0,09375; 107,0; 0,07039475
8416; 0,09375; 0,09375; 105,69565217391305; 0,06953662
8417; 0,09375; 0,09375; 106,45652173913044; 0,07003719
8418; 0,09375; 0,09375; 106,0; 0,06973686
8419; 0,09375; 0,09375; 106,45652173913044; 0,0700372
8420; 0,09375; 0,09375; 106,95652173913044; 0,07036615
8421; 0,09375; 0,09375; 106,5; 0,07006581
8422; 0,09375; 0,09375; 105,69565217391305; 0,06953663
8423; 0,09375; 0,09375; 107,84782608695652; 0,070952535
8424; 0,09375; 0,09375; 106,32608695652173; 0,06995139
8425; 0,09375; 0,09375; 106,54347826086956; 0,070094414
8426; 0,09375; 0,09375; 106,58695652173913; 0,070123024
8427; 0,09375; 0,09375; 106,06521739130434; 0,06977976
8428; 0,09375; 0,09375; 107,52173913043478; 0,070738
8429; 0,09375; 0,09375; 106,91304347826087; 0,07033754
8430; 0,09375; 0,09375; 105,34782608695652; 0,0693078
8431; 0,09375; 0,09375; 106,04347826086956; 0,06976547
8432; 0,09375; 0,09375; 106,71739130434783; 0,07020883
8433; 0,09375; 0,09375; 106,56521739130434; 0,07010871
8434; 0,09375; 0,09375; 106,52173913043478; 0,07008012
8435; 0,09375; 0,09375; 105,78260869565217; 0,06959383
8436; 0,09375; 0,09375; 107,3695652173913; 0,07063788
8437; 0,09375; 0,09375; 106,21739130434783; 0,06987987
8438; 0,09375; 0,09375; 105,67391304347827; 0,06952232
8439; 0,09375; 0,09375; 105,58695652173913; 0,06946511
8440; 0,09375; 0,09375; 106,65217391304348; 0,07016592
8441; 0,09375; 0,09375; 106,73913043478261; 0,07022312
8442; 0,09375; 0,09375; 105,93478260869566; 0,069693945
8443; 0,09375; 0,09375; 105,91304347826087; 0,069679655
8444; 0,09375; 0,09375; 105,65217391304348; 0,06950802
8445; 0,09375; 0,09375; 106,69565217391305; 0,07019453
8446; 0,09375; 0,09375; 106,76086956521739; 0,070237435
8447; 0,09375; 0,09375; 106,76086956521739; 0,07023743
8448; 0,09375; 0,09375; 106,34782608695652; 0,0699657
8449; 0,09375; 0,09375; 106,58695652173913; 0,070123
8450; 0,09375; 0,09375; 106,47826086956522; 0,0700515
8451; 0,09375; 0,09375; 105,58695652173913; 0,069465116
8452; 0,09375; 0,09375; 106,84782608695652; 0,07029464
8453; 0,09375; 0,09375; 104,56521739130434; 0,068792924
8454; 0,09375; 0,09375; 105,54347826086956; 0,06943652
8455; 0,09375; 0,09375; 106,95652173913044; 0,070366144
8456; 0,09375; 0,09375; 107,6086956521739; 0,07079521
8457; 0,09375; 0,09375; 105,30434782608695; 0,069279194
8458; 0,09375; 0,09375; 106,3913043478261; 0,0699943
8459; 0,09375; 0,09375; 106,58695652173913; 0,07012302
8460; 0,09375; 0,09375; 105,54347826086956; 0,06943653
8461; 0,09375; 0,09375; 106,3913043478261; 0,06999429
8462; 0,09375; 0,09375; 107,02173913043478; 0,07040905
8463; 0,09375; 0,09375; 106,0; 0,069736846
8464; 0,09375; 0,09375; 106,06521739130434; 0,06977976
8465; 0,09375; 0,09375; 106,17391304347827; 0,06985127
8466; 0,09375; 0,09375; 106,3695652173913; 0,069979995
8467; 0,09375; 0,09375; 107,26086956521739; 0,07056636
8468; 0,09375; 0,09375; 106,93478260869566; 0,07035185
8469; 0,09375; 0,09375; 106,93478260869566; 0,07035184
8470; 0,09375; 0,09375; 106,3913043478261; 0,06999429
8471; 0,09375; 0,09375; 106,56521739130434; 0,07010871
8472; 0,09375; 0,09375; 107,65217391304348; 0,07082381
8473; 0,09375; 0,09375; 106,3695652173913; 0,069979995
8474; 0,09375; 0,09375; 106,58695652173913; 0,07012301
8475; 0,09375; 0,09375; 107,21739130434783; 0,070537776
8476; 0,09375; 0,09375; 107,06521739130434; 0,07043766
8477; 0,09375; 0,09375; 106,45652173913044; 0,0700372
8478; 0,09375; 0,09375; 106,73913043478261; 0,07022313
8479; 0,09375; 0,09375; 107,1304347826087; 0,07048056
8480; 0,09375; 0,09375; 106,76086956521739; 0,07023742
8481; 0,09375; 0,09375; 105,97826086956522; 0,069722556
8482; 0,09375; 0,09375; 106,0; 0,06973686
8483; 0,09375; 0,09375; 106,5; 0,0700658
8484; 0,09375; 0,09375; 107,6086956521739; 0,0707952
8485; 0,09375; 0,09375; 105,71739130434783; 0,069550924
8486; 0,09375; 0,09375; 104,69565217391305; 0,06887873
8487; 0,09375; 0,09375; 105,8913043478261; 0,06966534
8488; 0,09375; 0,09375; 106,73913043478261; 0,07022314
8489; 0,09375; 0,09375; 105,0; 0,06907895
8490; 0,09375; 0,09375; 107,08695652173913; 0,07045196
8491; 0,09375; 0,09375; 106,6304347826087; 0,07015162
8492; 0,09375; 0,09375; 105,67391304347827; 0,06952232
8493; 0,09375; 0,09375; 105,1086956521739; 0,06915047
8494; 0,09375; 0,09375; 107,02173913043478; 0,07040905
8495; 0,09375; 0,09375; 105,8913043478261; 0,06966536
8496; 0,09375; 0,09375; 106,1086956521739; 0,069808364
8497; 0,09375; 0,09375; 106,8695652173913; 0,07030894
8498; 0,09375; 0,09375; 105,41304347826087; 0,06935069
8499; 0,09375; 0,09375; 107,58695652173913; 0,0707809
8500; 0,09375; 0,09375; 107,21739130434783; 0,07053777
8501; 0,09375; 0,09375; 105,58695652173913; 0,069465116
8502; 0,09375; 0,09375; 106,97826086956522; 0,07038044
8503; 0,09375; 0,09375; 106,6086956521739; 0,07013731
8504; 0,09375; 0,09375; 107,08695652173913; 0,07045196
8505; 0,09375; 0,09375; 105,71739130434783; 0,06955093
8506; 0,09375; 0,09375; 107,56521739130434; 0,070766605
8507; 0,09375; 0,09375; 106,3913043478261; 0,069994286
8508; 0,09375; 0,09375; 107,0; 0,07039475
8509; 0,09375; 0,09375; 106,1304347826087; 0,06982268
8510; 0,09375; 0,09375; 106,15217391304348; 0,06983697
8511; 0,09375; 0,09375; 107,19565217391305; 0,07052347
8512; 0,09375; 0,09375; 105,8913043478261; 0,06966534
8513; 0,09375; 0,09375; 105,6304347826087; 0,069493726
8514; 0,09375; 0,09375; 107,47826086956522; 0,07070939
8515; 0,09375; 0,09375; 106,78260869565217; 0,07025173
8516; 0,09375; 0,09375; 106,95652173913044; 0,07036614
8517; 0,09375; 0,09375; 106,15217391304348; 0,06983697
8518; 0,09375; 0,09375; 106,84782608695652; 0,07029464
8519; 0,09375; 0,09375; 106,06521739130434; 0,06977976
8520; 0,09375; 0,09375; 106,21739130434783; 0,06987988
8521; 0,09375; 0,09375; 105,91304347826087; 0,069679655
8522; 0,09375; 0,09375; 107,5; 0,0707237
8523; 0,09375; 0,09375; 107,3695652173913; 0,07063788
8524; 0,09375; 0,09375; 106,97826086956522; 0,07038045
8525; 0,09375; 0,09375; 106,32608695652173; 0,06995138
8526; 0,09375; 0,09375; 106,32608695652173; 0,069951385
8527; 0,09375; 0,09375; 105,91304347826087; 0,069679655
8528; 0,09375; 0,09375; 105,97826086956522; 0,069722556
8529; 0,09375; 0,09375; 106,73913043478261; 0,07022314
8530; 0,09375; 0,09375; 105,65217391304348; 0,06950803
8531; 0,09375; 0,09375; 106,04347826086956; 0,06976547
8532; 0,09375; 0,09375; 106,15217391304348; 0,069836974
8533; 0,09375; 0,09375; 105,21739130434783; 0,06922199
8534; 0,09375; 0,09375; 106,32608695652173; 0,069951385
8535; 0,09375; 0,09375; 105,71739130434783; 0,069550924
8536; 0,09375; 0,09375; 107,54347826086956; 0,0707523
8537; 0,09375; 0,09375; 107,32608695652173; 0,07060929
8538; 0,09375; 0,09375; 106,06521739130434; 0,06977976
8539; 0,09375; 0,09375; 107,23913043478261; 0,070552066
8540; 0,09375; 0,09375; 106,5; 0,070065804
8541; 0,09375; 0,09375; 105,67391304347827; 0,06952232
8542; 0,09375; 0,09375; 106,95652173913044; 0,07036615
8543; 0,09375; 0,09375; 107,8695652173913; 0,07096683
8544; 0,09375; 0,09375; 106,23913043478261; 0,06989418
8545; 0,09375; 0,09375; 107,06521739130434; 0,070437655
8546; 0,09375; 0,09375; 105,84782608695652; 0,06963675
8547; 0,09375; 0,09375; 106,45652173913044; 0,0700372
8548; 0,09375; 0,09375; 106,08695652173913; 0,069794066
8549; 0,09375; 0,09375; 106,41304347826087; 0,0700086
8550; 0,09375; 0,09375; 105,80434782608695; 0,069608144
8551; 0,09375; 0,09375; 106,6086956521739; 0,070137314
8552; 0,09375; 0,09375; 106,8695652173913; 0,07030894
8553; 0,09375; 0,09375; 105,97826086956522; 0,06972254
8554; 0,09375; 0,09375; 105,84782608695652; 0,06963675
8555; 0,09375; 0,09375; 106,1086956521739; 0,06980837
8556; 0,09375; 0,09375; 106,3913043478261; 0,069994286
8557; 0,09375; 0,09375; 106,71739130434783; 0,070208825
8558; 0,09375; 0,09375; 107,95652173913044; 0,071024045
8559; 0,09375; 0,09375; 106,5; 0,07006581
8560; 0,09375; 0,09375; 105,91304347826087; 0,06967965
8561; 0,09375; 0,09375; 105,67391304347827; 0,06952232
8562; 0,09375; 0,09375; 107,34782608695652; 0,070623584
8563; 0,09375; 0,09375; 106,67391304347827; 0,070180215
8564; 0,09375; 0,09375; 105,95652173913044; 0,06970825
8565; 0,09375; 0,09375; 104,93478260869566; 0,06903605
8566; 0,09375; 0,09375; 106,41304347826087; 0,07000858
8567; 0,09375; 0,09375; 106,23913043478261; 0,06989418
8568; 0,09375; 0,09375; 108,1304347826087; 0,071138464
8569; 0,09375; 0,09375; 106,80434782608695; 0,07026603
8570; 0,09375; 0,09375; 105,1304347826087; 0,069164775
8571; 0,09375; 0,09375; 106,23913043478261; 0,06989418
8572; 0,09375; 0,09375; 105,69565217391305; 0,06953663
8573; 0,09375; 0,09375; 106,65217391304348; 0,0701659
8574; 0,09375; 0,09375; 106,32608695652173; 0,069951385
8575; 0,09375; 0,09375; 106,78260869565217; 0,070251726
8576; 0,09375; 0,09375; 106,65217391304348; 0,07016593
8577; 0,09375; 0,09375; 106,06521739130434; 0,06977976
8578; 0,09375; 0,09375; 106,69565217391305; 0,07019453
8579; 0,09375; 0,09375; 105,65217391304348; 0,069508016
8580; 0,09375; 0,09375; 106,5; 0,070065804
8581; 0,09375; 0,09375; 106,23913043478261; 0,06989417
8582; 0,09375; 0,09375; 106,23913043478261; 0,06989419
8583; 0,09375; 0,09375; 107,06521739130434; 0,07043766
8584; 0,09375; 0,09375; 105,73913043478261; 0,06956524
8585; 0,09375; 0,09375; 106,69565217391305; 0,07019452
8586; 0,09375; 0,09375; 105,8913043478261; 0,06966535
8587; 0,09375; 0,09375; 106,95652173913044; 0,070366144
8588; 0,09375; 0,09375; 105,3695652173913; 0,06932209
8589; 0,09375; 0,09375; 107,19565217391305; 0,07052348
8590; 0,09375; 0,09375; 106,97826086956522; 0,07038046
8591; 0,09375; 0,09375; 106,8695652173913; 0,07030894
8592; 0,09375; 0,09375; 106,65217391304348; 0,07016592
8593; 0,09375; 0,09375; 105,71739130434783; 0,06955093
8594; 0,09375; 0,09375; 106,82608695652173; 0,070280336
8595; 0,09375; 0,09375; 105,17391304347827; 0,06919337
8596; 0,09375; 0,09375; 106,1086956521739; 0,06980838
8597; 0,09375; 0,09375; 105,91304347826087; 0,06967965
8598; 0,09375; 0,09375; 106,1304347826087; 0,06982268
8599; 0,09375; 0,09375; 106,97826086956522; 0,07038045
8600; 0,09375; 0,09375; 106,19565217391305; 0,06986558
8601; 0,09375; 0,09375; 107,21739130434783; 0,070537776
8602; 0,09375; 0,09375; 107,19565217391305; 0,07052348
8603; 0,09375; 0,09375; 105,78260869565217; 0,06959383
8604; 0,09375; 0,09375; 106,71739130434783; 0,07020882
8605; 0,09375; 0,09375; 105,80434782608695; 0,06960814
8606; 0,09375; 0,09375; 106,3913043478261; 0,06999429
8607; 0,09375; 0,09375; 106,67391304347827; 0,07018022
8608; 0,09375; 0,09375; 106,47826086956522; 0,070051506
8609; 0,09375; 0,09375; 106,56521739130434; 0,07010871
8610; 0,09375; 0,09375; 106,58695652173913; 0,07012302
8611; 0,09375; 0,09375; 105,3913043478261; 0,06933639
8612; 0,09375; 0,09375; 106,1304347826087; 0,06982267
8613; 0,09375; 0,09375; 106,0; 0,06973685
8614; 0,09375; 0,09375; 107,32608695652173; 0,07060928
8615; 0,09375; 0,09375; 106,3913043478261; 0,069994286
8616; 0,09375; 0,09375; 106,47826086956522; 0,070051506
8617; 0,09375; 0,09375; 106,28260869565217; 0,06992278
8618; 0,09375; 0,09375; 106,26086956521739; 0,069908485
8619; 0,09375; 0,09375; 106,15217391304348; 0,06983697
8620; 0,09375; 0,09375; 106,6304347826087; 0,07015161
8621; 0,09375; 0,09375; 107,17391304347827; 0,07050918
8622; 0,09375; 0,09375; 106,17391304347827; 0,06985127
8623; 0,09375; 0,09375; 106,65217391304348; 0,07016592
8624; 0,09375; 0,09375; 107,73913043478261; 0,070881024
8625; 0,09375; 0,09375; 106,58695652173913; 0,070123
8626; 0,09375; 0,09375; 106,1086956521739; 0,06980837
8627; 0,09375; 0,09375; 106,21739130434783; 0,069879875
8628; 0,09375; 0,09375; 106,28260869565217; 0,06992279
8629; 0,09375; 0,09375; 105,8913043478261; 0,06966536
8630; 0,09375; 0,09375; 107,78260869565217; 0,07090962
8631; 0,09375; 0,09375; 106,54347826086956; 0,07009441
8632; 0,09375; 0,09375; 106,84782608695652; 0,07029463
8633; 0,09375; 0,09375; 106,30434782608695; 0,06993709
8634; 0,09375; 0,09375; 106,67391304347827; 0,07018022
8635; 0,09375; 0,09375; 105,3695652173913; 0,0693221
8636; 0,09375; 0,09375; 106,17391304347827; 0,06985127
8637; 0,09375; 0,09375; 106,91304347826087; 0,07033755
8638; 0,09375; 0,09375; 106,28260869565217; 0,06992278
8639; 0,09375; 0,09375; 106,1304347826087; 0,06982266
8640; 0,09375; 0,09375; 106,71739130434783; 0,070208825
8641; 0,09375; 0,09375; 106,5; 0,0700658
8642; 0,09375; 0,09375; 105,76086956521739; 0,06957953
8643; 0,09375; 0,09375; 106,3695652173913; 0,069979995
8644; 0,09375; 0,09375; 105,71739130434783; 0,06955093
8645; 0,09375; 0,09375; 105,65217391304348; 0,06950803
8646; 0,09375; 0,09375; 106,8695652173913; 0,07030894
8647; 0,09375; 0,09375; 105,8695652173913; 0,069651045
8648; 0,09375; 0,09375; 106,17391304347827; 0,06985127
8649; 0,09375; 0,09375; 106,06521739130434; 0,06977976
8650; 0,09375; 0,09375; 105,69565217391305; 0,069536634
8651; 0,09375; 0,09375; 106,80434782608695; 0,07026602
8652; 0,09375; 0,09375; 105,04347826086956; 0,06910757
8653; 0,09375; 0,09375; 104,58695652173913; 0,06880723
8654; 0,09375; 0,09375; 106,91304347826087; 0,07033754
8655; 0,09375; 0,09375; 106,91304347826087; 0,07033754
8656; 0,09375; 0,09375; 105,47826086956522; 0,069393605
8657; 0,09375; 0,09375; 106,1086956521739; 0,069808364
8658; 0,09375; 0,09375; 106,26086956521739; 0,069908485
8659; 0,09375; 0,09375; 107,41304347826087; 0,07066649
8660; 0,09375; 0,09375; 105,78260869565217; 0,06959383
8661; 0,09375; 0,09375; 107,19565217391305; 0,07052348
8662; 0,09375; 0,09375; 106,78260869565217; 0,070251726
8663; 0,09375; 0,09375; 106,30434782608695; 0,06993709
8664; 0,09375; 0,09375; 107,21739130434783; 0,07053777
8665; 0,09375; 0,09375; 107,1304347826087; 0,07048056
8666; 0,09375; 0,09375; 107,52173913043478; 0,070738
8667; 0,09375; 0,09375; 106,93478260869566; 0,07035184
8668; 0,09375; 0,09375; 106,21739130434783; 0,06987988
8669; 0,09375; 0,09375; 107,1086956521739; 0,07046626
8670; 0,09375; 0,09375; 106,43478260869566; 0,070022896
8671; 0,09375; 0,09375; 106,82608695652173; 0,07028033
8672; 0,09375; 0,09375; 106,56521739130434; 0,070108704
8673; 0,09375; 0,09375; 106,6304347826087; 0,07015163
8674; 0,09375; 0,09375; 104,91304347826087; 0,069021754
8675; 0,09375; 0,09375; 106,0; 0,06973685
8676; 0,09375; 0,09375; 106,02173913043478; 0,06975116
8677; 0,09375; 0,09375; 106,8695652173913; 0,07030893
8678; 0,09375; 0,09375; 106,67391304347827; 0,07018022
8679; 0,09375; 0,09375; 105,84782608695652; 0,06963675
8680; 0,09375; 0,09375; 105,45652173913044; 0,06937931
8681; 0,09375; 0,09375; 107,58695652173913; 0,07078091
8682; 0,09375; 0,09375; 106,32608695652173; 0,06995139
8683; 0,09375; 0,09375; 106,97826086956522; 0,07038045
8684; 0,09375; 0,09375; 106,56521739130434; 0,07010871
8685; 0,09375; 0,09375; 106,6304347826087; 0,07015163
8686; 0,09375; 0,09375; 106,06521739130434; 0,06977976
8687; 0,09375; 0,09375; 106,82608695652173; 0,07028032
8688; 0,09375; 0,09375; 106,56521739130434; 0,07010872
8689; 0,09375; 0,09375; 105,84782608695652; 0,06963675
8690; 0,09375; 0,09375; 105,26086956521739; 0,06925058
8691; 0,09375; 0,09375; 106,45652173913044; 0,0700372
8692; 0,09375; 0,09375; 106,6304347826087; 0,07015162
8693; 0,09375; 0,09375; 105,67391304347827; 0,06952232
8694; 0,09375; 0,09375; 107,23913043478261; 0,07055208
8695; 0,09375; 0,09375; 106,41304347826087; 0,07000859
8696; 0,09375; 0,09375; 104,6086956521739; 0,06882153
8697; 0,09375; 0,09375; 106,1086956521739; 0,06980837
8698; 0,09375; 0,09375; 107,15217391304348; 0,07049487
8699; 0,09375; 0,09375; 107,52173913043478; 0,070738
8700; 0,09375; 0,09375; 107,71739130434783; 0,07086672
8701; 0,09375; 0,09375; 106,54347826086956; 0,07009442
8702; 0,09375; 0,09375; 105,80434782608695; 0,06960814
8703; 0,09375; 0,09375; 107,19565217391305; 0,07052347
8704; 0,09375; 0,09375; 106,1086956521739; 0,06980837
8705; 0,09375; 0,09375; 107,23913043478261; 0,07055208
8706; 0,09375; 0,09375; 106,43478260869566; 0,0700229
8707; 0,09375; 0,09375; 106,08695652173913; 0,069794066
8708; 0,09375; 0,09375; 105,76086956521739; 0,06957954
8709; 0,09375; 0,09375; 105,93478260869566; 0,069693945
8710; 0,09375; 0,09375; 105,67391304347827; 0,06952233
8711; 0,09375; 0,09375; 107,02173913043478; 0,07040905
8712; 0,09375; 0,09375; 106,1086956521739; 0,06980837
8713; 0,09375; 0,09375; 106,19565217391305; 0,06986557
8714; 0,09375; 0,09375; 107,56521739130434; 0,070766605
8715; 0,09375; 0,09375; 106,0; 0,06973685
8716; 0,09375; 0,09375; 105,84782608695652; 0,06963674
8717; 0,09375; 0,09375; 106,17391304347827; 0,06985127
8718; 0,09375; 0,09375; 105,54347826086956; 0,069436505
8719; 0,09375; 0,09375; 107,28260869565217; 0,070580676
8720; 0,09375; 0,09375; 107,21739130434783; 0,07053778
8721; 0,09375; 0,09375; 106,0; 0,06973685
8722; 0,09375; 0,09375; 106,56521739130434; 0,07010871
8723; 0,09375; 0,09375; 106,45652173913044; 0,0700372
8724; 0,09375; 0,09375; 106,78260869565217; 0,070251726
8725; 0,09375; 0,09375; 105,69565217391305; 0,06953662
8726; 0,09375; 0,09375; 106,56521739130434; 0,07010871
8727; 0,09375; 0,09375; 107,34782608695652; 0,07062358
8728; 0,09375; 0,09375; 107,5; 0,070723705
8729; 0,09375; 0,09375; 106,15217391304348; 0,06983697
8730; 0,09375; 0,09375; 106,93478260869566; 0,07035184
8731; 0,09375; 0,09375; 106,21739130434783; 0,06987988
8732; 0,09375; 0,09375; 106,26086956521739; 0,06990848
8733; 0,09375; 0,09375; 107,1304347826087; 0,07048056
8734; 0,09375; 0,09375; 107,1304347826087; 0,07048057
8735; 0,09375; 0,09375; 106,58695652173913; 0,07012301
8736; 0,09375; 0,09375; 106,78260869565217; 0,070251726
8737; 0,09375; 0,09375; 106,34782608695652; 0,0699657
8738; 0,09375; 0,09375; 106,43478260869566; 0,070022896
8739; 0,09375; 0,09375; 105,93478260869566; 0,06969394
8740; 0,09375; 0,09375; 105,8695652173913; 0,069651045
8741; 0,09375; 0,09375; 106,67391304347827; 0,07018022
8742; 0,09375; 0,09375; 106,52173913043478; 0,0700801
8743; 0,09375; 0,09375; 106,41304347826087; 0,07000859
8744; 0,09375; 0,09375; 106,19565217391305; 0,069865584
8745; 0,09375; 0,09375; 106,3913043478261; 0,06999429
8746; 0,09375; 0,09375; 106,95652173913044; 0,070366144
8747; 0,09375; 0,09375; 105,45652173913044; 0,06937931
8748; 0,09375; 0,09375; 104,47826086956522; 0,06873572
8749; 0,09375; 0,09375; 106,5; 0,0700658
8750; 0,09375; 0,09375; 106,56521739130434; 0,07010872
8751; 0,09375; 0,09375; 106,28260869565217; 0,069922775
8752; 0,09375; 0,09375; 106,8913043478261; 0,07032324
8753; 0,09375; 0,09375; 106,80434782608695; 0,07026603
8754; 0,09375; 0,09375; 107,1304347826087; 0,07048056
8755; 0,09375; 0,09375; 106,34782608695652; 0,06996569
8756; 0,09375; 0,09375; 107,0; 0,07039475
8757; 0,09375; 0,09375; 106,06521739130434; 0,06977976
8758; 0,09375; 0,09375; 107,41304347826087; 0,07066649
8759; 0,09375; 0,09375; 106,52173913043478; 0,0700801
8760; 0,09375; 0,09375; 106,52173913043478; 0,0700801
8761; 0,09375; 0,09375; 107,97826086956522; 0,07103834
8762; 0,09375; 0,09375; 105,8913043478261; 0,06966536
8763; 0,09375; 0,09375; 106,67391304347827; 0,07018022
8764; 0,09375; 0,09375; 107,0; 0,07039475
8765; 0,09375; 0,09375; 105,15217391304348; 0,06917907
8766; 0,09375; 0,09375; 107,56521739130434; 0,07076661
8767; 0,09375; 0,09375; 105,71739130434783; 0,06955093
8768; 0,09375; 0,09375; 105,8695652173913; 0,069651045
8769; 0,09375; 0,09375; 107,23913043478261; 0,07055207
8770; 0,09375; 0,09375; 106,43478260869566; 0,070022896
8771; 0,09375; 0,09375; 106,6086956521739; 0,070137314
8772; 0,09375; 0,09375; 106,28260869565217; 0,069922775
8773; 0,09375; 0,09375; 106,26086956521739; 0,069908485
8774; 0,09375; 0,09375; 106,41304347826087; 0,070008606
8775; 0,09375; 0,09375; 107,1304347826087; 0,07048056
8776; 0,09375; 0,09375; 106,6304347826087; 0,07015162
8777; 0,09375; 0,09375; 107,1086956521739; 0,07046626
8778; 0,09375; 0,09375; 107,02173913043478; 0,07040906
8779; 0,09375; 0,09375; 107,1304347826087; 0,07048056
8780; 0,09375; 0,09375; 106,47826086956522; 0,07005149
8781; 0,09375; 0,09375; 106,15217391304348; 0,06983698
8782; 0,09375; 0,09375; 106,78260869565217; 0,070251726
8783; 0,09375; 0,09375; 106,6304347826087; 0,07015163
8784; 0,09375; 0,09375; 106,32608695652173; 0,06995139
8785; 0,09375; 0,09375; 106,41304347826087; 0,07000859
8786; 0,09375; 0,09375; 106,0; 0,06973686
8787; 0,09375; 0,09375; 106,6086956521739; 0,07013732
8788; 0,09375; 0,09375; 107,1304347826087; 0,07048056
8789; 0,09375; 0,09375; 106,1304347826087; 0,069822684
8790; 0,09375; 0,09375; 106,21739130434783; 0,069879875
8791; 0,09375; 0,09375; 106,04347826086956; 0,06976547
8792; 0,09375; 0,09375; 106,02173913043478; 0,06975115
8793; 0,09375; 0,09375; 106,54347826086956; 0,07009439
8794; 0,09375; 0,09375; 106,34782608695652; 0,06996569
8795; 0,09375; 0,09375; 107,41304347826087; 0,07066649
8796; 0,09375; 0,09375; 106,02173913043478; 0,06975115
8797; 0,09375; 0,09375; 106,93478260869566; 0,07035185
8798; 0,09375; 0,09375; 107,26086956521739; 0,07056636
8799; 0,09375; 0,09375; 106,76086956521739; 0,070237435
8800; 0,09375; 0,09375; 105,97826086956522; 0,06972255
8801; 0,09375; 0,09375; 106,43478260869566; 0,07002289
8802; 0,09375; 0,09375; 106,6086956521739; 0,07013732
8803; 0,09375; 0,09375; 106,41304347826087; 0,0700086
8804; 0,09375; 0,09375; 107,06521739130434; 0,070437655
8805; 0,09375; 0,09375; 106,76086956521739; 0,070237435
8806; 0,09375; 0,09375; 108,04347826086956; 0,07108125
8807; 0,09375; 0,09375; 106,43478260869566; 0,0700229
8808; 0,09375; 0,09375; 106,41304347826087; 0,0700086
8809; 0,09375; 0,09375; 106,41304347826087; 0,070008606
8810; 0,09375; 0,09375; 106,6086956521739; 0,070137314
8811; 0,09375; 0,09375; 106,6086956521739; 0,070137314
8812; 0,09375; 0,09375; 106,8695652173913; 0,07030894
8813; 0,09375; 0,09375; 107,17391304347827; 0,070509166
8814; 0,09375; 0,09375; 106,17391304347827; 0,06985128
8815; 0,09375; 0,09375; 106,34782608695652; 0,0699657
8816; 0,09375; 0,09375; 106,95652173913044; 0,07036615
8817; 0,09375; 0,09375; 106,52173913043478; 0,0700801
8818; 0,09375; 0,09375; 106,43478260869566; 0,070022896
8819; 0,09375; 0,09375; 105,76086956521739; 0,06957953
8820; 0,09375; 0,09375; 105,6086956521739; 0,069479406
8821; 0,09375; 0,09375; 106,32608695652173; 0,06995138
8822; 0,09375; 0,09375; 106,17391304347827; 0,06985127
8823; 0,09375; 0,09375; 106,06521739130434; 0,06977976
8824; 0,09375; 0,09375; 105,5; 0,069407895
8825; 0,09375; 0,09375; 105,71739130434783; 0,069550924
8826; 0,09375; 0,09375; 106,84782608695652; 0,07029463
8827; 0,09375; 0,09375; 106,32608695652173; 0,06995139
8828; 0,09375; 0,09375; 107,28260869565217; 0,070580676
8829; 0,09375; 0,09375; 107,19565217391305; 0,07052346
8830; 0,09375; 0,09375; 107,67391304347827; 0,070838116
8831; 0,09375; 0,09375; 106,45652173913044; 0,0700372
8832; 0,09375; 0,09375; 106,71739130434783; 0,07020881
8833; 0,09375; 0,09375; 106,23913043478261; 0,06989418
8834; 0,09375; 0,09375; 106,0; 0,06973685
8835; 0,09375; 0,09375; 107,58695652173913; 0,0707809
8836; 0,09375; 0,09375; 106,0; 0,06973686
8837; 0,09375; 0,09375; 106,45652173913044; 0,0700372
8838; 0,09375; 0,09375; 106,23913043478261; 0,06989419
8839; 0,09375; 0,09375; 106,47826086956522; 0,07005149
8840; 0,09375; 0,09375; 106,41304347826087; 0,07000859
8841; 0,09375; 0,09375; 105,21739130434783; 0,06922198
8842; 0,09375; 0,09375; 106,69565217391305; 0,07019452
8843; 0,09375; 0,09375; 106,1086956521739; 0,06980836
8844; 0,09375; 0,09375; 106,04347826086956; 0,069765456
8845; 0,09375; 0,09375; 106,0; 0,06973686
8846; 0,09375; 0,09375; 106,28260869565217; 0,06992278
8847; 0,09375; 0,09375; 106,3913043478261; 0,06999431
8848; 0,09375; 0,09375; 106,82608695652173; 0,070280336
8849; 0,09375; 0,09375; 105,32608695652173; 0,06929349
8850; 0,09375; 0,09375; 107,26086956521739; 0,07056637
8851; 0,09375; 0,09375; 105,21739130434783; 0,06922198
8852; 0,09375; 0,09375; 105,5; 0,069407895
8853; 0,09375; 0,09375; 106,41304347826087; 0,07000859
8854; 0,09375; 0,09375; 105,32608695652173; 0,06929349
8855; 0,09375; 0,09375; 105,1086956521739; 0,06915047
8856; 0,09375; 0,09375; 105,06521739130434; 0,06912186
8857; 0,09375; 0,09375; 106,78260869565217; 0,07025173
8858; 0,09375; 0,09375; 106,23913043478261; 0,06989418
8859; 0,09375; 0,09375; 106,8695652173913; 0,070308946
8860; 0,09375; 0,09375; 106,82608695652173; 0,070280336
8861; 0,09375; 0,09375; 106,23913043478261; 0,06989418
8862; 0,09375; 0,09375; 106,76086956521739; 0,07023743
8863; 0,09375; 0,09375; 105,91304347826087; 0,06967964
8864; 0,09375; 0,09375; 105,69565217391305; 0,06953663
8865; 0,09375; 0,09375; 106,76086956521739; 0,070237435
8866; 0,09375; 0,09375; 106,3695652173913; 0,06997999
8867; 0,09375; 0,09375; 106,17391304347827; 0,06985129
8868; 0,09375; 0,09375; 106,1304347826087; 0,06982266
8869; 0,09375; 0,09375; 106,17391304347827; 0,06985127
8870; 0,09375; 0,09375; 107,43478260869566; 0,07068079
8871; 0,09375; 0,09375; 106,3913043478261; 0,06999429
8872; 0,09375; 0,09375; 106,80434782608695; 0,07026603
8873; 0,09375; 0,09375; 106,8695652173913; 0,07030894
8874; 0,09375; 0,09375; 106,21739130434783; 0,069879875
8875; 0,09375; 0,09375; 107,8695652173913; 0,07096683
8876; 0,09375; 0,09375; 106,41304347826087; 0,0700086
8877; 0,09375; 0,09375; 106,47826086956522; 0,07005149
8878; 0,09375; 0,09375; 106,6086956521739; 0,07013731
8879; 0,09375; 0,09375; 108,91304347826087; 0,07165333
8880; 0,09375; 0,09375; 107,0; 0,07039475
8881; 0,09375; 0,09375; 106,71739130434783; 0,070208825
8882; 0,09375; 0,09375; 106,76086956521739; 0,07023743
8883; 0,09375; 0,09375; 106,47826086956522; 0,070051506
8884; 0,09375; 0,09375; 104,8695652173913; 0,06899315
8885; 0,09375; 0,09375; 105,93478260869566; 0,069693945
8886; 0,09375; 0,09375; 105,8695652173913; 0,069651045
8887; 0,09375; 0,09375; 105,52173913043478; 0,06942222
8888; 0,09375; 0,09375; 106,41304347826087; 0,0700086
8889; 0,09375; 0,09375; 105,47826086956522; 0,06939361
8890; 0,09375; 0,09375; 106,43478260869566; 0,070022896
8891; 0,09375; 0,09375; 106,3695652173913; 0,06997999
8892; 0,09375; 0,09375; 106,52173913043478; 0,07008011
8893; 0,09375; 0,09375; 105,84782608695652; 0,06963675
8894; 0,09375; 0,09375; 106,3913043478261; 0,069994286
8895; 0,09375; 0,09375; 105,3695652173913; 0,0693221
8896; 0,09375; 0,09375; 106,41304347826087; 0,0700086
8897; 0,09375; 0,09375; 106,34782608695652; 0,06996568
8898; 0,09375; 0,09375; 106,06521739130434; 0,06977977
8899; 0,09375; 0,09375; 106,95652173913044; 0,070366144
8900; 0,09375; 0,09375; 106,69565217391305; 0,07019453
8901; 0,09375; 0,09375; 105,5; 0,0694079
8902; 0,09375; 0,09375; 106,23913043478261; 0,06989417
8903; 0,09375; 0,09375; 107,15217391304348; 0,07049485
8904; 0,09375; 0,09375; 107,02173913043478; 0,07040906
8905; 0,09375; 0,09375; 107,08695652173913; 0,07045195
8906; 0,09375; 0,09375; 105,41304347826087; 0,069350705
8907; 0,09375; 0,09375; 108,34782608695652; 0,07128147
8908; 0,09375; 0,09375; 106,06521739130434; 0,06977976
8909; 0,09375; 0,09375; 106,17391304347827; 0,06985127
8910; 0,09375; 0,09375; 105,8695652173913; 0,06965104
8911; 0,09375; 0,09375; 107,58695652173913; 0,070780896
8912; 0,09375; 0,09375; 107,0; 0,07039476
8913; 0,09375; 0,09375; 106,1086956521739; 0,06980837
8914; 0,09375; 0,09375; 106,04347826086956; 0,06976546
8915; 0,09375; 0,09375; 105,5; 0,06940791
8916; 0,09375; 0,09375; 106,3695652173913; 0,06998
8917; 0,09375; 0,09375; 106,34782608695652; 0,06996569
8918; 0,09375; 0,09375; 105,65217391304348; 0,06950802
8919; 0,09375; 0,09375; 106,08695652173913; 0,069794066
8920; 0,09375; 0,09375; 105,97826086956522; 0,069722556
8921; 0,09375; 0,09375; 108,65217391304348; 0,071481705
8922; 0,09375; 0,09375; 106,69565217391305; 0,07019451
8923; 0,09375; 0,09375; 105,45652173913044; 0,06937931
8924; 0,09375; 0,09375; 105,95652173913044; 0,06970825
8925; 0,09375; 0,09375; 106,17391304347827; 0,06985127
8926; 0,09375; 0,09375; 106,84782608695652; 0,07029465
8927; 0,09375; 0,09375; 106,67391304347827; 0,070180215
8928; 0,09375; 0,09375; 106,6086956521739; 0,070137314
8929; 0,09375; 0,09375; 106,21739130434783; 0,06987988
8930; 0,09375; 0,09375; 106,43478260869566; 0,07002289
8931; 0,09375; 0,09375; 106,04347826086956; 0,06976547
8932; 0,09375; 0,09375; 106,02173913043478; 0,06975114
8933; 0,09375; 0,09375; 105,69565217391305; 0,06953663
8934; 0,09375; 0,09375; 106,78260869565217; 0,07025172
8935; 0,09375; 0,09375; 106,43478260869566; 0,070022896
8936; 0,09375; 0,09375; 107,41304347826087; 0,07066649
8937; 0,09375; 0,09375; 106,54347826086956; 0,07009441
8938; 0,09375; 0,09375; 105,67391304347827; 0,06952232
8939; 0,09375; 0,09375; 106,26086956521739; 0,06990848
8940; 0,09375; 0,09375; 106,82608695652173; 0,07028034
8941; 0,09375; 0,09375; 106,3695652173913; 0,06997999
8942; 0,09375; 0,09375; 106,84782608695652; 0,07029463
8943; 0,09375; 0,09375; 106,56521739130434; 0,070108704
8944; 0,09375; 0,09375; 107,17391304347827; 0,07050915
8945; 0,09375; 0,09375; 105,80434782608695; 0,06960814
8946; 0,09375; 0,09375; 106,1304347826087; 0,06982267
8947; 0,09375; 0,09375; 105,93478260869566; 0,069693945
8948; 0,09375; 0,09375; 106,52173913043478; 0,07008011
8949; 0,09375; 0,09375; 107,04347826086956; 0,07042336
8950; 0,09375; 0,09375; 105,15217391304348; 0,06917907
8951; 0,09375; 0,09375; 106,54347826086956; 0,070094414
8952; 0,09375; 0,09375; 105,91304347826087; 0,06967964
8953; 0,09375; 0,09375; 105,73913043478261; 0,06956524
8954; 0,09375; 0,09375; 105,02173913043478; 0,06909326
8955; 0,09375; 0,09375; 106,54347826086956; 0,07009441
8956; 0,09375; 0,09375; 107,15217391304348; 0,07049487
8957; 0,09375; 0,09375; 106,28260869565217; 0,06992278
8958; 0,09375; 0,09375; 106,84782608695652; 0,07029464
8959; 0,09375; 0,09375; 106,6086956521739; 0,07013732
8960; 0,09375; 0,09375; 106,6304347826087; 0,07015161
8961; 0,09375; 0,09375; 105,84782608695652; 0,06963675
8962; 0,09375; 0,09375; 106,15217391304348; 0,069836974
8963; 0,09375; 0,09375; 106,5; 0,07006581
8964; 0,09375; 0,09375; 106,21739130434783; 0,06987988
8965; 0,09375; 0,09375; 106,15217391304348; 0,069836974
8966; 0,09375; 0,09375; 106,0; 0,06973685
8967; 0,09375; 0,09375; 107,26086956521739; 0,07056638
8968; 0,09375; 0,09375; 106,3913043478261; 0,06999429
8969; 0,09375; 0,09375; 105,47826086956522; 0,069393605
8970; 0,09375; 0,09375; 105,34782608695652; 0,0693078
8971; 0,09375; 0,09375; 106,1304347826087; 0,06982268
8972; 0,09375; 0,09375; 107,82608695652173; 0,07093824
8973; 0,09375; 0,09375; 105,54347826086956; 0,06943652
8974; 0,09375; 0,09375; 106,56521739130434; 0,07010871
8975; 0,09375; 0,09375; 106,52173913043478; 0,0700801
8976; 0,09375; 0,09375; 105,73913043478261; 0,06956523
8977; 0,09375; 0,09375; 107,8695652173913; 0,070966825
8978; 0,09375; 0,09375; 106,69565217391305; 0,07019453
8979; 0,09375; 0,09375; 107,08695652173913; 0,07045196
8980; 0,09375; 0,09375; 106,08695652173913; 0,06979407
8981; 0,09375; 0,09375; 106,26086956521739; 0,069908485
8982; 0,09375; 0,09375; 105,47826086956522; 0,0693936
8983; 0,09375; 0,09375; 107,34782608695652; 0,07062358
8984; 0,09375; 0,09375; 106,5; 0,070065804
8985; 0,09375; 0,09375; 107,19565217391305; 0,07052348
8986; 0,09375; 0,09375; 106,8695652173913; 0,07030893
8987; 0,09375; 0,09375; 106,5; 0,07006581
8988; 0,09375; 0,09375; 105,93478260869566; 0,069693945
8989; 0,09375; 0,09375; 106,45652173913044; 0,07003719
8990; 0,09375; 0,09375; 106,0; 0,069736846
8991; 0,09375; 0,09375; 105,97826086956522; 0,06972255
8992; 0,09375; 0,09375; 106,3695652173913; 0,06997998
8993; 0,09375; 0,09375; 106,43478260869566; 0,070022896
8994; 0,09375; 0,09375; 105,91304347826087; 0,06967964
8995; 0,09375; 0,09375; 105,91304347826087; 0,06967964
8996; 0,09375; 0,09375; 106,02173913043478; 0,069751166
8997; 0,09375; 0,09375; 106,6304347826087; 0,07015163
8998; 0,09375; 0,09375; 105,45652173913044; 0,06937931
8999; 0,09375; 0,09375; 105,97826086956522; 0,06972256
9000; 0,09375; 0,09375; 105,3695652173913; 0,0693221
9001; 0,09375; 0,09375; 106,54347826086956; 0,07009441
9002; 0,09375; 0,09375; 106,21739130434783; 0,06987988
9003; 0,09375; 0,09375; 106,3695652173913; 0,06997999
9004; 0,09375; 0,09375; 106,65217391304348; 0,07016592
9005; 0,09375; 0,09375; 106,97826086956522; 0,07038045
9006; 0,09375; 0,09375; 106,28260869565217; 0,069922775
9007; 0,09375; 0,09375; 106,15217391304348; 0,06983697
9008; 0,09375; 0,09375; 105,3695652173913; 0,0693221
9009; 0,09375; 0,09375; 106,1086956521739; 0,06980837
9010; 0,09375; 0,09375; 106,1304347826087; 0,06982267
9011; 0,09375; 0,09375; 106,97826086956522; 0,07038044
9012; 0,09375; 0,09375; 106,91304347826087; 0,07033754
9013; 0,09375; 0,09375; 106,41304347826087; 0,07000859
9014; 0,09375; 0,09375; 106,5; 0,0700658
9015; 0,09375; 0,09375; 107,52173913043478; 0,07073801
9016; 0,09375; 0,09375; 107,1086956521739; 0,07046626
9017; 0,09375; 0,09375; 107,23913043478261; 0,07055208
9018; 0,09375; 0,09375; 108,17391304347827; 0,07116706
9019; 0,09375; 0,09375; 106,56521739130434; 0,070108704
9020; 0,09375; 0,09375; 106,76086956521739; 0,07023744
9021; 0,09375; 0,09375; 106,45652173913044; 0,0700372
9022; 0,09375; 0,09375; 106,32608695652173; 0,06995139
9023; 0,09375; 0,09375; 106,76086956521739; 0,07023744
9024; 0,09375; 0,09375; 106,93478260869566; 0,07035183
9025; 0,09375; 0,09375; 106,8913043478261; 0,07032324
9026; 0,09375; 0,09375; 106,71739130434783; 0,070208825
9027; 0,09375; 0,09375; 106,3913043478261; 0,069994286
9028; 0,09375; 0,09375; 106,19565217391305; 0,069865584
9029; 0,09375; 0,09375; 105,91304347826087; 0,06967964
9030; 0,09375; 0,09375; 106,69565217391305; 0,07019453
9031; 0,09375; 0,09375; 106,82608695652173; 0,070280336
9032; 0,09375; 0,09375; 106,76086956521739; 0,07023743
9033; 0,09375; 0,09375; 106,3913043478261; 0,06999429
9034; 0,09375; 0,09375; 106,19565217391305; 0,06986558
9035; 0,09375; 0,09375; 107,58695652173913; 0,07078091
9036; 0,09375; 0,09375; 106,73913043478261; 0,07022312
9037; 0,09375; 0,09375; 106,1086956521739; 0,06980836
9038; 0,09375; 0,09375; 106,3695652173913; 0,06997998
9039; 0,09375; 0,09375; 107,19565217391305; 0,07052348
9040; 0,09375; 0,09375; 106,19565217391305; 0,06986557
9041; 0,09375; 0,09375; 105,6086956521739; 0,06947942
9042; 0,09375; 0,09375; 106,43478260869566; 0,070022896
9043; 0,09375; 0,09375; 107,52173913043478; 0,070738
9044; 0,09375; 0,09375; 106,54347826086956; 0,07009441
9045; 0,09375; 0,09375; 106,28260869565217; 0,06992279
9046; 0,09375; 0,09375; 107,69565217391305; 0,070852414
9047; 0,09375; 0,09375; 105,28260869565217; 0,06926488
9048; 0,09375; 0,09375; 106,21739130434783; 0,06987988
9049; 0,09375; 0,09375; 105,6086956521739; 0,06947942
9050; 0,09375; 0,09375; 105,95652173913044; 0,06970825
9051; 0,09375; 0,09375; 105,23913043478261; 0,069236286
9052; 0,09375; 0,09375; 107,21739130434783; 0,07053777
9053; 0,09375; 0,09375; 107,04347826086956; 0,07042334
9054; 0,09375; 0,09375; 106,82608695652173; 0,070280336
9055; 0,09375; 0,09375; 106,06521739130434; 0,06977977
9056; 0,09375; 0,09375; 106,26086956521739; 0,06990848
9057; 0,09375; 0,09375; 106,73913043478261; 0,07022313
9058; 0,09375; 0,09375; 106,43478260869566; 0,070022896
9059; 0,09375; 0,09375; 106,54347826086956; 0,07009441
9060; 0,09375; 0,09375; 106,73913043478261; 0,07022312
9061; 0,09375; 0,09375; 106,34782608695652; 0,06996569
9062; 0,09375; 0,09375; 105,65217391304348; 0,06950803
9063; 0,09375; 0,09375; 107,54347826086956; 0,07075231
9064; 0,09375; 0,09375; 107,54347826086956; 0,0707523
9065; 0,09375; 0,09375; 105,73913043478261; 0,06956524
9066; 0,09375; 0,09375; 105,41304347826087; 0,069350705
9067; 0,09375; 0,09375; 106,58695652173913; 0,07012301
9068; 0,09375; 0,09375; 105,80434782608695; 0,06960814
9069; 0,09375; 0,09375; 106,52173913043478; 0,0700801
9070; 0,09375; 0,09375; 107,06521739130434; 0,07043766
9071; 0,09375; 0,09375; 105,3695652173913; 0,0693221
9072; 0,09375; 0,09375; 106,15217391304348; 0,069836974
9073; 0,09375; 0,09375; 107,04347826086956; 0,07042336
9074; 0,09375; 0,09375; 107,3695652173913; 0,07063788
9075; 0,09375; 0,09375; 107,67391304347827; 0,070838116
9076; 0,09375; 0,09375; 106,41304347826087; 0,0700086
9077; 0,09375; 0,09375; 106,95652173913044; 0,07036615
9078; 0,09375; 0,09375; 106,45652173913044; 0,0700372
9079; 0,09375; 0,09375; 107,41304347826087; 0,07066649
9080; 0,09375; 0,09375; 107,08695652173913; 0,07045197
9081; 0,09375; 0,09375; 106,06521739130434; 0,06977976
9082; 0,09375; 0,09375; 106,3695652173913; 0,06997999
9083; 0,09375; 0,09375; 106,30434782608695; 0,069937095
9084; 0,09375; 0,09375; 106,17391304347827; 0,069851264
9085; 0,09375; 0,09375; 106,04347826086956; 0,06976546
9086; 0,09375; 0,09375; 106,91304347826087; 0,07033754
9087; 0,09375; 0,09375; 106,6086956521739; 0,07013732
9088; 0,09375; 0,09375; 105,82608695652173; 0,069622435
9089; 0,09375; 0,09375; 105,58695652173913; 0,069465116
9090; 0,09375; 0,09375; 107,5; 0,070723705
9091; 0,09375; 0,09375; 108,73913043478261; 0,07153891
9092; 0,09375; 0,09375; 105,8913043478261; 0,06966535
9093; 0,09375; 0,09375; 106,45652173913044; 0,0700372
9094; 0,09375; 0,09375; 105,23913043478261; 0,069236286
9095; 0,09375; 0,09375; 106,30434782608695; 0,06993709
9096; 0,09375; 0,09375; 107,02173913043478; 0,07040905
9097; 0,09375; 0,09375; 105,76086956521739; 0,069579534
9098; 0,09375; 0,09375; 106,6086956521739; 0,07013731
9099; 0,09375; 0,09375; 106,32608695652173; 0,06995139
9100; 0,09375; 0,09375; 107,15217391304348; 0,07049487
9101; 0,09375; 0,09375; 106,34782608695652; 0,069965675
9102; 0,09375; 0,09375; 106,08695652173913; 0,06979407
9103; 0,09375; 0,09375; 106,54347826086956; 0,07009441
9104; 0,09375; 0,09375; 109,04347826086956; 0,07173914
9105; 0,09375; 0,09375; 106,78260869565217; 0,07025174
9106; 0,09375; 0,09375; 107,45652173913044; 0,070695095
9107; 0,09375; 0,09375; 107,47826086956522; 0,0707094
9108; 0,09375; 0,09375; 106,8913043478261; 0,07032324
9109; 0,09375; 0,09375; 106,67391304347827; 0,07018022
9110; 0,09375; 0,09375; 105,69565217391305; 0,06953663
9111; 0,09375; 0,09375; 107,23913043478261; 0,07055207
9112; 0,09375; 0,09375; 106,45652173913044; 0,0700372
9113; 0,09375; 0,09375; 106,47826086956522; 0,0700515
9114; 0,09375; 0,09375; 105,1304347826087; 0,069164775
9115; 0,09375; 0,09375; 106,34782608695652; 0,06996568
9116; 0,09375; 0,09375; 104,93478260869566; 0,06903606
9117; 0,09375; 0,09375; 106,6304347826087; 0,07015162
9118; 0,09375; 0,09375; 106,91304347826087; 0,07033754
9119; 0,09375; 0,09375; 106,0; 0,06973686
9120; 0,09375; 0,09375; 107,15217391304348; 0,07049486
9121; 0,09375; 0,09375; 106,6304347826087; 0,07015163
9122; 0,09375; 0,09375; 104,69565217391305; 0,06887874
9123; 0,09375; 0,09375; 106,80434782608695; 0,07026603
9124; 0,09375; 0,09375; 106,6304347826087; 0,07015161
9125; 0,09375; 0,09375; 105,93478260869566; 0,069693945
9126; 0,09375; 0,09375; 106,06521739130434; 0,06977976
9127; 0,09375; 0,09375; 107,21739130434783; 0,07053778
9128; 0,09375; 0,09375; 105,1086956521739; 0,06915048
9129; 0,09375; 0,09375; 106,43478260869566; 0,070022896
9130; 0,09375; 0,09375; 106,43478260869566; 0,0700229
9131; 0,09375; 0,09375; 106,04347826086956; 0,06976546
9132; 0,09375; 0,09375; 107,47826086956522; 0,0707094
9133; 0,09375; 0,09375; 106,26086956521739; 0,06990848
9134; 0,09375; 0,09375; 106,3913043478261; 0,069994286
9135; 0,09375; 0,09375; 106,28260869565217; 0,06992279
9136; 0,09375; 0,09375; 105,76086956521739; 0,069579534
9137; 0,09375; 0,09375; 106,71739130434783; 0,07020883
9138; 0,09375; 0,09375; 106,52173913043478; 0,0700801
9139; 0,09375; 0,09375; 106,21739130434783; 0,06987988
9140; 0,09375; 0,09375; 105,97826086956522; 0,069722556
9141; 0,09375; 0,09375; 105,82608695652173; 0,06962244
9142; 0,09375; 0,09375; 106,17391304347827; 0,06985127
9143; 0,09375; 0,09375; 105,80434782608695; 0,06960814
9144; 0,09375; 0,09375; 106,52173913043478; 0,0700801
9145; 0,09375; 0,09375; 106,3695652173913; 0,06997999
9146; 0,09375; 0,09375; 105,73913043478261; 0,06956523
9147; 0,09375; 0,09375; 105,95652173913044; 0,06970825
9148; 0,09375; 0,09375; 106,47826086956522; 0,070051506
9149; 0,09375; 0,09375; 106,28260869565217; 0,06992278
9150; 0,09375; 0,09375; 107,08695652173913; 0,07045197
9151; 0,09375; 0,09375; 106,26086956521739; 0,069908485
9152; 0,09375; 0,09375; 105,54347826086956; 0,069436505
9153; 0,09375; 0,09375; 105,8695652173913; 0,06965105
9154; 0,09375; 0,09375; 106,91304347826087; 0,07033754
9155; 0,09375; 0,09375; 107,65217391304348; 0,07082381
9156; 0,09375; 0,09375; 106,21739130434783; 0,06987988
9157; 0,09375; 0,09375; 106,67391304347827; 0,07018024
9158; 0,09375; 0,09375; 106,21739130434783; 0,069879875
9159; 0,09375; 0,09375; 106,8695652173913; 0,07030894
9160; 0,09375; 0,09375; 106,78260869565217; 0,07025173
9161; 0,09375; 0,09375; 107,3695652173913; 0,07063788
9162; 0,09375; 0,09375; 106,56521739130434; 0,070108704
9163; 0,09375; 0,09375; 106,67391304347827; 0,0701802
9164; 0,09375; 0,09375; 106,54347826086956; 0,070094414
9165; 0,09375; 0,09375; 105,8695652173913; 0,06965103
9166; 0,09375; 0,09375; 106,1304347826087; 0,06982268
9167; 0,09375; 0,09375; 105,82608695652173; 0,06962244
9168; 0,09375; 0,09375; 108,06521739130434; 0,07109555
9169; 0,09375; 0,09375; 106,52173913043478; 0,0700801
9170; 0,09375; 0,09375; 106,41304347826087; 0,0700086
9171; 0,09375; 0,09375; 106,6086956521739; 0,07013731
9172; 0,09375; 0,09375; 106,1086956521739; 0,06980837
9173; 0,09375; 0,09375; 107,06521739130434; 0,070437655
9174; 0,09375; 0,09375; 105,76086956521739; 0,069579534
9175; 0,09375; 0,09375; 107,17391304347827; 0,07050917
9176; 0,09375; 0,09375; 105,82608695652173; 0,06962244
9177; 0,09375; 0,09375; 106,28260869565217; 0,06992278
9178; 0,09375; 0,09375; 106,6304347826087; 0,07015163
9179; 0,09375; 0,09375; 105,76086956521739; 0,06957953
9180; 0,09375; 0,09375; 105,82608695652173; 0,06962244
9181; 0,09375; 0,09375; 106,84782608695652; 0,07029463
9182; 0,09375; 0,09375; 106,08695652173913; 0,069794066
9183; 0,09375; 0,09375; 105,30434782608695; 0,06927919
9184; 0,09375; 0,09375; 107,06521739130434; 0,070437655
9185; 0,09375; 0,09375; 106,82608695652173; 0,070280336
9186; 0,09375; 0,09375; 106,67391304347827; 0,07018021
9187; 0,09375; 0,09375; 105,76086956521739; 0,069579534
9188; 0,09375; 0,09375; 105,65217391304348; 0,06950803
9189; 0,09375; 0,09375; 106,76086956521739; 0,07023742
9190; 0,09375; 0,09375; 106,30434782608695; 0,06993709
9191; 0,09375; 0,09375; 105,67391304347827; 0,06952232
9192; 0,09375; 0,09375; 107,06521739130434; 0,070437655
9193; 0,09375; 0,09375; 106,45652173913044; 0,07003721
9194; 0,09375; 0,09375; 106,1304347826087; 0,06982267
9195; 0,09375; 0,09375; 106,56521739130434; 0,07010871
9196; 0,09375; 0,09375; 106,41304347826087; 0,070008606
9197; 0,09375; 0,09375; 106,3695652173913; 0,06997999
9198; 0,09375; 0,09375; 105,8695652173913; 0,06965105
9199; 0,09375; 0,09375; 106,54347826086956; 0,07009441
9200; 0,09375; 0,09375; 108,45652173913044; 0,07135298
9201; 0,09375; 0,09375; 106,93478260869566; 0,07035185
9202; 0,09375; 0,09375; 106,78260869565217; 0,070251726
9203; 0,09375; 0,09375; 105,19565217391305; 0,06920767
9204; 0,09375; 0,09375; 105,91304347826087; 0,06967964
9205; 0,09375; 0,09375; 108,3695652173913; 0,07129578
9206; 0,09375; 0,09375; 105,56521739130434; 0,06945081
9207; 0,09375; 0,09375; 106,95652173913044; 0,070366144
9208; 0,09375; 0,09375; 107,28260869565217; 0,070580676
9209; 0,09375; 0,09375; 105,43478260869566; 0,06936501
9210; 0,09375; 0,09375; 105,73913043478261; 0,06956524
9211; 0,09375; 0,09375; 106,1304347826087; 0,06982267
9212; 0,09375; 0,09375; 106,41304347826087; 0,07000859
9213; 0,09375; 0,09375; 106,47826086956522; 0,070051506
9214; 0,09375; 0,09375; 106,30434782608695; 0,06993709
9215; 0,09375; 0,09375; 106,5; 0,0700658
9216; 0,09375; 0,09375; 106,1304347826087; 0,06982267
9217; 0,09375; 0,09375; 106,32608695652173; 0,06995139
9218; 0,09375; 0,09375; 106,02173913043478; 0,06975116
9219; 0,09375; 0,09375; 107,97826086956522; 0,07103833
9220; 0,09375; 0,09375; 107,32608695652173; 0,07060929
9221; 0,09375; 0,09375; 106,6086956521739; 0,07013731
9222; 0,09375; 0,09375; 106,19565217391305; 0,06986558
9223; 0,09375; 0,09375; 105,71739130434783; 0,06955093
9224; 0,09375; 0,09375; 108,0; 0,07105265
9225; 0,09375; 0,09375; 106,28260869565217; 0,06992278
9226; 0,09375; 0,09375; 106,56521739130434; 0,07010872
9227; 0,09375; 0,09375; 106,47826086956522; 0,0700515
9228; 0,09375; 0,09375; 107,1304347826087; 0,07048056
9229; 0,09375; 0,09375; 107,3913043478261; 0,07065219
9230; 0,09375; 0,09375; 106,28260869565217; 0,06992279
9231; 0,09375; 0,09375; 106,34782608695652; 0,06996568
9232; 0,09375; 0,09375; 105,80434782608695; 0,069608144
9233; 0,09375; 0,09375; 105,19565217391305; 0,069207676
9234; 0,09375; 0,09375; 108,1304347826087; 0,07113846
9235; 0,09375; 0,09375; 106,34782608695652; 0,06996569
9236; 0,09375; 0,09375; 106,43478260869566; 0,070022896
9237; 0,09375; 0,09375; 107,76086956521739; 0,07089532
9238; 0,09375; 0,09375; 105,93478260869566; 0,06969397
9239; 0,09375; 0,09375; 106,78260869565217; 0,070251726
9240; 0,09375; 0,09375; 104,69565217391305; 0,06887873
9241; 0,09375; 0,09375; 107,06521739130434; 0,07043766
9242; 0,09375; 0,09375; 106,41304347826087; 0,0700086
9243; 0,09375; 0,09375; 106,54347826086956; 0,0700944
9244; 0,09375; 0,09375; 105,67391304347827; 0,06952233
9245; 0,09375; 0,09375; 108,76086956521739; 0,071553215
9246; 0,09375; 0,09375; 106,41304347826087; 0,0700086
9247; 0,09375; 0,09375; 107,41304347826087; 0,070666485
9248; 0,09375; 0,09375; 106,32608695652173; 0,06995139
9249; 0,09375; 0,09375; 105,67391304347827; 0,06952232
9250; 0,09375; 0,09375; 106,43478260869566; 0,070022896
9251; 0,09375; 0,09375; 106,67391304347827; 0,07018021
9252; 0,09375; 0,09375; 107,15217391304348; 0,07049487
9253; 0,09375; 0,09375; 108,0; 0,07105265
9254; 0,09375; 0,09375; 107,06521739130434; 0,07043766
9255; 0,09375; 0,09375; 107,1086956521739; 0,07046626
9256; 0,09375; 0,09375; 108,45652173913044; 0,07135298
9257; 0,09375; 0,09375; 106,21739130434783; 0,069879875
9258; 0,09375; 0,09375; 105,8695652173913; 0,069651045
9259; 0,09375; 0,09375; 107,32608695652173; 0,07060929
9260; 0,09375; 0,09375; 106,82608695652173; 0,070280336
9261; 0,09375; 0,09375; 106,6086956521739; 0,07013732
9262; 0,09375; 0,09375; 106,82608695652173; 0,070280336
9263; 0,09375; 0,09375; 106,80434782608695; 0,07026603
9264; 0,09375; 0,09375; 106,0; 0,06973685
9265; 0,09375; 0,09375; 107,71739130434783; 0,07086671
9266; 0,09375; 0,09375; 107,47826086956522; 0,0707094
9267; 0,09375; 0,09375; 105,8913043478261; 0,06966536
9268; 0,09375; 0,09375; 106,26086956521739; 0,069908485
9269; 0,09375; 0,09375; 106,02173913043478; 0,069751166
9270; 0,09375; 0,09375; 106,0; 0,06973686
9271; 0,09375; 0,09375; 106,69565217391305; 0,07019452
9272; 0,09375; 0,09375; 105,71739130434783; 0,06955093
9273; 0,09375; 0,09375; 106,80434782608695; 0,07026603
9274; 0,09375; 0,09375; 107,06521739130434; 0,070437655
9275; 0,09375; 0,09375; 106,82608695652173; 0,070280336
9276; 0,09375; 0,09375; 106,58695652173913; 0,07012301
9277; 0,09375; 0,09375; 106,65217391304348; 0,07016592
9278; 0,09375; 0,09375; 106,15217391304348; 0,06983697
9279; 0,09375; 0,09375; 106,34782608695652; 0,0699657
9280; 0,09375; 0,09375; 106,32608695652173; 0,06995139
9281; 0,09375; 0,09375; 106,34782608695652; 0,06996569
9282; 0,09375; 0,09375; 105,32608695652173; 0,06929349
9283; 0,09375; 0,09375; 105,78260869565217; 0,06959383
9284; 0,09375; 0,09375; 107,08695652173913; 0,07045195
9285; 0,09375; 0,09375; 104,80434782608695; 0,06895024
9286; 0,09375; 0,09375; 106,43478260869566; 0,070022896
9287; 0,09375; 0,09375; 106,34782608695652; 0,06996568
9288; 0,09375; 0,09375; 106,0; 0,06973685
9289; 0,09375; 0,09375; 105,17391304347827; 0,06919338
9290; 0,09375; 0,09375; 106,19565217391305; 0,06986557
9291; 0,09375; 0,09375; 106,3913043478261; 0,069994286
9292; 0,09375; 0,09375; 106,56521739130434; 0,07010871
9293; 0,09375; 0,09375; 105,8913043478261; 0,06966534
9294; 0,09375; 0,09375; 106,15217391304348; 0,06983697
9295; 0,09375; 0,09375; 106,8913043478261; 0,07032324
9296; 0,09375; 0,09375; 106,69565217391305; 0,07019453
9297; 0,09375; 0,09375; 106,8913043478261; 0,070323244
9298; 0,09375; 0,09375; 105,3695652173913; 0,06932209
9299; 0,09375; 0,09375; 106,56521739130434; 0,07010871
9300; 0,09375; 0,09375; 107,41304347826087; 0,07066651
9301; 0,09375; 0,09375; 106,32608695652173; 0,06995138
9302; 0,09375; 0,09375; 105,95652173913044; 0,06970825
9303; 0,09375; 0,09375; 106,56521739130434; 0,07010871
9304; 0,09375; 0,09375; 106,67391304347827; 0,07018022
9305; 0,09375; 0,09375; 107,3913043478261; 0,07065219
9306; 0,09375; 0,09375; 106,97826086956522; 0,07038045
9307; 0,09375; 0,09375; 107,43478260869566; 0,07068079
9308; 0,09375; 0,09375; 106,95652173913044; 0,07036615
9309; 0,09375; 0,09375; 106,95652173913044; 0,070366144
9310; 0,09375; 0,09375; 105,97826086956522; 0,069722556
9311; 0,09375; 0,09375; 106,67391304347827; 0,07018021
9312; 0,09375; 0,09375; 106,80434782608695; 0,07026602
9313; 0,09375; 0,09375; 106,28260869565217; 0,06992278
9314; 0,09375; 0,09375; 106,93478260869566; 0,07035185
9315; 0,09375; 0,09375; 105,67391304347827; 0,06952233
9316; 0,09375; 0,09375; 108,45652173913044; 0,07135299
9317; 0,09375; 0,09375; 105,58695652173913; 0,06946512
9318; 0,09375; 0,09375; 106,19565217391305; 0,06986558
9319; 0,09375; 0,09375; 106,47826086956522; 0,070051506
9320; 0,09375; 0,09375; 105,21739130434783; 0,06922198
9321; 0,09375; 0,09375; 105,93478260869566; 0,06969395
9322; 0,09375; 0,09375; 106,56521739130434; 0,0701087
9323; 0,09375; 0,09375; 105,69565217391305; 0,06953663
9324; 0,09375; 0,09375; 106,6304347826087; 0,07015162
9325; 0,09375; 0,09375; 107,26086956521739; 0,07056637
9326; 0,09375; 0,09375; 107,28260869565217; 0,07058068
9327; 0,09375; 0,09375; 106,34782608695652; 0,0699657
9328; 0,09375; 0,09375; 106,47826086956522; 0,0700515
9329; 0,09375; 0,09375; 104,93478260869566; 0,06903606
9330; 0,09375; 0,09375; 109,08695652173913; 0,07176775
9331; 0,09375; 0,09375; 105,58695652173913; 0,06946512
9332; 0,09375; 0,09375; 106,67391304347827; 0,07018023
9333; 0,09375; 0,09375; 106,3913043478261; 0,06999429
9334; 0,09375; 0,09375; 106,65217391304348; 0,07016592
9335; 0,09375; 0,09375; 106,73913043478261; 0,07022312
9336; 0,09375; 0,09375; 106,95652173913044; 0,07036615
9337; 0,09375; 0,09375; 106,1086956521739; 0,069808364
9338; 0,09375; 0,09375; 106,34782608695652; 0,0699657
9339; 0,09375; 0,09375; 107,15217391304348; 0,07049486
9340; 0,09375; 0,09375; 107,1086956521739; 0,07046626
9341; 0,09375; 0,09375; 106,65217391304348; 0,07016591
9342; 0,09375; 0,09375; 106,56521739130434; 0,070108704
9343; 0,09375; 0,09375; 106,58695652173913; 0,07012301
9344; 0,09375; 0,09375; 106,3695652173913; 0,06997999
9345; 0,09375; 0,09375; 107,41304347826087; 0,07066649
9346; 0,09375; 0,09375; 106,04347826086956; 0,069765456
9347; 0,09375; 0,09375; 105,3695652173913; 0,0693221
9348; 0,09375; 0,09375; 107,04347826086956; 0,07042336
9349; 0,09375; 0,09375; 105,69565217391305; 0,06953663
9350; 0,09375; 0,09375; 107,52173913043478; 0,070738
9351; 0,09375; 0,09375; 106,0; 0,06973685
9352; 0,09375; 0,09375; 106,93478260869566; 0,07035185
9353; 0,09375; 0,09375; 106,32608695652173; 0,069951385
9354; 0,09375; 0,09375; 106,71739130434783; 0,070208825
9355; 0,09375; 0,09375; 105,84782608695652; 0,06963675
9356; 0,09375; 0,09375; 106,54347826086956; 0,0700944
9357; 0,09375; 0,09375; 106,06521739130434; 0,06977976
9358; 0,09375; 0,09375; 106,08695652173913; 0,069794066
9359; 0,09375; 0,09375; 106,54347826086956; 0,07009441
9360; 0,09375; 0,09375; 106,17391304347827; 0,06985127
9361; 0,09375; 0,09375; 106,8913043478261; 0,07032324
9362; 0,09375; 0,09375; 106,1304347826087; 0,06982268
9363; 0,09375; 0,09375; 106,8913043478261; 0,07032324
9364; 0,09375; 0,09375; 106,21739130434783; 0,06987988
9365; 0,09375; 0,09375; 106,19565217391305; 0,06986558
9366; 0,09375; 0,09375; 106,17391304347827; 0,06985127
9367; 0,09375; 0,09375; 105,56521739130434; 0,06945082
9368; 0,09375; 0,09375; 105,80434782608695; 0,06960814
9369; 0,09375; 0,09375; 105,82608695652173; 0,069622435
9370; 0,09375; 0,09375; 106,41304347826087; 0,07000858
9371; 0,09375; 0,09375; 105,23913043478261; 0,06923628
9372; 0,09375; 0,09375; 106,56521739130434; 0,070108704
9373; 0,09375; 0,09375; 104,34782608695652; 0,0686499
9374; 0,09375; 0,09375; 106,65217391304348; 0,07016592
9375; 0,09375; 0,09375; 106,32608695652173; 0,06995139
9376; 0,09375; 0,09375; 106,97826086956522; 0,07038045
9377; 0,09375; 0,09375; 104,8695652173913; 0,068993144
9378; 0,09375; 0,09375; 106,23913043478261; 0,06989418
9379; 0,09375; 0,09375; 106,26086956521739; 0,06990849
9380; 0,09375; 0,09375; 106,93478260869566; 0,07035185
9381; 0,09375; 0,09375; 105,73913043478261; 0,06956523
9382; 0,09375; 0,09375; 107,0; 0,070394754
9383; 0,09375; 0,09375; 106,02173913043478; 0,06975115
9384; 0,09375; 0,09375; 106,80434782608695; 0,07026604
9385; 0,09375; 0,09375; 106,32608695652173; 0,069951385
9386; 0,09375; 0,09375; 106,71739130434783; 0,070208825
9387; 0,09375; 0,09375; 103,52173913043478; 0,06810641
9388; 0,09375; 0,09375; 106,78260869565217; 0,070251726
9389; 0,09375; 0,09375; 106,1304347826087; 0,06982268
9390; 0,09375; 0,09375; 106,84782608695652; 0,070294626
9391; 0,09375; 0,09375; 106,3695652173913; 0,069979995
9392; 0,09375; 0,09375; 106,47826086956522; 0,07005149
9393; 0,09375; 0,09375; 106,45652173913044; 0,0700372
9394; 0,09375; 0,09375; 105,71739130434783; 0,06955093
9395; 0,09375; 0,09375; 107,28260869565217; 0,070580676
9396; 0,09375; 0,09375; 106,0; 0,06973685
9397; 0,09375; 0,09375; 106,54347826086956; 0,07009441
9398; 0,09375; 0,09375; 106,30434782608695; 0,069937095
9399; 0,09375; 0,09375; 105,65217391304348; 0,06950802
9400; 0,09375; 0,09375; 106,67391304347827; 0,07018021
9401; 0,09375; 0,09375; 106,04347826086956; 0,06976547
9402; 0,09375; 0,09375; 106,06521739130434; 0,06977976
9403; 0,09375; 0,09375; 105,73913043478261; 0,06956523
9404; 0,09375; 0,09375; 106,6304347826087; 0,07015163
9405; 0,09375; 0,09375; 106,71739130434783; 0,07020882
9406; 0,09375; 0,09375; 105,54347826086956; 0,069436505
9407; 0,09375; 0,09375; 106,32608695652173; 0,06995138
9408; 0,09375; 0,09375; 106,47826086956522; 0,070051506
9409; 0,09375; 0,09375; 106,45652173913044; 0,0700372
9410; 0,09375; 0,09375; 107,02173913043478; 0,07040906
9411; 0,09375; 0,09375; 106,80434782608695; 0,07026603
9412; 0,09375; 0,09375; 106,1304347826087; 0,06982266
9413; 0,09375; 0,09375; 107,23913043478261; 0,070552066
9414; 0,09375; 0,09375; 105,06521739130434; 0,069121875
9415; 0,09375; 0,09375; 107,21739130434783; 0,070537776
9416; 0,09375; 0,09375; 106,5; 0,070065804
9417; 0,09375; 0,09375; 106,19565217391305; 0,069865584
9418; 0,09375; 0,09375; 106,21739130434783; 0,069879875
9419; 0,09375; 0,09375; 108,15217391304348; 0,07115276
9420; 0,09375; 0,09375; 106,02173913043478; 0,069751166
9421; 0,09375; 0,09375; 106,15217391304348; 0,06983697
9422; 0,09375; 0,09375; 106,58695652173913; 0,07012301
9423; 0,09375; 0,09375; 107,19565217391305; 0,07052347
9424; 0,09375; 0,09375; 106,23913043478261; 0,06989417
9425; 0,09375; 0,09375; 106,93478260869566; 0,07035185
9426; 0,09375; 0,09375; 106,3695652173913; 0,06997999
9427; 0,09375; 0,09375; 106,23913043478261; 0,06989418
9428; 0,09375; 0,09375; 107,54347826086956; 0,07075229
9429; 0,09375; 0,09375; 107,1086956521739; 0,07046626
9430; 0,09375; 0,09375; 106,69565217391305; 0,07019452
9431; 0,09375; 0,09375; 108,65217391304348; 0,0714817
9432; 0,09375; 0,09375; 106,78260869565217; 0,070251726
9433; 0,09375; 0,09375; 106,8913043478261; 0,070323244
9434; 0,09375; 0,09375; 105,6304347826087; 0,069493726
9435; 0,09375; 0,09375; 106,0; 0,06973685
9436; 0,09375; 0,09375; 106,54347826086956; 0,07009441
9437; 0,09375; 0,09375; 106,76086956521739; 0,07023742
9438; 0,09375; 0,09375; 105,15217391304348; 0,06917908
9439; 0,09375; 0,09375; 107,30434782608695; 0,07059499
9440; 0,09375; 0,09375; 106,23913043478261; 0,06989419
9441; 0,09375; 0,09375; 106,23913043478261; 0,06989419
9442; 0,09375; 0,09375; 106,06521739130434; 0,06977976
9443; 0,09375; 0,09375; 104,76086956521739; 0,068921626
9444; 0,09375; 0,09375; 106,56521739130434; 0,070108704
9445; 0,09375; 0,09375; 106,32608695652173; 0,069951385
9446; 0,09375; 0,09375; 105,6304347826087; 0,069493726
9447; 0,09375; 0,09375; 106,65217391304348; 0,070165925
9448; 0,09375; 0,09375; 106,95652173913044; 0,070366144
9449; 0,09375; 0,09375; 106,58695652173913; 0,07012302
9450; 0,09375; 0,09375; 105,97826086956522; 0,069722556
9451; 0,09375; 0,09375; 106,76086956521739; 0,07023743
9452; 0,09375; 0,09375; 105,41304347826087; 0,0693507
9453; 0,09375; 0,09375; 105,93478260869566; 0,06969394
9454; 0,09375; 0,09375; 106,5; 0,070065804
9455; 0,09375; 0,09375; 106,1086956521739; 0,06980836
9456; 0,09375; 0,09375; 107,78260869565217; 0,07090963
9457; 0,09375; 0,09375; 105,52173913043478; 0,06942221
9458; 0,09375; 0,09375; 106,58695652173913; 0,07012302
9459; 0,09375; 0,09375; 106,52173913043478; 0,07008012
9460; 0,09375; 0,09375; 106,21739130434783; 0,06987988
9461; 0,09375; 0,09375; 107,45652173913044; 0,07069509
9462; 0,09375; 0,09375; 107,26086956521739; 0,07056638
9463; 0,09375; 0,09375; 105,6304347826087; 0,06949372
9464; 0,09375; 0,09375; 106,52173913043478; 0,0700801
9465; 0,09375; 0,09375; 105,67391304347827; 0,06952232
9466; 0,09375; 0,09375; 105,97826086956522; 0,069722556
9467; 0,09375; 0,09375; 107,08695652173913; 0,07045197
9468; 0,09375; 0,09375; 105,95652173913044; 0,06970825
9469; 0,09375; 0,09375; 106,47826086956522; 0,070051506
9470; 0,09375; 0,09375; 106,5; 0,0700658
9471; 0,09375; 0,09375; 106,41304347826087; 0,07000859
9472; 0,09375; 0,09375; 107,02173913043478; 0,07040905
9473; 0,09375; 0,09375; 106,6086956521739; 0,07013731
9474; 0,09375; 0,09375; 106,3913043478261; 0,069994286
9475; 0,09375; 0,09375; 107,0; 0,07039475
9476; 0,09375; 0,09375; 106,67391304347827; 0,070180215
9477; 0,09375; 0,09375; 106,43478260869566; 0,070022896
9478; 0,09375; 0,09375; 106,91304347826087; 0,07033754
9479; 0,09375; 0,09375; 105,69565217391305; 0,06953663
9480; 0,09375; 0,09375; 106,56521739130434; 0,07010871
9481; 0,09375; 0,09375; 107,5; 0,0707237
9482; 0,09375; 0,09375; 107,17391304347827; 0,07050917
9483; 0,09375; 0,09375; 105,54347826086956; 0,0694365
9484; 0,09375; 0,09375; 106,23913043478261; 0,06989418
9485; 0,09375; 0,09375; 106,17391304347827; 0,06985127
9486; 0,09375; 0,09375; 106,3913043478261; 0,069994286
9487; 0,09375; 0,09375; 106,19565217391305; 0,06986558
9488; 0,09375; 0,09375; 106,91304347826087; 0,07033753
9489; 0,09375; 0,09375; 105,80434782608695; 0,06960814
9490; 0,09375; 0,09375; 106,23913043478261; 0,06989417
9491; 0,09375; 0,09375; 106,1086956521739; 0,069808364
9492; 0,09375; 0,09375; 106,17391304347827; 0,06985128
9493; 0,09375; 0,09375; 107,19565217391305; 0,070523456
9494; 0,09375; 0,09375; 107,45652173913044; 0,07069509
9495; 0,09375; 0,09375; 105,93478260869566; 0,06969396
9496; 0,09375; 0,09375; 105,8913043478261; 0,06966536
9497; 0,09375; 0,09375; 106,28260869565217; 0,069922775
9498; 0,09375; 0,09375; 106,65217391304348; 0,07016591
9499; 0,09375; 0,09375; 107,6086956521739; 0,070795216
9500; 0,09375; 0,09375; 105,80434782608695; 0,06960813
9501; 0,09375; 0,09375; 106,26086956521739; 0,069908485
9502; 0,09375; 0,09375; 105,54347826086956; 0,06943652
9503; 0,09375; 0,09375; 106,95652173913044; 0,070366144
9504; 0,09375; 0,09375; 106,54347826086956; 0,07009441
9505; 0,09375; 0,09375; 105,8695652173913; 0,069651045
9506; 0,09375; 0,09375; 106,3695652173913; 0,069979995
9507; 0,09375; 0,09375; 106,0; 0,06973686
9508; 0,09375; 0,09375; 106,45652173913044; 0,0700372
9509; 0,09375; 0,09375; 106,45652173913044; 0,0700372
9510; 0,09375; 0,09375; 106,08695652173913; 0,06979407
9511; 0,09375; 0,09375; 106,08695652173913; 0,069794066
9512; 0,09375; 0,09375; 106,52173913043478; 0,0700801
9513; 0,09375; 0,09375; 107,02173913043478; 0,070409045
9514; 0,09375; 0,09375; 107,0; 0,070394754
9515; 0,09375; 0,09375; 106,1086956521739; 0,06980837
9516; 0,09375; 0,09375; 106,6086956521739; 0,07013731
9517; 0,09375; 0,09375; 107,41304347826087; 0,07066649
9518; 0,09375; 0,09375; 106,30434782608695; 0,06993709
9519; 0,09375; 0,09375; 106,56521739130434; 0,07010871
9520; 0,09375; 0,09375; 106,43478260869566; 0,070022896
9521; 0,09375; 0,09375; 105,28260869565217; 0,06926489
9522; 0,09375; 0,09375; 109,54347826086956; 0,07206809
9523; 0,09375; 0,09375; 105,30434782608695; 0,069279194
9524; 0,09375; 0,09375; 106,71739130434783; 0,070208825
9525; 0,09375; 0,09375; 106,34782608695652; 0,06996568
9526; 0,09375; 0,09375; 107,04347826086956; 0,07042335
9527; 0,09375; 0,09375; 105,97826086956522; 0,06972256
9528; 0,09375; 0,09375; 107,26086956521739; 0,07056637
9529; 0,09375; 0,09375; 106,47826086956522; 0,07005149
9530; 0,09375; 0,09375; 106,52173913043478; 0,070080094
9531; 0,09375; 0,09375; 106,6086956521739; 0,07013731
9532; 0,09375; 0,09375; 107,06521739130434; 0,07043765
9533; 0,09375; 0,09375; 107,08695652173913; 0,070451945
9534; 0,09375; 0,09375; 107,5; 0,070723705
9535; 0,09375; 0,09375; 105,80434782608695; 0,06960813
9536; 0,09375; 0,09375; 106,95652173913044; 0,07036615
9537; 0,09375; 0,09375; 105,76086956521739; 0,06957954
9538; 0,09375; 0,09375; 105,80434782608695; 0,06960814
9539; 0,09375; 0,09375; 106,3695652173913; 0,069979995
9540; 0,09375; 0,09375; 107,15217391304348; 0,07049487
9541; 0,09375; 0,09375; 106,23913043478261; 0,06989418
9542; 0,09375; 0,09375; 107,6304347826087; 0,07080951
9543; 0,09375; 0,09375; 107,69565217391305; 0,070852414
9544; 0,09375; 0,09375; 106,5; 0,070065804
9545; 0,09375; 0,09375; 106,67391304347827; 0,070180215
9546; 0,09375; 0,09375; 109,15217391304348; 0,07181065
9547; 0,09375; 0,09375; 105,8913043478261; 0,069665335
9548; 0,09375; 0,09375; 105,52173913043478; 0,06942221
9549; 0,09375; 0,09375; 106,34782608695652; 0,0699657
9550; 0,09375; 0,09375; 105,3695652173913; 0,0693221
9551; 0,09375; 0,09375; 106,43478260869566; 0,07002289
9552; 0,09375; 0,09375; 106,78260869565217; 0,070251726
9553; 0,09375; 0,09375; 106,82608695652173; 0,070280336
9554; 0,09375; 0,09375; 107,23913043478261; 0,07055207
9555; 0,09375; 0,09375; 107,1086956521739; 0,07046627
9556; 0,09375; 0,09375; 106,54347826086956; 0,070094414
9557; 0,09375; 0,09375; 106,1086956521739; 0,06980837
9558; 0,09375; 0,09375; 106,15217391304348; 0,06983697
9559; 0,09375; 0,09375; 106,56521739130434; 0,070108704
9560; 0,09375; 0,09375; 106,6304347826087; 0,07015162
9561; 0,09375; 0,09375; 105,69565217391305; 0,069536634
9562; 0,09375; 0,09375; 106,19565217391305; 0,06986557
9563; 0,09375; 0,09375; 106,3695652173913; 0,06997999
9564; 0,09375; 0,09375; 106,78260869565217; 0,070251726
9565; 0,09375; 0,09375; 106,32608695652173; 0,06995139
9566; 0,09375; 0,09375; 108,04347826086956; 0,07108125
9567; 0,09375; 0,09375; 106,41304347826087; 0,07000859
9568; 0,09375; 0,09375; 106,1304347826087; 0,06982266
9569; 0,09375; 0,09375; 105,91304347826087; 0,069679655
9570; 0,09375; 0,09375; 106,73913043478261; 0,07022312
9571; 0,09375; 0,09375; 105,3913043478261; 0,0693364
9572; 0,09375; 0,09375; 106,71739130434783; 0,07020882
9573; 0,09375; 0,09375; 106,69565217391305; 0,07019452
9574; 0,09375; 0,09375; 106,69565217391305; 0,070194535
9575; 0,09375; 0,09375; 106,52173913043478; 0,0700801
9576; 0,09375; 0,09375; 107,1086956521739; 0,07046625
9577; 0,09375; 0,09375; 106,54347826086956; 0,07009441
9578; 0,09375; 0,09375; 109,56521739130434; 0,07208239
9579; 0,09375; 0,09375; 106,02173913043478; 0,069751166
9580; 0,09375; 0,09375; 106,34782608695652; 0,069965675
9581; 0,09375; 0,09375; 106,43478260869566; 0,070022896
9582; 0,09375; 0,09375; 106,0; 0,06973686
9583; 0,09375; 0,09375; 106,65217391304348; 0,070165925
9584; 0,09375; 0,09375; 107,21739130434783; 0,07053776
9585; 0,09375; 0,09375; 106,06521739130434; 0,06977976
9586; 0,09375; 0,09375; 105,8913043478261; 0,06966535
9587; 0,09375; 0,09375; 105,6086956521739; 0,069479406
9588; 0,09375; 0,09375; 104,8695652173913; 0,06899315
9589; 0,09375; 0,09375; 106,6304347826087; 0,07015161
9590; 0,09375; 0,09375; 105,73913043478261; 0,06956523
9591; 0,09375; 0,09375; 106,04347826086956; 0,06976546
9592; 0,09375; 0,09375; 106,93478260869566; 0,07035185
9593; 0,09375; 0,09375; 106,76086956521739; 0,07023742
9594; 0,09375; 0,09375; 106,28260869565217; 0,06992278
9595; 0,09375; 0,09375; 106,82608695652173; 0,070280336
9596; 0,09375; 0,09375; 107,45652173913044; 0,07069509
9597; 0,09375; 0,09375; 106,34782608695652; 0,06996569
9598; 0,09375; 0,09375; 106,65217391304348; 0,07016592
9599; 0,09375; 0,09375; 108,0; 0,07105264
9600; 0,09375; 0,09375; 106,97826086956522; 0,07038045
9601; 0,09375; 0,09375; 106,73913043478261; 0,07022312
9602; 0,09375; 0,09375; 106,54347826086956; 0,070094414
9603; 0,09375; 0,09375; 105,3913043478261; 0,06933639
9604; 0,09375; 0,09375; 106,52173913043478; 0,0700801
9605; 0,09375; 0,09375; 108,34782608695652; 0,07128148
9606; 0,09375; 0,09375; 106,52173913043478; 0,0700801
9607; 0,09375; 0,09375; 107,17391304347827; 0,07050917
9608; 0,09375; 0,09375; 105,15217391304348; 0,069179066
9609; 0,09375; 0,09375; 105,80434782608695; 0,06960814
9610; 0,09375; 0,09375; 106,80434782608695; 0,07026603
9611; 0,09375; 0,09375; 107,45652173913044; 0,07069509
9612; 0,09375; 0,09375; 106,76086956521739; 0,07023742
9613; 0,09375; 0,09375; 106,08695652173913; 0,06979406
9614; 0,09375; 0,09375; 104,26086956521739; 0,068592705
9615; 0,09375; 0,09375; 107,69565217391305; 0,07085242
9616; 0,09375; 0,09375; 105,95652173913044; 0,06970825
9617; 0,09375; 0,09375; 106,43478260869566; 0,070022896
9618; 0,09375; 0,09375; 105,82608695652173; 0,06962244
9619; 0,09375; 0,09375; 106,1304347826087; 0,06982267
9620; 0,09375; 0,09375; 106,08695652173913; 0,069794066
9621; 0,09375; 0,09375; 105,84782608695652; 0,06963674
9622; 0,09375; 0,09375; 105,43478260869566; 0,069365
9623; 0,09375; 0,09375; 105,6304347826087; 0,069493726
9624; 0,09375; 0,09375; 106,15217391304348; 0,06983697
9625; 0,09375; 0,09375; 108,0; 0,07105264
9626; 0,09375; 0,09375; 106,73913043478261; 0,07022313
9627; 0,09375; 0,09375; 105,95652173913044; 0,06970825
9628; 0,09375; 0,09375; 108,26086956521739; 0,07122427
9629; 0,09375; 0,09375; 105,08695652173913; 0,06913616
9630; 0,09375; 0,09375; 107,1086956521739; 0,07046627
9631; 0,09375; 0,09375; 106,23913043478261; 0,06989417
9632; 0,09375; 0,09375; 106,34782608695652; 0,0699657
9633; 0,09375; 0,09375; 106,54347826086956; 0,07009441
9634; 0,09375; 0,09375; 107,43478260869566; 0,0706808
9635; 0,09375; 0,09375; 105,34782608695652; 0,0693078
9636; 0,09375; 0,09375; 106,32608695652173; 0,069951385
9637; 0,09375; 0,09375; 106,0; 0,06973686
9638; 0,09375; 0,09375; 106,3913043478261; 0,0699943
9639; 0,09375; 0,09375; 105,1304347826087; 0,069164775
9640; 0,09375; 0,09375; 106,5; 0,07006581
9641; 0,09375; 0,09375; 106,3913043478261; 0,069994286
9642; 0,09375; 0,09375; 107,17391304347827; 0,07050917
9643; 0,09375; 0,09375; 106,41304347826087; 0,07000859
9644; 0,09375; 0,09375; 106,97826086956522; 0,07038045
9645; 0,09375; 0,09375; 106,30434782608695; 0,06993709
9646; 0,09375; 0,09375; 105,69565217391305; 0,06953663
9647; 0,09375; 0,09375; 106,41304347826087; 0,07000859
9648; 0,09375; 0,09375; 105,47826086956522; 0,069393605
9649; 0,09375; 0,09375; 105,73913043478261; 0,06956524
9650; 0,09375; 0,09375; 106,04347826086956; 0,069765456
9651; 0,09375; 0,09375; 106,69565217391305; 0,07019451
9652; 0,09375; 0,09375; 106,08695652173913; 0,06979406
9653; 0,09375; 0,09375; 106,80434782608695; 0,070266016
9654; 0,09375; 0,09375; 104,28260869565217; 0,068606995
9655; 0,09375; 0,09375; 106,69565217391305; 0,07019452
9656; 0,09375; 0,09375; 106,56521739130434; 0,07010871
9657; 0,09375; 0,09375; 106,91304347826087; 0,07033754
9658; 0,09375; 0,09375; 106,41304347826087; 0,07000859
9659; 0,09375; 0,09375; 105,73913043478261; 0,06956523
9660; 0,09375; 0,09375; 106,41304347826087; 0,07000859
9661; 0,09375; 0,09375; 107,06521739130434; 0,07043766
9662; 0,09375; 0,09375; 105,95652173913044; 0,06970825
9663; 0,09375; 0,09375; 106,28260869565217; 0,06992278
9664; 0,09375; 0,09375; 106,76086956521739; 0,07023743
9665; 0,09375; 0,09375; 106,08695652173913; 0,06979406
9666; 0,09375; 0,09375; 106,73913043478261; 0,07022312
9667; 0,09375; 0,09375; 106,26086956521739; 0,06990848
9668; 0,09375; 0,09375; 106,23913043478261; 0,06989418
9669; 0,09375; 0,09375; 106,6304347826087; 0,07015162
9670; 0,09375; 0,09375; 106,41304347826087; 0,0700086
9671; 0,09375; 0,09375; 106,97826086956522; 0,07038044
9672; 0,09375; 0,09375; 106,67391304347827; 0,07018022
9673; 0,09375; 0,09375; 106,41304347826087; 0,07000859
9674; 0,09375; 0,09375; 106,19565217391305; 0,06986557
9675; 0,09375; 0,09375; 106,8695652173913; 0,07030894
9676; 0,09375; 0,09375; 105,45652173913044; 0,0693793
9677; 0,09375; 0,09375; 106,5; 0,070065804
9678; 0,09375; 0,09375; 105,97826086956522; 0,069722556
9679; 0,09375; 0,09375; 106,97826086956522; 0,07038044
9680; 0,09375; 0,09375; 106,78260869565217; 0,070251726
9681; 0,09375; 0,09375; 106,97826086956522; 0,07038046
9682; 0,09375; 0,09375; 106,93478260869566; 0,07035185
9683; 0,09375; 0,09375; 106,97826086956522; 0,07038044
9684; 0,09375; 0,09375; 106,71739130434783; 0,070208825
9685; 0,09375; 0,09375; 106,54347826086956; 0,07009441
9686; 0,09375; 0,09375; 105,95652173913044; 0,06970825
9687; 0,09375; 0,09375; 106,15217391304348; 0,069836974
9688; 0,09375; 0,09375; 105,67391304347827; 0,069522314
9689; 0,09375; 0,09375; 107,3913043478261; 0,07065219
9690; 0,09375; 0,09375; 107,28260869565217; 0,070580676
9691; 0,09375; 0,09375; 106,54347826086956; 0,070094414
9692; 0,09375; 0,09375; 106,04347826086956; 0,069765456
9693; 0,09375; 0,09375; 106,8913043478261; 0,070323244
9694; 0,09375; 0,09375; 106,32608695652173; 0,069951385
9695; 0,09375; 0,09375; 105,91304347826087; 0,069679655
9696; 0,09375; 0,09375; 106,45652173913044; 0,0700372
9697; 0,09375; 0,09375; 107,1086956521739; 0,07046627
9698; 0,09375; 0,09375; 106,23913043478261; 0,06989419
9699; 0,09375; 0,09375; 107,04347826086956; 0,07042336
9700; 0,09375; 0,09375; 105,78260869565217; 0,06959383
9701; 0,09375; 0,09375; 106,52173913043478; 0,0700801
9702; 0,09375; 0,09375; 106,65217391304348; 0,070165925
9703; 0,09375; 0,09375; 106,08695652173913; 0,069794066
9704; 0,09375; 0,09375; 104,93478260869566; 0,06903605
9705; 0,09375; 0,09375; 106,3913043478261; 0,069994286
9706; 0,09375; 0,09375; 108,82608695652173; 0,07159613
9707; 0,09375; 0,09375; 105,93478260869566; 0,06969395
9708; 0,09375; 0,09375; 105,23913043478261; 0,069236286
9709; 0,09375; 0,09375; 106,76086956521739; 0,07023742
9710; 0,09375; 0,09375; 107,17391304347827; 0,07050916
9711; 0,09375; 0,09375; 106,08695652173913; 0,069794066
9712; 0,09375; 0,09375; 107,0; 0,07039475
9713; 0,09375; 0,09375; 106,95652173913044; 0,070366144
9714; 0,09375; 0,09375; 107,45652173913044; 0,070695095
9715; 0,09375; 0,09375; 107,47826086956522; 0,07070941
9716; 0,09375; 0,09375; 106,06521739130434; 0,06977976
9717; 0,09375; 0,09375; 106,5; 0,0700658
9718; 0,09375; 0,09375; 105,71739130434783; 0,06955093
9719; 0,09375; 0,09375; 106,1086956521739; 0,06980837
9720; 0,09375; 0,09375; 106,56521739130434; 0,0701087
9721; 0,09375; 0,09375; 107,3913043478261; 0,070652194
9722; 0,09375; 0,09375; 106,78260869565217; 0,070251726
9723; 0,09375; 0,09375; 106,34782608695652; 0,06996569
9724; 0,09375; 0,09375; 106,26086956521739; 0,06990848
9725; 0,09375; 0,09375; 105,97826086956522; 0,06972254
9726; 0,09375; 0,09375; 106,1086956521739; 0,06980837
9727; 0,09375; 0,09375; 106,19565217391305; 0,06986557
9728; 0,09375; 0,09375; 106,54347826086956; 0,070094414
9729; 0,09375; 0,09375; 105,95652173913044; 0,06970825
9730; 0,09375; 0,09375; 106,78260869565217; 0,070251726
9731; 0,09375; 0,09375; 106,21739130434783; 0,06987987
9732; 0,09375; 0,09375; 106,52173913043478; 0,0700801
9733; 0,09375; 0,09375; 107,58695652173913; 0,070780896
9734; 0,09375; 0,09375; 105,21739130434783; 0,06922197
9735; 0,09375; 0,09375; 106,32608695652173; 0,06995139
9736; 0,09375; 0,09375; 105,1086956521739; 0,06915047
9737; 0,09375; 0,09375; 106,34782608695652; 0,06996569
9738; 0,09375; 0,09375; 106,32608695652173; 0,06995138
9739; 0,09375; 0,09375; 107,30434782608695; 0,070594974
9740; 0,09375; 0,09375; 105,19565217391305; 0,069207676
9741; 0,09375; 0,09375; 106,5; 0,070065804
9742; 0,09375; 0,09375; 104,78260869565217; 0,06893594
9743; 0,09375; 0,09375; 106,15217391304348; 0,06983697
9744; 0,09375; 0,09375; 106,84782608695652; 0,07029463
9745; 0,09375; 0,09375; 106,15217391304348; 0,06983697
9746; 0,09375; 0,09375; 105,1086956521739; 0,06915047
9747; 0,09375; 0,09375; 105,0; 0,06907896
9748; 0,09375; 0,09375; 107,08695652173913; 0,07045197
9749; 0,09375; 0,09375; 106,23913043478261; 0,06989419
9750; 0,09375; 0,09375; 107,23913043478261; 0,07055207
9751; 0,09375; 0,09375; 105,28260869565217; 0,06926488
9752; 0,09375; 0,09375; 104,97826086956522; 0,06906466
9753; 0,09375; 0,09375; 106,34782608695652; 0,06996569
9754; 0,09375; 0,09375; 107,0; 0,07039475
9755; 0,09375; 0,09375; 106,19565217391305; 0,06986557
9756; 0,09375; 0,09375; 104,56521739130434; 0,06879293
9757; 0,09375; 0,09375; 106,26086956521739; 0,06990847
9758; 0,09375; 0,09375; 105,97826086956522; 0,069722556
9759; 0,09375; 0,09375; 105,58695652173913; 0,06946511
9760; 0,09375; 0,09375; 106,45652173913044; 0,0700372
9761; 0,09375; 0,09375; 108,6086956521739; 0,0714531
9762; 0,09375; 0,09375; 105,1086956521739; 0,06915047
9763; 0,09375; 0,09375; 105,45652173913044; 0,06937931
9764; 0,09375; 0,09375; 105,71739130434783; 0,06955093
9765; 0,09375; 0,09375; 106,08695652173913; 0,069794066
9766; 0,09375; 0,09375; 106,23913043478261; 0,06989417
9767; 0,09375; 0,09375; 105,97826086956522; 0,069722556
9768; 0,09375; 0,09375; 106,3913043478261; 0,069994286
9769; 0,09375; 0,09375; 106,5; 0,0700658
9770; 0,09375; 0,09375; 107,3695652173913; 0,07063788
9771; 0,09375; 0,09375; 106,32608695652173; 0,069951385
9772; 0,09375; 0,09375; 106,32608695652173; 0,069951385
9773; 0,09375; 0,09375; 106,97826086956522; 0,07038044
9774; 0,09375; 0,09375; 106,56521739130434; 0,07010871
9775; 0,09375; 0,09375; 107,08695652173913; 0,07045196
9776; 0,09375; 0,09375; 106,3695652173913; 0,06997999
9777; 0,09375; 0,09375; 106,8913043478261; 0,07032325
9778; 0,09375; 0,09375; 106,65217391304348; 0,07016592
9779; 0,09375; 0,09375; 106,21739130434783; 0,069879875
9780; 0,09375; 0,09375; 106,78260869565217; 0,07025173
9781; 0,09375; 0,09375; 106,3913043478261; 0,06999429
9782; 0,09375; 0,09375; 107,30434782608695; 0,070594974
9783; 0,09375; 0,09375; 106,23913043478261; 0,06989417
9784; 0,09375; 0,09375; 105,80434782608695; 0,06960814
9785; 0,09375; 0,09375; 106,15217391304348; 0,06983698
9786; 0,09375; 0,09375; 105,02173913043478; 0,06909327
9787; 0,09375; 0,09375; 105,8695652173913; 0,06965105
9788; 0,09375; 0,09375; 105,93478260869566; 0,069693945
9789; 0,09375; 0,09375; 107,1086956521739; 0,070466265
9790; 0,09375; 0,09375; 106,52173913043478; 0,07008012
9791; 0,09375; 0,09375; 106,32608695652173; 0,06995138
9792; 0,09375; 0,09375; 106,69565217391305; 0,07019453
9793; 0,09375; 0,09375; 106,56521739130434; 0,070108704
9794; 0,09375; 0,09375; 106,69565217391305; 0,07019452
9795; 0,09375; 0,09375; 106,52173913043478; 0,0700801
9796; 0,09375; 0,09375; 106,6304347826087; 0,07015161
9797; 0,09375; 0,09375; 106,54347826086956; 0,070094414
9798; 0,09375; 0,09375; 106,34782608695652; 0,06996568
9799; 0,09375; 0,09375; 105,45652173913044; 0,06937931
9800; 0,09375; 0,09375; 106,26086956521739; 0,069908485
9801; 0,09375; 0,09375; 105,56521739130434; 0,06945081
9802; 0,09375; 0,09375; 106,26086956521739; 0,069908485
9803; 0,09375; 0,09375; 106,5; 0,070065804
9804; 0,09375; 0,09375; 106,80434782608695; 0,07026603
9805; 0,09375; 0,09375; 107,15217391304348; 0,07049487
9806; 0,09375; 0,09375; 106,76086956521739; 0,07023742
9807; 0,09375; 0,09375; 106,52173913043478; 0,07008011
9808; 0,09375; 0,09375; 106,19565217391305; 0,06986558
9809; 0,09375; 0,09375; 107,02173913043478; 0,07040906
9810; 0,09375; 0,09375; 106,21739130434783; 0,06987988
9811; 0,09375; 0,09375; 105,04347826086956; 0,069107555
9812; 0,09375; 0,09375; 105,71739130434783; 0,06955093
9813; 0,09375; 0,09375; 107,02173913043478; 0,07040905
9814; 0,09375; 0,09375; 105,67391304347827; 0,06952232
9815; 0,09375; 0,09375; 105,71739130434783; 0,06955093
9816; 0,09375; 0,09375; 106,26086956521739; 0,06990849
9817; 0,09375; 0,09375; 105,02173913043478; 0,06909327
9818; 0,09375; 0,09375; 108,1086956521739; 0,07112415
9819; 0,09375; 0,09375; 106,43478260869566; 0,070022896
9820; 0,09375; 0,09375; 106,19565217391305; 0,06986557
9821; 0,09375; 0,09375; 106,41304347826087; 0,07000859
9822; 0,09375; 0,09375; 107,32608695652173; 0,07060929
9823; 0,09375; 0,09375; 104,8695652173913; 0,06899315
9824; 0,09375; 0,09375; 106,28260869565217; 0,06992278
9825; 0,09375; 0,09375; 106,34782608695652; 0,06996569
9826; 0,09375; 0,09375; 105,28260869565217; 0,06926488
9827; 0,09375; 0,09375; 106,3913043478261; 0,069994286
9828; 0,09375; 0,09375; 105,69565217391305; 0,06953663
9829; 0,09375; 0,09375; 106,76086956521739; 0,07023743
9830; 0,09375; 0,09375; 107,19565217391305; 0,07052348
9831; 0,09375; 0,09375; 105,8913043478261; 0,06966534
9832; 0,09375; 0,09375; 106,80434782608695; 0,070266016
9833; 0,09375; 0,09375; 106,41304347826087; 0,07000859
9834; 0,09375; 0,09375; 106,21739130434783; 0,06987988
9835; 0,09375; 0,09375; 106,45652173913044; 0,0700372
9836; 0,09375; 0,09375; 105,82608695652173; 0,06962244
9837; 0,09375; 0,09375; 105,71739130434783; 0,06955093
9838; 0,09375; 0,09375; 107,26086956521739; 0,07056638
9839; 0,09375; 0,09375; 106,3913043478261; 0,06999429
9840; 0,09375; 0,09375; 107,41304347826087; 0,07066649
9841; 0,09375; 0,09375; 106,47826086956522; 0,0700515
9842; 0,09375; 0,09375; 106,69565217391305; 0,07019452
9843; 0,09375; 0,09375; 107,15217391304348; 0,07049487
9844; 0,09375; 0,09375; 106,3695652173913; 0,06997999
9845; 0,09375; 0,09375; 105,8695652173913; 0,06965104
9846; 0,09375; 0,09375; 106,17391304347827; 0,06985127
9847; 0,09375; 0,09375; 107,15217391304348; 0,07049486
9848; 0,09375; 0,09375; 106,1086956521739; 0,069808364
9849; 0,09375; 0,09375; 106,34782608695652; 0,06996569
9850; 0,09375; 0,09375; 107,6304347826087; 0,070809506
9851; 0,09375; 0,09375; 107,02173913043478; 0,07040906
9852; 0,09375; 0,09375; 108,04347826086956; 0,07108126
9853; 0,09375; 0,09375; 105,69565217391305; 0,06953662
9854; 0,09375; 0,09375; 106,3695652173913; 0,06997999
9855; 0,09375; 0,09375; 106,5; 0,070065804
9856; 0,09375; 0,09375; 107,1086956521739; 0,07046626
9857; 0,09375; 0,09375; 106,47826086956522; 0,070051506
9858; 0,09375; 0,09375; 106,58695652173913; 0,07012301
9859; 0,09375; 0,09375; 107,23913043478261; 0,07055209
9860; 0,09375; 0,09375; 105,84782608695652; 0,06963675
9861; 0,09375; 0,09375; 106,6086956521739; 0,07013731
9862; 0,09375; 0,09375; 105,8695652173913; 0,06965105
9863; 0,09375; 0,09375; 106,5; 0,0700658
9864; 0,09375; 0,09375; 106,06521739130434; 0,06977975
9865; 0,09375; 0,09375; 107,54347826086956; 0,07075231
9866; 0,09375; 0,09375; 105,5; 0,06940791
9867; 0,09375; 0,09375; 106,95652173913044; 0,07036614
9868; 0,09375; 0,09375; 106,15217391304348; 0,06983697
9869; 0,09375; 0,09375; 106,69565217391305; 0,07019452
9870; 0,09375; 0,09375; 107,02173913043478; 0,07040905
9871; 0,09375; 0,09375; 106,08695652173913; 0,069794066
9872; 0,09375; 0,09375; 105,58695652173913; 0,06946511
9873; 0,09375; 0,09375; 108,93478260869566; 0,071667634
9874; 0,09375; 0,09375; 106,56521739130434; 0,07010871
9875; 0,09375; 0,09375; 107,8695652173913; 0,07096683
9876; 0,09375; 0,09375; 106,54347826086956; 0,07009441
9877; 0,09375; 0,09375; 107,54347826086956; 0,0707523
9878; 0,09375; 0,09375; 105,73913043478261; 0,06956524
9879; 0,09375; 0,09375; 105,97826086956522; 0,069722556
9880; 0,09375; 0,09375; 106,58695652173913; 0,07012301
9881; 0,09375; 0,09375; 105,82608695652173; 0,06962244
9882; 0,09375; 0,09375; 106,8913043478261; 0,07032324
9883; 0,09375; 0,09375; 105,32608695652173; 0,069293484
9884; 0,09375; 0,09375; 107,06521739130434; 0,07043766
9885; 0,09375; 0,09375; 106,30434782608695; 0,06993709
9886; 0,09375; 0,09375; 105,78260869565217; 0,06959385
9887; 0,09375; 0,09375; 106,34782608695652; 0,06996568
9888; 0,09375; 0,09375; 106,1086956521739; 0,06980837
9889; 0,09375; 0,09375; 107,02173913043478; 0,07040906
9890; 0,09375; 0,09375; 105,3695652173913; 0,06932209
9891; 0,09375; 0,09375; 106,3913043478261; 0,069994286
9892; 0,09375; 0,09375; 107,65217391304348; 0,07082381
9893; 0,09375; 0,09375; 105,91304347826087; 0,06967965
9894; 0,09375; 0,09375; 107,15217391304348; 0,07049487
9895; 0,09375; 0,09375; 105,82608695652173; 0,06962244
9896; 0,09375; 0,09375; 106,73913043478261; 0,07022313
9897; 0,09375; 0,09375; 106,47826086956522; 0,07005149
9898; 0,09375; 0,09375; 108,17391304347827; 0,07116706
9899; 0,09375; 0,09375; 105,93478260869566; 0,069693945
9900; 0,09375; 0,09375; 107,78260869565217; 0,070909634
9901; 0,09375; 0,09375; 107,45652173913044; 0,07069509
9902; 0,09375; 0,09375; 107,47826086956522; 0,0707094
9903; 0,09375; 0,09375; 106,56521739130434; 0,07010871
9904; 0,09375; 0,09375; 106,6086956521739; 0,070137314
9905; 0,09375; 0,09375; 107,17391304347827; 0,070509166
9906; 0,09375; 0,09375; 106,0; 0,069736846
9907; 0,09375; 0,09375; 107,08695652173913; 0,07045197
9908; 0,09375; 0,09375; 105,56521739130434; 0,06945082
9909; 0,09375; 0,09375; 106,43478260869566; 0,07002291
9910; 0,09375; 0,09375; 106,65217391304348; 0,070165925
9911; 0,09375; 0,09375; 106,21739130434783; 0,06987987
9912; 0,09375; 0,09375; 106,76086956521739; 0,07023742
9913; 0,09375; 0,09375; 105,93478260869566; 0,06969395
9914; 0,09375; 0,09375; 106,30434782608695; 0,069937095
9915; 0,09375; 0,09375; 106,15217391304348; 0,069836974
9916; 0,09375; 0,09375; 105,91304347826087; 0,06967964
9917; 0,09375; 0,09375; 105,93478260869566; 0,069693945
9918; 0,09375; 0,09375; 107,21739130434783; 0,07053777
9919; 0,09375; 0,09375; 107,02173913043478; 0,07040906
9920; 0,09375; 0,09375; 106,17391304347827; 0,069851264
9921; 0,09375; 0,09375; 106,3913043478261; 0,06999429
9922; 0,09375; 0,09375; 106,08695652173913; 0,069794066
9923; 0,09375; 0,09375; 106,45652173913044; 0,0700372
9924; 0,09375; 0,09375; 107,04347826086956; 0,07042336
9925; 0,09375; 0,09375; 105,26086956521739; 0,06925058
9926; 0,09375; 0,09375; 106,76086956521739; 0,07023743
9927; 0,09375; 0,09375; 106,8913043478261; 0,07032325
9928; 0,09375; 0,09375; 105,71739130434783; 0,069550924
9929; 0,09375; 0,09375; 107,08695652173913; 0,07045196
9930; 0,09375; 0,09375; 106,6304347826087; 0,07015161
9931; 0,09375; 0,09375; 107,6086956521739; 0,070795216
9932; 0,09375; 0,09375; 105,93478260869566; 0,06969396
9933; 0,09375; 0,09375; 106,76086956521739; 0,070237435
9934; 0,09375; 0,09375; 105,67391304347827; 0,069522314
9935; 0,09375; 0,09375; 106,6086956521739; 0,070137314
9936; 0,09375; 0,09375; 107,56521739130434; 0,0707666
9937; 0,09375; 0,09375; 106,19565217391305; 0,06986557
9938; 0,09375; 0,09375; 107,28260869565217; 0,070580676
9939; 0,09375; 0,09375; 106,41304347826087; 0,07000859
9940; 0,09375; 0,09375; 106,0; 0,06973685
9941; 0,09375; 0,09375; 105,82608695652173; 0,06962245
9942; 0,09375; 0,09375; 106,6086956521739; 0,07013731
9943; 0,09375; 0,09375; 106,8913043478261; 0,07032324
9944; 0,09375; 0,09375; 106,1086956521739; 0,06980837
9945; 0,09375; 0,09375; 106,52173913043478; 0,07008011
9946; 0,09375; 0,09375; 107,08695652173913; 0,07045196
9947; 0,09375; 0,09375; 106,67391304347827; 0,07018022
9948; 0,09375; 0,09375; 105,78260869565217; 0,06959384
9949; 0,09375; 0,09375; 105,78260869565217; 0,06959383
9950; 0,09375; 0,09375; 106,21739130434783; 0,069879875
9951; 0,09375; 0,09375; 106,26086956521739; 0,06990849
9952; 0,09375; 0,09375; 106,3913043478261; 0,069994286
9953; 0,09375; 0,09375; 106,54347826086956; 0,07009441
9954; 0,09375; 0,09375; 106,1304347826087; 0,06982268
9955; 0,09375; 0,09375; 106,84782608695652; 0,07029464
9956; 0,09375; 0,09375; 106,97826086956522; 0,07038045
9957; 0,09375; 0,09375; 106,3695652173913; 0,06998
9958; 0,09375; 0,09375; 106,71739130434783; 0,07020883
9959; 0,09375; 0,09375; 106,32608695652173; 0,06995139
9960; 0,09375; 0,09375; 106,69565217391305; 0,07019451
9961; 0,09375; 0,09375; 106,8913043478261; 0,070323244
9962; 0,09375; 0,09375; 106,47826086956522; 0,07005151
9963; 0,09375; 0,09375; 106,5; 0,0700658
9964; 0,09375; 0,09375; 106,28260869565217; 0,06992279
9965; 0,09375; 0,09375; 105,93478260869566; 0,06969395
9966; 0,09375; 0,09375; 107,82608695652173; 0,07093822
9967; 0,09375; 0,09375; 105,58695652173913; 0,06946512
9968; 0,09375; 0,09375; 106,52173913043478; 0,0700801
9969; 0,09375; 0,09375; 106,15217391304348; 0,06983697
9970; 0,09375; 0,09375; 106,56521739130434; 0,07010871
9971; 0,09375; 0,09375; 106,54347826086956; 0,0700944
9972; 0,09375; 0,09375; 107,97826086956522; 0,07103834
9973; 0,09375; 0,09375; 106,5; 0,07006581
9974; 0,09375; 0,09375; 107,73913043478261; 0,07088102
9975; 0,09375; 0,09375; 106,95652173913044; 0,07036614
9976; 0,09375; 0,09375; 106,34782608695652; 0,06996569
9977; 0,09375; 0,09375; 107,06521739130434; 0,07043766
9978; 0,09375; 0,09375; 106,65217391304348; 0,070165925
9979; 0,09375; 0,09375; 106,76086956521739; 0,07023743
9980; 0,09375; 0,09375; 106,71739130434783; 0,070208825
9981; 0,09375; 0,09375; 106,32608695652173; 0,06995139
9982; 0,09375; 0,09375; 106,45652173913044; 0,07003719
9983; 0,09375; 0,09375; 107,15217391304348; 0,070494875
9984; 0,09375; 0,09375; 106,82608695652173; 0,07028033
9985; 0,09375; 0,09375; 106,0; 0,06973686
9986; 0,09375; 0,09375; 106,41304347826087; 0,07000859
9987; 0,09375; 0,09375; 106,52173913043478; 0,0700801
9988; 0,09375; 0,09375; 106,84782608695652; 0,07029464
9989; 0,09375; 0,09375; 105,3913043478261; 0,06933639
9990; 0,09375; 0,09375; 105,95652173913044; 0,06970825
9991; 0,09375; 0,09375; 106,80434782608695; 0,07026603
9992; 0,09375; 0,09375; 106,65217391304348; 0,070165925
9993; 0,09375; 0,09375; 107,30434782608695; 0,07059498
9994; 0,09375; 0,09375; 106,3913043478261; 0,069994286
9995; 0,09375; 0,09375; 106,95652173913044; 0,070366144
9996; 0,09375; 0,09375; 105,93478260869566; 0,069693945
9997; 0,09375; 0,09375; 108,23913043478261; 0,07120997
9998; 0,09375; 0,09375; 104,15217391304348; 0,06852118
9999; 0,09375; 0,09375; 105,78260869565217; 0,069593824
10000; 0,09375; 0,09375; 106,58695652173913; 0,07012301
