Iteration; Fitness nach Rekombination; Fitness nach Mutation; Anzahl aktiver Knoten; Anteil aktiver Knoten
1; 0,40625; 0,390625; 148,69565217391303; 0,097826086
2; 0,390625; 0,390625; 143,41304347826087; 0,09435069
3; 0,390625; 0,375; 183,41304347826087; 0,1206665
4; 0,375; 0,375; 187,6086956521739; 0,12342677
5; 0,375; 0,375; 190,54347826086956; 0,12535758
6; 0,375; 0,375; 191,2391304347826; 0,12581523
7; 0,375; 0,375; 188,93478260869566; 0,12429921
8; 0,375; 0,375; 191,91304347826087; 0,12625857
9; 0,375; 0,328125; 191,17391304347825; 0,12577236
10; 0,328125; 0,296875; 190,8913043478261; 0,12558642
11; 0,28125; 0,28125; 192,6086956521739; 0,12671629
12; 0,28125; 0,28125; 193,6086956521739; 0,12737417
13; 0,28125; 0,28125; 194,65217391304347; 0,12806067
14; 0,28125; 0,28125; 194,93478260869566; 0,12824659
15; 0,28125; 0,265625; 194,80434782608697; 0,12816079
16; 0,265625; 0,25; 194,7173913043478; 0,12810357
17; 0,25; 0,25; 196,95652173913044; 0,12957664
18; 0,25; 0,25; 196,69565217391303; 0,12940504
19; 0,25; 0,25; 195,69565217391303; 0,12874714
20; 0,25; 0,25; 194,6304347826087; 0,12804635
21; 0,25; 0,25; 193,5; 0,12730263
22; 0,25; 0,25; 193,8913043478261; 0,12756005
23; 0,25; 0,25; 194,6304347826087; 0,12804632
24; 0,25; 0,25; 194,97826086956522; 0,12827517
25; 0,25; 0,25; 194,1086956521739; 0,12770307
26; 0,25; 0,25; 193,8695652173913; 0,12754579
27; 0,25; 0,25; 194,3913043478261; 0,127889
28; 0,25; 0,25; 194,93478260869566; 0,12824656
29; 0,25; 0,25; 194,2826086956522; 0,1278175
30; 0,25; 0,25; 194,93478260869566; 0,12824658
31; 0,25; 0,25; 194,54347826086956; 0,12798913
32; 0,25; 0,25; 195,0; 0,12828948
33; 0,25; 0,25; 195,2826086956522; 0,1284754
34; 0,25; 0,234375; 194,95652173913044; 0,12826085
35; 0,234375; 0,234375; 195,54347826086956; 0,128647
36; 0,234375; 0,234375; 195,3913043478261; 0,12854688
37; 0,234375; 0,234375; 195,97826086956522; 0,12893304
38; 0,234375; 0,234375; 194,1086956521739; 0,12770307
39; 0,234375; 0,234375; 194,2826086956522; 0,1278175
40; 0,234375; 0,234375; 193,8913043478261; 0,1275601
41; 0,234375; 0,234375; 193,7826086956522; 0,12748858
42; 0,234375; 0,234375; 191,52173913043478; 0,12600116
43; 0,234375; 0,234375; 190,7826086956522; 0,1255149
44; 0,234375; 0,234375; 189,06521739130434; 0,12438504
45; 0,234375; 0,234375; 191,7391304347826; 0,12614419
46; 0,234375; 0,234375; 191,0; 0,12565792
47; 0,234375; 0,234375; 189,17391304347825; 0,12445656
48; 0,234375; 0,234375; 191,7826086956522; 0,1261728
49; 0,234375; 0,21875; 191,5; 0,12598686
50; 0,21875; 0,21875; 191,47826086956522; 0,12597255
51; 0,21875; 0,21875; 190,67391304347825; 0,12544338
52; 0,21875; 0,21875; 190,58695652173913; 0,12538618
53; 0,21875; 0,21875; 189,84782608695653; 0,124899894
54; 0,21875; 0,21875; 188,8913043478261; 0,12427057
55; 0,21875; 0,21875; 188,54347826086956; 0,124041736
56; 0,21875; 0,21875; 189,2608695652174; 0,12451371
57; 0,21875; 0,21875; 188,54347826086956; 0,124041796
58; 0,21875; 0,21875; 188,47826086956522; 0,12399887
59; 0,21875; 0,21875; 189,67391304347825; 0,124785446
60; 0,21875; 0,21875; 188,52173913043478; 0,124027446
61; 0,21875; 0,21875; 189,7608695652174; 0,12484267
62; 0,21875; 0,21875; 189,41304347826087; 0,12461386
63; 0,21875; 0,21875; 191,08695652173913; 0,12571514
64; 0,21875; 0,21875; 189,2391304347826; 0,12449945
65; 0,21875; 0,21875; 188,19565217391303; 0,12381294
66; 0,21875; 0,21875; 188,8695652173913; 0,12425631
67; 0,21875; 0,21875; 190,1304347826087; 0,12508582
68; 0,21875; 0,21875; 191,65217391304347; 0,126087
69; 0,21875; 0,21875; 190,58695652173913; 0,12538618
70; 0,21875; 0,21875; 191,04347826086956; 0,12568651
71; 0,21875; 0,21875; 190,82608695652175; 0,1255435
72; 0,21875; 0,21875; 189,02173913043478; 0,124356434
73; 0,21875; 0,21875; 191,0; 0,12565792
74; 0,21875; 0,21875; 190,08695652173913; 0,12505722
75; 0,21875; 0,21875; 191,58695652173913; 0,126044
76; 0,21875; 0,21875; 191,56521739130434; 0,12602971
77; 0,21875; 0,21875; 191,6086956521739; 0,12605833
78; 0,21875; 0,21875; 192,1086956521739; 0,12638727
79; 0,21875; 0,21875; 190,04347826086956; 0,12502857
80; 0,21875; 0,21875; 190,7608695652174; 0,12550053
81; 0,21875; 0,21875; 191,47826086956522; 0,1259725
82; 0,21875; 0,21875; 192,56521739130434; 0,12668759
83; 0,21875; 0,21875; 191,91304347826087; 0,12625855
84; 0,21875; 0,21875; 191,2608695652174; 0,1258295
85; 0,21875; 0,21875; 191,93478260869566; 0,12627283
86; 0,21875; 0,203125; 192,80434782608697; 0,12684493
87; 0,203125; 0,203125; 188,69565217391303; 0,12414183
88; 0,203125; 0,203125; 192,45652173913044; 0,1266161
89; 0,203125; 0,203125; 191,56521739130434; 0,1260297
90; 0,203125; 0,203125; 191,5; 0,1259868
91; 0,203125; 0,203125; 191,93478260869566; 0,12627284
92; 0,203125; 0,203125; 190,69565217391303; 0,12545763
93; 0,203125; 0,203125; 191,7173913043478; 0,12612984
94; 0,203125; 0,203125; 191,84782608695653; 0,12621564
95; 0,203125; 0,203125; 190,52173913043478; 0,12534322
96; 0,203125; 0,1875; 192,32608695652175; 0,1265303
97; 0,1875; 0,1875; 191,93478260869566; 0,12627283
98; 0,1875; 0,1875; 191,95652173913044; 0,12628715
99; 0,1875; 0,1875; 191,80434782608697; 0,12618703
100; 0,1875; 0,1875; 192,3913043478261; 0,12657319
101; 0,1875; 0,1875; 191,8695652173913; 0,12622994
102; 0,1875; 0,1875; 190,67391304347825; 0,12544334
103; 0,1875; 0,1875; 191,82608695652175; 0,12620135
104; 0,1875; 0,1875; 189,56521739130434; 0,12471392
105; 0,1875; 0,1875; 190,45652173913044; 0,12530032
106; 0,1875; 0,171875; 191,17391304347825; 0,12577228
107; 0,171875; 0,15625; 185,2608695652174; 0,12188214
108; 0,15625; 0,15625; 181,02173913043478; 0,11909326
109; 0,15625; 0,15625; 177,15217391304347; 0,11654749
110; 0,15625; 0,140625; 178,2391304347826; 0,117262624
111; 0,140625; 0,140625; 179,3913043478261; 0,11802064
112; 0,140625; 0,140625; 176,3695652173913; 0,11603266
113; 0,140625; 0,140625; 178,1086956521739; 0,1171768
114; 0,140625; 0,140625; 177,47826086956522; 0,11676205
115; 0,140625; 0,140625; 178,1086956521739; 0,11717679
116; 0,140625; 0,140625; 178,2826086956522; 0,11729124
117; 0,140625; 0,140625; 178,91304347826087; 0,117705986
118; 0,140625; 0,140625; 177,2391304347826; 0,11660472
119; 0,140625; 0,140625; 177,15217391304347; 0,11654751
120; 0,140625; 0,140625; 178,47826086956522; 0,11741993
121; 0,140625; 0,140625; 178,06521739130434; 0,11714819
122; 0,140625; 0,140625; 178,58695652173913; 0,117491454
123; 0,140625; 0,125; 178,2826086956522; 0,117291205
124; 0,125; 0,125; 176,32608695652175; 0,11600399
125; 0,125; 0,125; 177,15217391304347; 0,11654751
126; 0,125; 0,125; 178,58695652173913; 0,117491454
127; 0,125; 0,125; 178,2608695652174; 0,11727691
128; 0,125; 0,125; 178,30434782608697; 0,11730552
129; 0,125; 0,125; 177,97826086956522; 0,11709099
130; 0,125; 0,125; 179,08695652173913; 0,11782039
131; 0,125; 0,125; 178,82608695652175; 0,117648736
132; 0,125; 0,125; 179,2173913043478; 0,11790615
133; 0,125; 0,125; 178,30434782608697; 0,11730547
134; 0,125; 0,125; 178,58695652173913; 0,117491424
135; 0,125; 0,125; 177,08695652173913; 0,11650459
136; 0,125; 0,125; 176,82608695652175; 0,116332985
137; 0,125; 0,125; 177,06521739130434; 0,11649028
138; 0,125; 0,125; 177,2173913043478; 0,116590396
139; 0,125; 0,125; 180,69565217391303; 0,11887873
140; 0,125; 0,125; 179,45652173913044; 0,11806351
141; 0,125; 0,125; 180,2826086956522; 0,118606985
142; 0,125; 0,125; 180,3695652173913; 0,11866418
143; 0,125; 0,125; 179,93478260869566; 0,118378155
144; 0,125; 0,125; 179,58695652173913; 0,1181493
145; 0,125; 0,125; 178,17391304347825; 0,11721968
146; 0,125; 0,125; 177,47826086956522; 0,116762005
147; 0,125; 0,125; 180,2391304347826; 0,11857836
148; 0,125; 0,125; 179,84782608695653; 0,11832092
149; 0,125; 0,125; 178,41304347826087; 0,11737699
150; 0,125; 0,125; 177,41304347826087; 0,11671909
151; 0,125; 0,125; 180,04347826086956; 0,11844964
152; 0,125; 0,125; 177,7826086956522; 0,116962224
153; 0,125; 0,125; 178,1304347826087; 0,11719108
154; 0,125; 0,125; 177,7391304347826; 0,116933644
155; 0,125; 0,125; 180,02173913043478; 0,11843535
156; 0,125; 0,125; 179,93478260869566; 0,118378155
157; 0,125; 0,125; 176,7608695652174; 0,11629003
158; 0,125; 0,125; 178,7826086956522; 0,11762013
159; 0,125; 0,125; 180,19565217391303; 0,11854975
160; 0,125; 0,125; 177,97826086956522; 0,11709095
161; 0,125; 0,125; 179,93478260869566; 0,11837814
162; 0,125; 0,125; 180,08695652173913; 0,11847825
163; 0,125; 0,125; 179,2173913043478; 0,11790617
164; 0,125; 0,125; 178,69565217391303; 0,11756291
165; 0,125; 0,125; 180,1086956521739; 0,11849255
166; 0,125; 0,125; 179,56521739130434; 0,118135005
167; 0,125; 0,125; 177,8913043478261; 0,11703375
168; 0,125; 0,125; 178,7391304347826; 0,117591515
169; 0,125; 0,125; 178,54347826086956; 0,117462814
170; 0,125; 0,125; 179,7608695652174; 0,118263744
171; 0,125; 0,125; 178,54347826086956; 0,1174628
172; 0,125; 0,125; 179,54347826086956; 0,118120715
173; 0,125; 0,125; 180,2391304347826; 0,11857838
174; 0,125; 0,125; 179,32608695652175; 0,11797768
175; 0,125; 0,125; 179,8913043478261; 0,118349545
176; 0,125; 0,125; 179,2391304347826; 0,11792045
177; 0,125; 0,125; 180,30434782608697; 0,11862129
178; 0,125; 0,125; 179,7391304347826; 0,11824942
179; 0,125; 0,125; 177,43478260869566; 0,11673342
180; 0,125; 0,125; 178,47826086956522; 0,117419906
181; 0,125; 0,125; 179,34782608695653; 0,11799198
182; 0,125; 0,125; 180,04347826086956; 0,11844966
183; 0,125; 0,125; 179,80434782608697; 0,11829234
184; 0,125; 0,125; 180,32608695652175; 0,118635595
185; 0,125; 0,125; 179,97826086956522; 0,11840674
186; 0,125; 0,125; 179,2608695652174; 0,11793478
187; 0,125; 0,125; 179,2391304347826; 0,11792047
188; 0,125; 0,125; 178,58695652173913; 0,1174914
189; 0,125; 0,125; 177,93478260869566; 0,11706235
190; 0,125; 0,125; 179,7391304347826; 0,11824942
191; 0,125; 0,125; 179,5; 0,11809212
192; 0,125; 0,125; 179,45652173913044; 0,11806348
193; 0,125; 0,125; 179,1304347826087; 0,11784897
194; 0,125; 0,125; 179,1086956521739; 0,11783467
195; 0,125; 0,125; 179,2608695652174; 0,11793478
196; 0,125; 0,125; 178,06521739130434; 0,11714816
197; 0,125; 0,125; 180,02173913043478; 0,11843536
198; 0,125; 0,125; 179,7826086956522; 0,11827802
199; 0,125; 0,125; 178,7173913043478; 0,11757721
200; 0,125; 0,125; 179,3913043478261; 0,11802058
201; 0,125; 0,125; 179,7608695652174; 0,11826372
202; 0,125; 0,125; 179,19565217391303; 0,11789187
203; 0,125; 0,125; 179,30434782608697; 0,11796337
204; 0,125; 0,125; 178,41304347826087; 0,11737699
205; 0,125; 0,125; 179,47826086956522; 0,118077815
206; 0,125; 0,125; 179,08695652173913; 0,11782036
207; 0,125; 0,125; 178,91304347826087; 0,117705956
208; 0,125; 0,125; 180,06521739130434; 0,11846395
209; 0,125; 0,125; 177,93478260869566; 0,11706235
210; 0,125; 0,125; 179,08695652173913; 0,11782036
211; 0,125; 0,125; 179,47826086956522; 0,118077785
212; 0,125; 0,125; 180,52173913043478; 0,118764296
213; 0,125; 0,125; 180,04347826086956; 0,11844964
214; 0,125; 0,125; 177,84782608695653; 0,11700514
215; 0,125; 0,125; 179,54347826086956; 0,1181207
216; 0,125; 0,125; 180,02173913043478; 0,11843534
217; 0,125; 0,125; 177,7173913043478; 0,116919324
218; 0,125; 0,125; 180,1304347826087; 0,11850686
219; 0,125; 0,125; 178,93478260869566; 0,117720254
220; 0,125; 0,125; 178,7391304347826; 0,11759152
221; 0,125; 0,125; 179,65217391304347; 0,11819222
222; 0,125; 0,125; 179,65217391304347; 0,11819222
223; 0,125; 0,125; 178,3695652173913; 0,11734839
224; 0,125; 0,125; 180,1304347826087; 0,118506856
225; 0,125; 0,125; 177,97826086956522; 0,11709096
226; 0,125; 0,125; 180,15217391304347; 0,118521154
227; 0,125; 0,125; 180,47826086956522; 0,118735686
228; 0,125; 0,125; 179,56521739130434; 0,11813502
229; 0,125; 0,125; 180,06521739130434; 0,11846396
230; 0,125; 0,125; 178,69565217391303; 0,11756293
231; 0,125; 0,125; 179,08695652173913; 0,11782036
232; 0,125; 0,125; 180,5; 0,11874998
233; 0,125; 0,125; 179,6086956521739; 0,118163615
234; 0,125; 0,125; 179,6304347826087; 0,11817792
235; 0,125; 0,125; 179,69565217391303; 0,11822083
236; 0,125; 0,125; 179,1304347826087; 0,11784897
237; 0,125; 0,125; 178,32608695652175; 0,11731979
238; 0,125; 0,125; 177,91304347826087; 0,117048055
239; 0,125; 0,125; 179,34782608695653; 0,117991984
240; 0,125; 0,125; 179,65217391304347; 0,11819222
241; 0,125; 0,125; 179,2826086956522; 0,11794906
242; 0,125; 0,125; 179,2826086956522; 0,11794907
243; 0,125; 0,125; 178,8913043478261; 0,11769163
244; 0,125; 0,125; 178,19565217391303; 0,11723397
245; 0,125; 0,125; 179,67391304347825; 0,11820653
246; 0,125; 0,125; 179,45652173913044; 0,11806348
247; 0,125; 0,125; 176,52173913043478; 0,11613271
248; 0,125; 0,125; 180,54347826086956; 0,11877861
249; 0,125; 0,125; 178,7173913043478; 0,11757723
250; 0,125; 0,125; 179,7608695652174; 0,11826372
251; 0,125; 0,125; 178,06521739130434; 0,11714815
252; 0,125; 0,125; 179,3913043478261; 0,118020594
253; 0,125; 0,125; 179,54347826086956; 0,118120715
254; 0,125; 0,125; 180,34782608695653; 0,118649885
255; 0,125; 0,125; 179,3913043478261; 0,11802059
256; 0,125; 0,125; 178,97826086956522; 0,11774884
257; 0,125; 0,125; 179,56521739130434; 0,118135
258; 0,125; 0,125; 179,91304347826087; 0,118363835
259; 0,125; 0,125; 175,6304347826087; 0,11554633
260; 0,125; 0,125; 180,15217391304347; 0,11852116
261; 0,125; 0,125; 180,1304347826087; 0,118506856
262; 0,125; 0,125; 178,3913043478261; 0,11736268
263; 0,125; 0,125; 178,19565217391303; 0,11723396
264; 0,125; 0,125; 179,7391304347826; 0,11824942
265; 0,125; 0,125; 180,2608695652174; 0,11859269
266; 0,125; 0,125; 179,08695652173913; 0,11782036
267; 0,125; 0,125; 180,3913043478261; 0,11867847
268; 0,125; 0,125; 180,47826086956522; 0,11873569
269; 0,125; 0,125; 179,15217391304347; 0,11786326
270; 0,125; 0,125; 179,0; 0,117763154
271; 0,125; 0,125; 180,43478260869566; 0,1187071
272; 0,125; 0,125; 179,41304347826087; 0,11803489
273; 0,125; 0,125; 180,65217391304347; 0,1188501
274; 0,125; 0,125; 177,80434782608697; 0,11697653
275; 0,125; 0,125; 179,7826086956522; 0,11827803
276; 0,125; 0,125; 179,95652173913044; 0,11839244
277; 0,125; 0,125; 179,7608695652174; 0,11826372
278; 0,125; 0,125; 179,43478260869566; 0,1180492
279; 0,125; 0,125; 179,82608695652175; 0,11830663
280; 0,125; 0,125; 180,15217391304347; 0,11852116
281; 0,125; 0,125; 176,2608695652174; 0,1159611
282; 0,125; 0,125; 178,3695652173913; 0,11734839
283; 0,125; 0,125; 179,2826086956522; 0,11794908
284; 0,125; 0,125; 178,52173913043478; 0,11744851
285; 0,125; 0,125; 177,04347826086956; 0,11647598
286; 0,125; 0,125; 180,1304347826087; 0,11850685
287; 0,125; 0,125; 179,3695652173913; 0,11800628
288; 0,125; 0,125; 179,34782608695653; 0,117992
289; 0,125; 0,125; 179,0; 0,11776315
290; 0,125; 0,125; 179,56521739130434; 0,118135
291; 0,125; 0,125; 180,1086956521739; 0,11849257
292; 0,125; 0,125; 179,08695652173913; 0,11782036
293; 0,125; 0,125; 179,06521739130434; 0,11780606
294; 0,125; 0,125; 178,54347826086956; 0,11746282
295; 0,125; 0,125; 180,04347826086956; 0,118449666
296; 0,125; 0,125; 176,82608695652175; 0,11633295
297; 0,125; 0,109375; 179,43478260869566; 0,11804919
298; 0,109375; 0,109375; 182,41304347826087; 0,12000857
299; 0,109375; 0,109375; 187,5; 0,12335531
300; 0,109375; 0,109375; 189,52173913043478; 0,12468535
301; 0,109375; 0,078125; 188,7391304347826; 0,1241705
302; 0,078125; 0,078125; 186,3913043478261; 0,1226259
303; 0,078125; 0,078125; 187,43478260869566; 0,12331237
304; 0,078125; 0,078125; 187,04347826086956; 0,12305494
305; 0,078125; 0,078125; 185,97826086956522; 0,12235414
306; 0,078125; 0,078125; 186,45652173913044; 0,12266877
307; 0,078125; 0,078125; 187,2826086956522; 0,12321224
308; 0,078125; 0,078125; 185,06521739130434; 0,12175343
309; 0,078125; 0,078125; 186,93478260869566; 0,122983426
310; 0,078125; 0,078125; 187,47826086956522; 0,12334098
311; 0,078125; 0,078125; 186,95652173913044; 0,122997716
312; 0,078125; 0,078125; 187,47826086956522; 0,12334097
313; 0,078125; 0,078125; 186,7391304347826; 0,1228547
314; 0,078125; 0,078125; 184,80434782608697; 0,12158184
315; 0,078125; 0,078125; 185,2826086956522; 0,12189646
316; 0,078125; 0,078125; 185,8913043478261; 0,12229692
317; 0,078125; 0,078125; 188,41304347826087; 0,123955965
318; 0,078125; 0,078125; 185,97826086956522; 0,12235411
319; 0,078125; 0,078125; 185,58695652173913; 0,122096695
320; 0,078125; 0,078125; 184,80434782608697; 0,12158182
321; 0,078125; 0,078125; 187,7608695652174; 0,12352691
322; 0,078125; 0,078125; 187,1304347826087; 0,12311215
323; 0,078125; 0,078125; 186,95652173913044; 0,12299773
324; 0,078125; 0,078125; 185,2826086956522; 0,12189645
325; 0,078125; 0,078125; 186,93478260869566; 0,122983426
326; 0,078125; 0,078125; 186,7826086956522; 0,12288331
327; 0,078125; 0,078125; 186,7173913043478; 0,122840405
328; 0,078125; 0,078125; 186,32608695652175; 0,122582965
329; 0,078125; 0,078125; 187,06521739130434; 0,12306924
330; 0,078125; 0,078125; 186,34782608695653; 0,12259727
331; 0,078125; 0,078125; 185,2391304347826; 0,121867865
332; 0,078125; 0,078125; 188,65217391304347; 0,12411329
333; 0,078125; 0,078125; 187,32608695652175; 0,123240866
334; 0,078125; 0,078125; 187,19565217391303; 0,12315506
335; 0,078125; 0,078125; 184,65217391304347; 0,1214817
336; 0,078125; 0,078125; 185,2608695652174; 0,12188217
337; 0,078125; 0,078125; 188,06521739130434; 0,123727135
338; 0,078125; 0,078125; 186,08695652173913; 0,12242564
339; 0,078125; 0,078125; 188,2173913043478; 0,12382724
340; 0,078125; 0,078125; 187,02173913043478; 0,12304063
341; 0,078125; 0,078125; 187,6086956521739; 0,12342679
342; 0,078125; 0,078125; 187,34782608695653; 0,12325517
343; 0,078125; 0,078125; 185,8695652173913; 0,12228262
344; 0,078125; 0,078125; 186,65217391304347; 0,1227975
345; 0,078125; 0,078125; 186,6086956521739; 0,12276888
346; 0,078125; 0,078125; 187,0; 0,12302633
347; 0,078125; 0,078125; 185,65217391304347; 0,12213959
348; 0,078125; 0,078125; 185,91304347826087; 0,12231122
349; 0,078125; 0,078125; 187,58695652173913; 0,12341248
350; 0,078125; 0,078125; 186,17391304347825; 0,12248285
351; 0,078125; 0,078125; 185,3695652173913; 0,12195367
352; 0,078125; 0,078125; 186,95652173913044; 0,12299771
353; 0,078125; 0,078125; 187,30434782608697; 0,12322656
354; 0,078125; 0,078125; 186,8695652173913; 0,12294051
355; 0,078125; 0,078125; 186,30434782608697; 0,12256865
356; 0,078125; 0,078125; 187,7173913043478; 0,123498306
357; 0,078125; 0,078125; 186,43478260869566; 0,12265447
358; 0,078125; 0,078125; 187,30434782608697; 0,123226546
359; 0,078125; 0,078125; 186,56521739130434; 0,12274027
360; 0,078125; 0,078125; 187,0; 0,12302632
361; 0,078125; 0,078125; 186,32608695652175; 0,122582965
362; 0,078125; 0,078125; 186,8695652173913; 0,12294051
363; 0,078125; 0,078125; 187,52173913043478; 0,12336959
364; 0,078125; 0,078125; 184,34782608695653; 0,12128148
365; 0,078125; 0,078125; 186,82608695652175; 0,12291191
366; 0,078125; 0,078125; 187,43478260869566; 0,12331237
367; 0,078125; 0,078125; 185,91304347826087; 0,12231122
368; 0,078125; 0,078125; 187,54347826086956; 0,12338389
369; 0,078125; 0,078125; 186,97826086956522; 0,12301202
370; 0,078125; 0,078125; 187,08695652173913; 0,12308354
371; 0,078125; 0,078125; 187,30434782608697; 0,12322656
372; 0,078125; 0,078125; 186,15217391304347; 0,12246855
373; 0,078125; 0,078125; 187,7173913043478; 0,123498306
374; 0,078125; 0,078125; 186,82608695652175; 0,12291192
375; 0,078125; 0,078125; 186,6304347826087; 0,12278319
376; 0,078125; 0,078125; 186,82608695652175; 0,12291191
377; 0,078125; 0,078125; 185,6086956521739; 0,122110985
378; 0,078125; 0,078125; 185,45652173913044; 0,12201089
379; 0,078125; 0,078125; 186,84782608695653; 0,122926205
380; 0,078125; 0,078125; 187,47826086956522; 0,12334098
381; 0,078125; 0,078125; 184,95652173913044; 0,121681936
382; 0,078125; 0,078125; 186,8695652173913; 0,122940496
383; 0,078125; 0,078125; 187,5; 0,12335528
384; 0,078125; 0,078125; 187,47826086956522; 0,12334096
385; 0,078125; 0,078125; 186,32608695652175; 0,12258297
386; 0,078125; 0,078125; 187,7391304347826; 0,1235126
387; 0,078125; 0,078125; 185,7391304347826; 0,122196816
388; 0,078125; 0,078125; 187,02173913043478; 0,12304063
389; 0,078125; 0,078125; 186,3913043478261; 0,12262587
390; 0,078125; 0,078125; 185,1086956521739; 0,12178206
391; 0,078125; 0,078125; 185,8695652173913; 0,12228262
392; 0,078125; 0,078125; 187,2173913043478; 0,12316935
393; 0,078125; 0,078125; 187,8913043478261; 0,12361272
394; 0,078125; 0,078125; 187,7391304347826; 0,1235126
395; 0,078125; 0,078125; 187,17391304347825; 0,12314074
396; 0,078125; 0,078125; 187,02173913043478; 0,123040624
397; 0,078125; 0,078125; 184,17391304347825; 0,121167056
398; 0,078125; 0,078125; 184,2391304347826; 0,12120997
399; 0,078125; 0,078125; 187,3695652173913; 0,12326945
400; 0,078125; 0,078125; 186,97826086956522; 0,12301202
401; 0,078125; 0,078125; 187,15217391304347; 0,12312645
402; 0,078125; 0,078125; 186,7608695652174; 0,12286901
403; 0,078125; 0,078125; 186,8913043478261; 0,12295482
404; 0,078125; 0,0625; 187,7173913043478; 0,1234983
405; 0,0625; 0,0625; 187,6086956521739; 0,12342679
406; 0,0625; 0,0625; 186,2173913043478; 0,12251146
407; 0,0625; 0,0625; 187,93478260869566; 0,12364131
408; 0,0625; 0,0625; 185,45652173913044; 0,12201089
409; 0,0625; 0,0625; 186,82608695652175; 0,12291191
410; 0,0625; 0,0625; 185,8913043478261; 0,12229692
411; 0,0625; 0,0625; 186,02173913043478; 0,1223827
412; 0,0625; 0,0625; 184,95652173913044; 0,12168188
413; 0,0625; 0,0625; 185,06521739130434; 0,12175338
414; 0,0625; 0,0625; 183,8695652173913; 0,12096681
415; 0,0625; 0,0625; 185,2608695652174; 0,12188212
416; 0,0625; 0,0625; 185,3695652173913; 0,121953644
417; 0,0625; 0,0625; 184,8913043478261; 0,12163897
418; 0,0625; 0,0625; 185,56521739130434; 0,122082345
419; 0,0625; 0,0625; 183,41304347826087; 0,120666444
420; 0,0625; 0,0625; 185,2173913043478; 0,12185349
421; 0,0625; 0,0625; 185,19565217391303; 0,12183921
422; 0,0625; 0,0625; 185,58695652173913; 0,12209664
423; 0,0625; 0,0625; 184,8695652173913; 0,12162466
424; 0,0625; 0,0625; 182,84782608695653; 0,12029459
425; 0,0625; 0,0625; 181,43478260869566; 0,11936498
426; 0,0625; 0,0625; 182,1086956521739; 0,11980832
427; 0,0625; 0,0625; 182,41304347826087; 0,12000855
428; 0,0625; 0,0625; 182,02173913043478; 0,11975114
429; 0,0625; 0,0625; 185,0; 0,12171054
430; 0,0625; 0,0625; 183,6304347826087; 0,12080951
431; 0,0625; 0,0625; 183,7173913043478; 0,12086672
432; 0,0625; 0,0625; 184,1086956521739; 0,12112414
433; 0,0625; 0,0625; 184,30434782608697; 0,12125287
434; 0,0625; 0,0625; 182,7173913043478; 0,120208815
435; 0,0625; 0,0625; 183,47826086956522; 0,12070939
436; 0,0625; 0,0625; 184,0; 0,121052645
437; 0,0625; 0,0625; 183,58695652173913; 0,120780915
438; 0,0625; 0,0625; 184,52173913043478; 0,1213959
439; 0,0625; 0,0625; 181,34782608695653; 0,119307786
440; 0,0625; 0,0625; 183,7608695652174; 0,12089533
441; 0,0625; 0,0625; 181,04347826086956; 0,11910757
442; 0,0625; 0,0625; 184,06521739130434; 0,12109555
443; 0,0625; 0,0625; 184,15217391304347; 0,12115277
444; 0,0625; 0,0625; 183,67391304347825; 0,12083812
445; 0,0625; 0,0625; 183,69565217391303; 0,120852426
446; 0,0625; 0,0625; 183,65217391304347; 0,12082383
447; 0,0625; 0,0625; 184,8913043478261; 0,121639036
448; 0,0625; 0,0625; 182,69565217391303; 0,12019453
449; 0,0625; 0,0625; 182,32608695652175; 0,11995138
450; 0,0625; 0,0625; 184,43478260869566; 0,12133871
451; 0,0625; 0,0625; 184,06521739130434; 0,121095546
452; 0,0625; 0,0625; 184,1304347826087; 0,121138446
453; 0,0625; 0,0625; 184,45652173913044; 0,121352986
454; 0,0625; 0,0625; 181,82608695652175; 0,11962245
455; 0,0625; 0,0625; 184,2826086956522; 0,121238574
456; 0,0625; 0,0625; 182,17391304347825; 0,11985128
457; 0,0625; 0,0625; 183,54347826086956; 0,120752305
458; 0,0625; 0,0625; 184,69565217391303; 0,12151032
459; 0,0625; 0,0625; 184,2173913043478; 0,12119566
460; 0,0625; 0,0625; 184,2173913043478; 0,12119568
461; 0,0625; 0,0625; 184,06521739130434; 0,12109555
462; 0,0625; 0,0625; 183,3913043478261; 0,1206522
463; 0,0625; 0,0625; 184,34782608695653; 0,12128149
464; 0,0625; 0,0625; 184,17391304347825; 0,12116707
465; 0,0625; 0,0625; 183,93478260869566; 0,121009745
466; 0,0625; 0,0625; 183,6086956521739; 0,12079522
467; 0,0625; 0,0625; 183,93478260869566; 0,121009745
468; 0,0625; 0,0625; 184,02173913043478; 0,12106695
469; 0,0625; 0,0625; 182,2173913043478; 0,11987988
470; 0,0625; 0,0625; 180,93478260869566; 0,11903607
471; 0,0625; 0,0625; 183,80434782608697; 0,12092394
472; 0,0625; 0,0625; 181,91304347826087; 0,11967966
473; 0,0625; 0,0625; 184,19565217391303; 0,12118136
474; 0,0625; 0,0625; 181,67391304347825; 0,11952233
475; 0,0625; 0,0625; 184,84782608695653; 0,12161041
476; 0,0625; 0,0625; 184,17391304347825; 0,12116708
477; 0,0625; 0,0625; 183,30434782608697; 0,120595
478; 0,0625; 0,0625; 184,15217391304347; 0,121152766
479; 0,0625; 0,0625; 185,30434782608697; 0,12191078
480; 0,0625; 0,0625; 184,7391304347826; 0,1215389
481; 0,0625; 0,0625; 182,52173913043478; 0,120080106
482; 0,0625; 0,0625; 183,84782608695653; 0,12095253
483; 0,0625; 0,0625; 183,6304347826087; 0,120809525
484; 0,0625; 0,0625; 184,08695652173913; 0,12110985
485; 0,0625; 0,0625; 184,1086956521739; 0,12112416
486; 0,0625; 0,0625; 183,2826086956522; 0,12058067
487; 0,0625; 0,0625; 183,3695652173913; 0,120637886
488; 0,0625; 0,0625; 182,7608695652174; 0,120237425
489; 0,0625; 0,0625; 184,84782608695653; 0,121610425
490; 0,0625; 0,0625; 184,19565217391303; 0,12118138
491; 0,0625; 0,0625; 185,1304347826087; 0,12179636
492; 0,0625; 0,0625; 183,3695652173913; 0,12063789
493; 0,0625; 0,0625; 183,8695652173913; 0,12096683
494; 0,0625; 0,0625; 183,6304347826087; 0,12080951
495; 0,0625; 0,0625; 183,19565217391303; 0,12052348
496; 0,0625; 0,0625; 184,2391304347826; 0,12120999
497; 0,0625; 0,0625; 183,08695652173913; 0,12045195
498; 0,0625; 0,0625; 184,7826086956522; 0,12156752
499; 0,0625; 0,0625; 183,69565217391303; 0,120852426
500; 0,0625; 0,0625; 185,04347826086956; 0,12173915
501; 0,0625; 0,0625; 184,06521739130434; 0,121095546
502; 0,0625; 0,0625; 180,84782608695653; 0,11897885
503; 0,0625; 0,0625; 183,17391304347825; 0,12050917
504; 0,0625; 0,0625; 184,41304347826087; 0,121324375
505; 0,0625; 0,0625; 183,8913043478261; 0,120981134
506; 0,0625; 0,0625; 182,3913043478261; 0,1199943
507; 0,0625; 0,0625; 183,3695652173913; 0,120637886
508; 0,0625; 0,0625; 184,15217391304347; 0,121152766
509; 0,0625; 0,0625; 183,19565217391303; 0,12052346
510; 0,0625; 0,0625; 184,2391304347826; 0,12120997
511; 0,0625; 0,0625; 184,3913043478261; 0,12131008
512; 0,0625; 0,0625; 184,3913043478261; 0,12131009
513; 0,0625; 0,0625; 184,02173913043478; 0,12106695
514; 0,0625; 0,0625; 184,56521739130434; 0,121424496
515; 0,0625; 0,0625; 182,1086956521739; 0,11980835
516; 0,0625; 0,0625; 182,8695652173913; 0,12030895
517; 0,0625; 0,0625; 182,80434782608697; 0,12026604
518; 0,0625; 0,0625; 183,1304347826087; 0,12048057
519; 0,0625; 0,0625; 184,04347826086956; 0,121081255
520; 0,0625; 0,0625; 184,08695652173913; 0,12110986
521; 0,0625; 0,0625; 183,8695652173913; 0,12096683
522; 0,0625; 0,0625; 185,04347826086956; 0,12173915
523; 0,0625; 0,0625; 182,3695652173913; 0,11998
524; 0,0625; 0,0625; 184,06521739130434; 0,121095546
525; 0,0625; 0,0625; 183,41304347826087; 0,12066648
526; 0,0625; 0,0625; 185,15217391304347; 0,12181065
527; 0,0625; 0,0625; 184,30434782608697; 0,12125288
528; 0,0625; 0,0625; 183,2608695652174; 0,1205664
529; 0,0625; 0,0625; 182,2391304347826; 0,119894184
530; 0,0625; 0,0625; 183,7826086956522; 0,12090964
531; 0,0625; 0,0625; 184,65217391304347; 0,1214817
532; 0,0625; 0,0625; 184,04347826086956; 0,12108124
533; 0,0625; 0,0625; 184,17391304347825; 0,12116705
534; 0,0625; 0,0625; 184,7391304347826; 0,12153892
535; 0,0625; 0,0625; 183,84782608695653; 0,12095253
536; 0,0625; 0,0625; 183,7173913043478; 0,12086672
537; 0,0625; 0,0625; 182,8695652173913; 0,12030895
538; 0,0625; 0,0625; 182,04347826086956; 0,11976547
539; 0,0625; 0,0625; 184,08695652173913; 0,12110985
540; 0,0625; 0,0625; 183,2391304347826; 0,12055207
541; 0,0625; 0,0625; 183,6304347826087; 0,1208095
542; 0,0625; 0,0625; 183,95652173913044; 0,121024035
543; 0,0625; 0,0625; 183,93478260869566; 0,12100973
544; 0,0625; 0,0625; 183,95652173913044; 0,12102405
545; 0,0625; 0,0625; 181,97826086956522; 0,11972255
546; 0,0625; 0,0625; 183,69565217391303; 0,12085242
547; 0,0625; 0,0625; 184,04347826086956; 0,12108127
548; 0,0625; 0,0625; 183,97826086956522; 0,12103834
549; 0,0625; 0,0625; 183,7608695652174; 0,12089531
550; 0,0625; 0,0625; 182,91304347826087; 0,12033753
551; 0,0625; 0,0625; 183,56521739130434; 0,12076661
552; 0,0625; 0,0625; 184,1304347826087; 0,12113846
553; 0,0625; 0,0625; 184,2173913043478; 0,12119566
554; 0,0625; 0,0625; 183,08695652173913; 0,12045197
555; 0,0625; 0,0625; 183,02173913043478; 0,120409034
556; 0,0625; 0,0625; 182,54347826086956; 0,12009441
557; 0,0625; 0,0625; 183,7608695652174; 0,12089531
558; 0,0625; 0,0625; 184,3695652173913; 0,12129579
559; 0,0625; 0,0625; 183,0; 0,12039476
560; 0,0625; 0,0625; 184,15217391304347; 0,12115274
561; 0,0625; 0,0625; 184,41304347826087; 0,1213244
562; 0,0625; 0,0625; 182,80434782608697; 0,12026602
563; 0,0625; 0,0625; 184,54347826086956; 0,121410206
564; 0,0625; 0,0625; 184,45652173913044; 0,121352986
565; 0,0625; 0,0625; 182,93478260869566; 0,120351836
566; 0,0625; 0,0625; 185,02173913043478; 0,12172485
567; 0,0625; 0,0625; 183,7391304347826; 0,12088103
568; 0,0625; 0,0625; 184,54347826086956; 0,121410206
569; 0,0625; 0,0625; 183,97826086956522; 0,12103833
570; 0,0625; 0,0625; 181,84782608695653; 0,11963673
571; 0,0625; 0,0625; 183,91304347826087; 0,12099545
572; 0,0625; 0,0625; 182,2391304347826; 0,119894184
573; 0,0625; 0,0625; 184,17391304347825; 0,121167056
574; 0,0625; 0,0625; 183,19565217391303; 0,12052346
575; 0,0625; 0,0625; 184,19565217391303; 0,12118138
576; 0,0625; 0,0625; 184,04347826086956; 0,12108125
577; 0,0625; 0,0625; 184,1304347826087; 0,12113846
578; 0,0625; 0,0625; 184,32608695652175; 0,12126718
579; 0,0625; 0,0625; 183,95652173913044; 0,12102405
580; 0,0625; 0,0625; 182,30434782608697; 0,119937085
581; 0,0625; 0,0625; 184,2826086956522; 0,12123855
582; 0,0625; 0,0625; 184,30434782608697; 0,12125286
583; 0,0625; 0,0625; 184,2391304347826; 0,12120997
584; 0,0625; 0,0625; 184,0; 0,12105264
585; 0,0625; 0,0625; 183,58695652173913; 0,120780915
586; 0,0625; 0,0625; 183,15217391304347; 0,12049489
587; 0,0625; 0,0625; 183,95652173913044; 0,121024035
588; 0,0625; 0,0625; 183,82608695652175; 0,12093822
589; 0,0625; 0,0625; 183,7608695652174; 0,120895326
590; 0,0625; 0,0625; 182,82608695652175; 0,12028034
591; 0,0625; 0,0625; 183,08695652173913; 0,12045196
592; 0,0625; 0,0625; 184,56521739130434; 0,12142451
593; 0,0625; 0,0625; 183,93478260869566; 0,121009745
594; 0,0625; 0,0625; 183,2391304347826; 0,12055206
595; 0,0625; 0,0625; 184,3913043478261; 0,1213101
596; 0,0625; 0,0625; 184,67391304347825; 0,12149601
597; 0,0625; 0,0625; 183,67391304347825; 0,12083808
598; 0,0625; 0,0625; 184,7826086956522; 0,12156751
599; 0,0625; 0,0625; 184,19565217391303; 0,12118138
600; 0,0625; 0,0625; 184,47826086956522; 0,12136727
601; 0,0625; 0,0625; 183,7173913043478; 0,12086672
602; 0,0625; 0,0625; 184,3695652173913; 0,121295795
603; 0,0625; 0,0625; 183,7173913043478; 0,12086672
604; 0,0625; 0,0625; 184,58695652173913; 0,1214388
605; 0,0625; 0,0625; 184,97826086956522; 0,12169624
606; 0,0625; 0,0625; 183,56521739130434; 0,12076661
607; 0,0625; 0,0625; 184,2173913043478; 0,12119568
608; 0,0625; 0,0625; 183,91304347826087; 0,12099544
609; 0,0625; 0,0625; 184,17391304347825; 0,121167056
610; 0,0625; 0,0625; 184,0; 0,12105266
611; 0,0625; 0,0625; 184,41304347826087; 0,121324375
612; 0,0625; 0,0625; 184,67391304347825; 0,12149602
613; 0,0625; 0,0625; 185,06521739130434; 0,121753424
614; 0,0625; 0,0625; 184,65217391304347; 0,12148171
615; 0,0625; 0,0625; 184,82608695652175; 0,12159612
616; 0,0625; 0,0625; 183,2608695652174; 0,12056636
617; 0,0625; 0,0625; 180,95652173913044; 0,11905036
618; 0,0625; 0,0625; 184,2173913043478; 0,12119567
619; 0,0625; 0,0625; 184,41304347826087; 0,121324405
620; 0,0625; 0,0625; 183,6086956521739; 0,120795205
621; 0,0625; 0,0625; 184,34782608695653; 0,12128148
622; 0,0625; 0,0625; 183,6304347826087; 0,1208095
623; 0,0625; 0,0625; 184,2391304347826; 0,12120997
624; 0,0625; 0,0625; 184,8695652173913; 0,12162474
625; 0,0625; 0,0625; 184,52173913043478; 0,1213959
626; 0,0625; 0,0625; 183,17391304347825; 0,120509155
627; 0,0625; 0,0625; 182,3695652173913; 0,11998
628; 0,0625; 0,0625; 183,69565217391303; 0,12085242
629; 0,0625; 0,0625; 184,02173913043478; 0,12106694
630; 0,0625; 0,0625; 182,67391304347825; 0,12018023
631; 0,0625; 0,0625; 184,34782608695653; 0,12128148
632; 0,0625; 0,0625; 181,8695652173913; 0,119651034
633; 0,0625; 0,0625; 183,1086956521739; 0,12046624
634; 0,0625; 0,0625; 183,7826086956522; 0,12090963
635; 0,0625; 0,0625; 183,17391304347825; 0,12050918
636; 0,0625; 0,0625; 183,95652173913044; 0,121024035
637; 0,0625; 0,0625; 181,93478260869566; 0,11969395
638; 0,0625; 0,0625; 183,69565217391303; 0,12085242
639; 0,0625; 0,0625; 183,2826086956522; 0,12058068
640; 0,0625; 0,0625; 183,7608695652174; 0,12089533
641; 0,0625; 0,0625; 183,43478260869566; 0,1206808
642; 0,0625; 0,0625; 184,1086956521739; 0,12112416
643; 0,0625; 0,0625; 182,41304347826087; 0,120008595
644; 0,0625; 0,0625; 183,6304347826087; 0,12080951
645; 0,0625; 0,0625; 183,84782608695653; 0,12095251
646; 0,0625; 0,0625; 183,65217391304347; 0,12082381
647; 0,0625; 0,0625; 184,04347826086956; 0,12108124
648; 0,0625; 0,0625; 184,04347826086956; 0,12108125
649; 0,0625; 0,0625; 182,80434782608697; 0,120266035
650; 0,0625; 0,0625; 182,7826086956522; 0,12025174
651; 0,0625; 0,0625; 181,95652173913044; 0,119708255
652; 0,0625; 0,0625; 182,6304347826087; 0,120151624
653; 0,0625; 0,0625; 182,82608695652175; 0,12028035
654; 0,0625; 0,0625; 183,84782608695653; 0,12095255
655; 0,0625; 0,0625; 183,56521739130434; 0,12076661
656; 0,0625; 0,0625; 183,0; 0,12039477
657; 0,0625; 0,0625; 183,02173913043478; 0,12040906
658; 0,0625; 0,0625; 184,5; 0,121381596
659; 0,0625; 0,0625; 181,91304347826087; 0,11967967
660; 0,0625; 0,0625; 184,34782608695653; 0,12128146
661; 0,0625; 0,0625; 181,41304347826087; 0,1193507
662; 0,0625; 0,0625; 184,08695652173913; 0,12110985
663; 0,0625; 0,0625; 182,6086956521739; 0,12013732
664; 0,0625; 0,0625; 184,7391304347826; 0,12153891
665; 0,0625; 0,0625; 181,58695652173913; 0,119465135
666; 0,0625; 0,0625; 181,2826086956522; 0,1192649
667; 0,0625; 0,0625; 183,41304347826087; 0,12066648
668; 0,0625; 0,0625; 183,93478260869566; 0,12100973
669; 0,0625; 0,0625; 183,95652173913044; 0,121024035
670; 0,0625; 0,0625; 185,30434782608697; 0,12191076
671; 0,0625; 0,0625; 183,41304347826087; 0,12066648
672; 0,0625; 0,0625; 184,5; 0,12138157
673; 0,0625; 0,0625; 182,65217391304347; 0,12016592
674; 0,0625; 0,0625; 183,2391304347826; 0,12055206
675; 0,0625; 0,0625; 184,43478260869566; 0,121338665
676; 0,0625; 0,0625; 182,6086956521739; 0,1201373
677; 0,0625; 0,0625; 181,8913043478261; 0,11966534
678; 0,0625; 0,0625; 185,47826086956522; 0,12202518
679; 0,0625; 0,0625; 184,69565217391303; 0,12151032
680; 0,0625; 0,0625; 183,52173913043478; 0,12073801
681; 0,0625; 0,0625; 184,67391304347825; 0,121496014
682; 0,0625; 0,0625; 184,2608695652174; 0,12122427
683; 0,0625; 0,0625; 185,02173913043478; 0,12172487
684; 0,0625; 0,0625; 183,47826086956522; 0,1207094
685; 0,0625; 0,0625; 183,15217391304347; 0,120494865
686; 0,0625; 0,0625; 185,08695652173913; 0,121767715
687; 0,0625; 0,0625; 183,80434782608697; 0,120923944
688; 0,0625; 0,0625; 181,43478260869566; 0,119365
689; 0,0625; 0,0625; 184,5; 0,121381596
690; 0,0625; 0,0625; 184,06521739130434; 0,12109555
691; 0,0625; 0,0625; 184,08695652173913; 0,12110986
692; 0,0625; 0,0625; 184,45652173913044; 0,12135299
693; 0,0625; 0,0625; 182,69565217391303; 0,12019452
694; 0,0625; 0,0625; 183,3913043478261; 0,12065218
695; 0,0625; 0,0625; 182,06521739130434; 0,11977977
696; 0,0625; 0,0625; 183,3695652173913; 0,120637886
697; 0,0625; 0,0625; 182,1304347826087; 0,119822666
698; 0,0625; 0,0625; 182,65217391304347; 0,12016591
699; 0,0625; 0,0625; 184,2826086956522; 0,121238574
700; 0,0625; 0,0625; 184,17391304347825; 0,121167056
701; 0,0625; 0,0625; 184,6086956521739; 0,1214531
702; 0,0625; 0,0625; 183,82608695652175; 0,12093824
703; 0,0625; 0,0625; 182,32608695652175; 0,11995138
704; 0,0625; 0,0625; 181,08695652173913; 0,11913618
705; 0,0625; 0,0625; 183,7826086956522; 0,12090962
706; 0,0625; 0,0625; 184,02173913043478; 0,121066935
707; 0,0625; 0,0625; 182,5; 0,120065816
708; 0,0625; 0,0625; 183,54347826086956; 0,12075231
709; 0,0625; 0,0625; 181,2608695652174; 0,119250596
710; 0,0625; 0,0625; 181,5; 0,119407915
711; 0,0625; 0,0625; 183,8695652173913; 0,12096683
712; 0,0625; 0,0625; 183,7826086956522; 0,12090962
713; 0,0625; 0,0625; 185,06521739130434; 0,121753454
714; 0,0625; 0,0625; 184,54347826086956; 0,121410206
715; 0,0625; 0,0625; 183,47826086956522; 0,1207094
716; 0,0625; 0,0625; 183,80434782608697; 0,12092392
717; 0,0625; 0,0625; 184,0; 0,12105264
718; 0,0625; 0,0625; 183,47826086956522; 0,1207094
719; 0,0625; 0,0625; 183,8913043478261; 0,120981134
720; 0,0625; 0,0625; 184,69565217391303; 0,12151032
721; 0,0625; 0,0625; 184,08695652173913; 0,12110985
722; 0,0625; 0,0625; 183,32608695652175; 0,12060929
723; 0,0625; 0,0625; 182,43478260869566; 0,1200229
724; 0,0625; 0,0625; 182,1086956521739; 0,119808376
725; 0,0625; 0,0625; 184,1304347826087; 0,121138446
726; 0,0625; 0,0625; 183,32608695652175; 0,120609276
727; 0,0625; 0,0625; 184,30434782608697; 0,12125287
728; 0,0625; 0,0625; 183,6304347826087; 0,1208095
729; 0,0625; 0,0625; 183,8695652173913; 0,12096684
730; 0,0625; 0,0625; 184,3695652173913; 0,12129579
731; 0,0625; 0,0625; 183,97826086956522; 0,121038355
732; 0,0625; 0,0625; 183,82608695652175; 0,12093823
733; 0,0625; 0,0625; 183,7826086956522; 0,12090963
734; 0,0625; 0,0625; 184,1086956521739; 0,121124156
735; 0,0625; 0,0625; 183,8695652173913; 0,12096683
736; 0,0625; 0,0625; 183,80434782608697; 0,12092394
737; 0,0625; 0,0625; 182,82608695652175; 0,12028034
738; 0,0625; 0,0625; 183,2608695652174; 0,12056639
739; 0,0625; 0,0625; 184,7608695652174; 0,12155323
740; 0,0625; 0,0625; 185,2608695652174; 0,12188217
741; 0,0625; 0,0625; 184,2826086956522; 0,12123857
742; 0,0625; 0,0625; 182,7391304347826; 0,120223105
743; 0,0625; 0,0625; 184,65217391304347; 0,12148172
744; 0,0625; 0,0625; 183,84782608695653; 0,12095253
745; 0,0625; 0,0625; 184,1304347826087; 0,121138446
746; 0,0625; 0,0625; 184,84782608695653; 0,12161041
747; 0,0625; 0,0625; 183,56521739130434; 0,12076662
748; 0,0625; 0,0625; 183,34782608695653; 0,120623596
749; 0,0625; 0,0625; 184,0; 0,12105264
750; 0,0625; 0,0625; 181,3695652173913; 0,119322106
751; 0,0625; 0,0625; 183,1304347826087; 0,12048056
752; 0,0625; 0,0625; 183,54347826086956; 0,12075229
753; 0,0625; 0,0625; 184,1086956521739; 0,121124156
754; 0,0625; 0,0625; 183,2826086956522; 0,12058067
755; 0,0625; 0,0625; 182,93478260869566; 0,12035185
756; 0,0625; 0,0625; 183,08695652173913; 0,12045196
757; 0,0625; 0,0625; 184,58695652173913; 0,1214388
758; 0,0625; 0,0625; 181,8913043478261; 0,11966534
759; 0,0625; 0,0625; 185,3913043478261; 0,12196798
760; 0,0625; 0,0625; 185,82608695652175; 0,12225402
761; 0,0625; 0,0625; 184,8695652173913; 0,12162474
762; 0,0625; 0,0625; 183,6304347826087; 0,120809495
763; 0,0625; 0,0625; 182,47826086956522; 0,12005151
764; 0,0625; 0,0625; 183,7173913043478; 0,12086672
765; 0,0625; 0,0625; 183,58695652173913; 0,12078087
766; 0,0625; 0,0625; 184,2173913043478; 0,12119567
767; 0,0625; 0,0625; 183,8913043478261; 0,12098112
768; 0,0625; 0,0625; 184,04347826086956; 0,12108124
769; 0,0625; 0,0625; 184,7391304347826; 0,12153892
770; 0,0625; 0,0625; 184,95652173913044; 0,12168195
771; 0,0625; 0,0625; 185,0; 0,12171055
772; 0,0625; 0,0625; 183,8913043478261; 0,12098114
773; 0,0625; 0,0625; 183,91304347826087; 0,12099544
774; 0,0625; 0,0625; 184,19565217391303; 0,121181354
775; 0,0625; 0,0625; 184,2826086956522; 0,121238574
776; 0,0625; 0,0625; 184,06521739130434; 0,12109553
777; 0,0625; 0,0625; 184,1304347826087; 0,12113846
778; 0,0625; 0,0625; 183,84782608695653; 0,12095251
779; 0,0625; 0,0625; 182,7391304347826; 0,12022313
780; 0,0625; 0,0625; 184,17391304347825; 0,12116708
781; 0,0625; 0,0625; 183,15217391304347; 0,12049487
782; 0,0625; 0,0625; 184,19565217391303; 0,12118138
783; 0,0625; 0,0625; 184,41304347826087; 0,1213244
784; 0,0625; 0,0625; 184,04347826086956; 0,12108124
785; 0,0625; 0,0625; 184,08695652173913; 0,12110986
786; 0,0625; 0,0625; 183,6304347826087; 0,1208095
787; 0,0625; 0,0625; 184,5; 0,121381596
788; 0,0625; 0,0625; 183,06521739130434; 0,12043765
789; 0,0625; 0,0625; 184,32608695652175; 0,121267185
790; 0,0625; 0,0625; 183,06521739130434; 0,120437644
791; 0,0625; 0,0625; 184,47826086956522; 0,12136729
792; 0,0625; 0,0625; 183,7608695652174; 0,12089533
793; 0,0625; 0,0625; 184,06521739130434; 0,121095546
794; 0,0625; 0,0625; 182,93478260869566; 0,120351866
795; 0,0625; 0,0625; 182,2173913043478; 0,11987988
796; 0,0625; 0,0625; 183,02173913043478; 0,12040906
797; 0,0625; 0,0625; 182,19565217391303; 0,11986555
798; 0,0625; 0,0625; 183,97826086956522; 0,12103834
799; 0,0625; 0,0625; 184,06521739130434; 0,121095546
800; 0,0625; 0,0625; 184,3695652173913; 0,121295795
801; 0,0625; 0,0625; 183,52173913043478; 0,120738
802; 0,0625; 0,0625; 182,2608695652174; 0,11990847
803; 0,0625; 0,0625; 184,2173913043478; 0,12119567
804; 0,0625; 0,0625; 184,17391304347825; 0,12116707
805; 0,0625; 0,0625; 184,2826086956522; 0,121238574
806; 0,0625; 0,0625; 182,8695652173913; 0,12030895
807; 0,0625; 0,0625; 184,32608695652175; 0,121267185
808; 0,0625; 0,0625; 184,2826086956522; 0,12123858
809; 0,0625; 0,0625; 183,2826086956522; 0,12058067
810; 0,0625; 0,0625; 184,2826086956522; 0,12123857
811; 0,0625; 0,0625; 184,0; 0,12105264
812; 0,0625; 0,0625; 182,08695652173913; 0,119794056
813; 0,0625; 0,0625; 183,7173913043478; 0,12086672
814; 0,0625; 0,0625; 184,52173913043478; 0,121395886
815; 0,0625; 0,0625; 183,7826086956522; 0,12090962
816; 0,0625; 0,0625; 183,80434782608697; 0,12092394
817; 0,0625; 0,0625; 183,34782608695653; 0,120623596
818; 0,0625; 0,0625; 183,65217391304347; 0,120823815
819; 0,0625; 0,0625; 182,2391304347826; 0,11989417
820; 0,0625; 0,0625; 183,54347826086956; 0,120752305
821; 0,0625; 0,0625; 183,65217391304347; 0,12082381
822; 0,0625; 0,0625; 183,8695652173913; 0,120966814
823; 0,0625; 0,0625; 184,32608695652175; 0,12126716
824; 0,0625; 0,0625; 183,8695652173913; 0,12096684
825; 0,0625; 0,0625; 183,58695652173913; 0,120780885
826; 0,0625; 0,0625; 183,69565217391303; 0,120852426
827; 0,0625; 0,0625; 184,69565217391303; 0,12151032
828; 0,0625; 0,0625; 183,95652173913044; 0,121024035
829; 0,0625; 0,0625; 184,0; 0,12105267
830; 0,0625; 0,0625; 184,41304347826087; 0,12132436
831; 0,0625; 0,0625; 182,67391304347825; 0,12018023
832; 0,0625; 0,0625; 184,17391304347825; 0,12116708
833; 0,0625; 0,0625; 183,7173913043478; 0,12086673
834; 0,0625; 0,0625; 184,34782608695653; 0,12128146
835; 0,0625; 0,0625; 185,0; 0,12171053
836; 0,0625; 0,0625; 184,02173913043478; 0,12106694
837; 0,0625; 0,0625; 185,06521739130434; 0,12175345
838; 0,0625; 0,0625; 185,54347826086956; 0,12206809
839; 0,0625; 0,0625; 185,6086956521739; 0,12211101
840; 0,0625; 0,0625; 182,8695652173913; 0,12030893
841; 0,0625; 0,0625; 183,6304347826087; 0,12080951
842; 0,0625; 0,0625; 183,7173913043478; 0,12086672
843; 0,0625; 0,0625; 184,7826086956522; 0,12156753
844; 0,0625; 0,0625; 183,91304347826087; 0,12099544
845; 0,0625; 0,0625; 185,0; 0,12171054
846; 0,0625; 0,0625; 183,06521739130434; 0,12043767
847; 0,0625; 0,0625; 183,67391304347825; 0,120838106
848; 0,0625; 0,0625; 184,80434782608697; 0,12158182
849; 0,0625; 0,0625; 182,02173913043478; 0,11975116
850; 0,0625; 0,0625; 183,30434782608697; 0,12059498
851; 0,0625; 0,0625; 182,41304347826087; 0,120008595
852; 0,0625; 0,0625; 183,6304347826087; 0,12080951
853; 0,0625; 0,0625; 183,7826086956522; 0,12090962
854; 0,0625; 0,0625; 183,7826086956522; 0,12090963
855; 0,0625; 0,0625; 183,06521739130434; 0,12043763
856; 0,0625; 0,0625; 183,06521739130434; 0,12043765
857; 0,0625; 0,0625; 184,2826086956522; 0,121238574
858; 0,0625; 0,0625; 184,2826086956522; 0,121238574
859; 0,0625; 0,0625; 183,8695652173913; 0,12096683
860; 0,0625; 0,0625; 184,1086956521739; 0,12112414
861; 0,0625; 0,0625; 184,19565217391303; 0,12118136
862; 0,0625; 0,0625; 182,7173913043478; 0,12020882
863; 0,0625; 0,0625; 182,3913043478261; 0,11999429
864; 0,0625; 0,0625; 184,04347826086956; 0,12108124
865; 0,0625; 0,0625; 185,06521739130434; 0,121753454
866; 0,0625; 0,0625; 183,17391304347825; 0,12050918
867; 0,0625; 0,0625; 183,80434782608697; 0,12092394
868; 0,0625; 0,0625; 185,08695652173913; 0,12176776
869; 0,0625; 0,0625; 182,91304347826087; 0,120337546
870; 0,0625; 0,0625; 183,7391304347826; 0,120881036
871; 0,0625; 0,0625; 183,2391304347826; 0,120552085
872; 0,0625; 0,0625; 183,02173913043478; 0,12040904
873; 0,0625; 0,0625; 183,45652173913044; 0,120695084
874; 0,0625; 0,0625; 183,93478260869566; 0,12100973
875; 0,0625; 0,0625; 184,41304347826087; 0,12132438
876; 0,0625; 0,0625; 183,97826086956522; 0,12103833
877; 0,0625; 0,0625; 184,43478260869566; 0,12133869
878; 0,0625; 0,0625; 183,7608695652174; 0,12089531
879; 0,0625; 0,0625; 184,17391304347825; 0,12116707
880; 0,0625; 0,0625; 183,6304347826087; 0,1208095
881; 0,0625; 0,0625; 184,45652173913044; 0,12135297
882; 0,0625; 0,0625; 183,58695652173913; 0,120780915
883; 0,0625; 0,0625; 184,06521739130434; 0,121095546
884; 0,0625; 0,0625; 184,84782608695653; 0,121610425
885; 0,0625; 0,0625; 182,45652173913044; 0,120037206
886; 0,0625; 0,0625; 181,15217391304347; 0,11917907
887; 0,0625; 0,0625; 185,0; 0,12171056
888; 0,0625; 0,0625; 183,58695652173913; 0,120780915
889; 0,0625; 0,0625; 184,6304347826087; 0,12146741
890; 0,0625; 0,0625; 181,52173913043478; 0,11942222
891; 0,0625; 0,0625; 184,2173913043478; 0,12119568
892; 0,0625; 0,0625; 184,34782608695653; 0,12128149
893; 0,0625; 0,0625; 183,7608695652174; 0,12089533
894; 0,0625; 0,0625; 183,8695652173913; 0,12096684
895; 0,0625; 0,0625; 184,02173913043478; 0,12106695
896; 0,0625; 0,0625; 184,32608695652175; 0,12126718
897; 0,0625; 0,0625; 184,91304347826087; 0,12165334
898; 0,0625; 0,0625; 182,3913043478261; 0,1199943
899; 0,0625; 0,0625; 184,93478260869566; 0,12166762
900; 0,0625; 0,0625; 182,7608695652174; 0,12023743
901; 0,0625; 0,0625; 182,80434782608697; 0,120266035
902; 0,0625; 0,0625; 183,97826086956522; 0,12103834
903; 0,0625; 0,0625; 182,91304347826087; 0,12033754
904; 0,0625; 0,0625; 182,91304347826087; 0,12033754
905; 0,0625; 0,0625; 184,1086956521739; 0,121124156
906; 0,0625; 0,0625; 184,2826086956522; 0,12123858
907; 0,0625; 0,0625; 184,2826086956522; 0,121238574
908; 0,0625; 0,0625; 182,8913043478261; 0,12032324
909; 0,0625; 0,0625; 184,1086956521739; 0,12112414
910; 0,0625; 0,0625; 184,2826086956522; 0,12123857
911; 0,0625; 0,0625; 184,15217391304347; 0,121152766
912; 0,0625; 0,0625; 183,2826086956522; 0,12058067
913; 0,0625; 0,0625; 182,43478260869566; 0,1200229
914; 0,0625; 0,0625; 184,1086956521739; 0,121124156
915; 0,0625; 0,0625; 183,91304347826087; 0,12099544
916; 0,0625; 0,0625; 184,02173913043478; 0,121066965
917; 0,0625; 0,0625; 183,30434782608697; 0,120594986
918; 0,0625; 0,0625; 182,1086956521739; 0,119808376
919; 0,0625; 0,0625; 183,04347826086956; 0,12042336
920; 0,0625; 0,0625; 182,84782608695653; 0,12029463
921; 0,0625; 0,0625; 181,1086956521739; 0,119150475
922; 0,0625; 0,0625; 184,7173913043478; 0,12152462
923; 0,0625; 0,0625; 184,17391304347825; 0,12116708
924; 0,0625; 0,0625; 182,3695652173913; 0,119979985
925; 0,0625; 0,0625; 184,08695652173913; 0,121109866
926; 0,0625; 0,0625; 182,52173913043478; 0,120080106
927; 0,0625; 0,0625; 184,04347826086956; 0,121081255
928; 0,0625; 0,0625; 184,52173913043478; 0,1213959
929; 0,0625; 0,0625; 184,15217391304347; 0,121152766
930; 0,0625; 0,0625; 183,43478260869566; 0,12068079
931; 0,0625; 0,0625; 183,3913043478261; 0,12065219
932; 0,0625; 0,0625; 183,7173913043478; 0,120866716
933; 0,0625; 0,0625; 183,6304347826087; 0,1208095
934; 0,0625; 0,0625; 183,80434782608697; 0,12092394
935; 0,0625; 0,0625; 183,04347826086956; 0,12042336
936; 0,0625; 0,0625; 184,8913043478261; 0,121639036
937; 0,0625; 0,0625; 184,2826086956522; 0,12123858
938; 0,0625; 0,0625; 184,3913043478261; 0,12131009
939; 0,0625; 0,0625; 183,93478260869566; 0,121009745
940; 0,0625; 0,0625; 185,67391304347825; 0,122153915
941; 0,0625; 0,0625; 181,7826086956522; 0,11959385
942; 0,0625; 0,0625; 184,6086956521739; 0,12145311
943; 0,0625; 0,0625; 182,8913043478261; 0,120323226
944; 0,0625; 0,0625; 184,32608695652175; 0,12126718
945; 0,0625; 0,0625; 183,3913043478261; 0,12065218
946; 0,0625; 0,0625; 184,56521739130434; 0,12142448
947; 0,0625; 0,0625; 184,47826086956522; 0,1213673
948; 0,0625; 0,0625; 183,95652173913044; 0,12102406
949; 0,0625; 0,0625; 183,3695652173913; 0,120637886
950; 0,0625; 0,0625; 184,0; 0,121052645
951; 0,0625; 0,0625; 183,1304347826087; 0,12048058
952; 0,0625; 0,0625; 184,1304347826087; 0,12113847
953; 0,0625; 0,0625; 183,54347826086956; 0,12075229
954; 0,0625; 0,0625; 182,17391304347825; 0,11985127
955; 0,0625; 0,0625; 184,19565217391303; 0,12118136
956; 0,0625; 0,0625; 183,7826086956522; 0,12090964
957; 0,0625; 0,0625; 184,91304347826087; 0,121653326
958; 0,0625; 0,0625; 184,3913043478261; 0,12131009
959; 0,0625; 0,0625; 183,97826086956522; 0,121038355
960; 0,0625; 0,0625; 184,08695652173913; 0,12110985
961; 0,0625; 0,0625; 182,8695652173913; 0,120308936
962; 0,0625; 0,0625; 182,56521739130434; 0,12010873
963; 0,0625; 0,0625; 183,93478260869566; 0,12100973
964; 0,0625; 0,0625; 184,7826086956522; 0,12156752
965; 0,0625; 0,0625; 181,54347826086956; 0,11943651
966; 0,0625; 0,0625; 182,80434782608697; 0,120266035
967; 0,0625; 0,0625; 183,7826086956522; 0,12090963
968; 0,0625; 0,0625; 184,65217391304347; 0,12148171
969; 0,0625; 0,0625; 181,82608695652175; 0,11962244
970; 0,0625; 0,0625; 183,7173913043478; 0,12086672
971; 0,0625; 0,0625; 184,19565217391303; 0,121181354
972; 0,0625; 0,0625; 184,43478260869566; 0,12133869
973; 0,0625; 0,0625; 184,06521739130434; 0,12109553
974; 0,0625; 0,0625; 182,93478260869566; 0,12035184
975; 0,0625; 0,0625; 184,54347826086956; 0,12141019
976; 0,0625; 0,0625; 184,7608695652174; 0,12155321
977; 0,0625; 0,0625; 184,82608695652175; 0,12159612
978; 0,0625; 0,0625; 183,56521739130434; 0,12076661
979; 0,0625; 0,0625; 184,15217391304347; 0,121152766
980; 0,0625; 0,0625; 183,97826086956522; 0,12103834
981; 0,0625; 0,0625; 183,17391304347825; 0,12050918
982; 0,0625; 0,0625; 183,80434782608697; 0,12092392
983; 0,0625; 0,0625; 184,7826086956522; 0,12156751
984; 0,0625; 0,0625; 184,17391304347825; 0,12116705
985; 0,0625; 0,0625; 182,6086956521739; 0,12013732
986; 0,0625; 0,0625; 182,2826086956522; 0,11992277
987; 0,0625; 0,0625; 184,04347826086956; 0,12108124
988; 0,0625; 0,0625; 182,3913043478261; 0,119994305
989; 0,0625; 0,0625; 184,34782608695653; 0,12128147
990; 0,0625; 0,0625; 183,8913043478261; 0,120981134
991; 0,0625; 0,0625; 182,41304347826087; 0,1200086
992; 0,0625; 0,0625; 182,54347826086956; 0,12009441
993; 0,0625; 0,0625; 182,80434782608697; 0,12026604
994; 0,0625; 0,0625; 183,45652173913044; 0,12069509
995; 0,0625; 0,0625; 184,3695652173913; 0,12129577
996; 0,0625; 0,0625; 184,2826086956522; 0,12123857
997; 0,0625; 0,0625; 184,8695652173913; 0,12162473
998; 0,0625; 0,0625; 184,19565217391303; 0,12118136
999; 0,0625; 0,0625; 183,58695652173913; 0,1207809
1000; 0,0625; 0,0625; 184,2826086956522; 0,12123858
1001; 0,0625; 0,0625; 184,2391304347826; 0,121209964
1002; 0,0625; 0,0625; 183,97826086956522; 0,12103834
1003; 0,0625; 0,0625; 184,04347826086956; 0,12108124
1004; 0,0625; 0,0625; 186,0; 0,12236844
1005; 0,0625; 0,0625; 183,43478260869566; 0,12068079
1006; 0,0625; 0,0625; 183,08695652173913; 0,12045196
1007; 0,0625; 0,0625; 183,52173913043478; 0,120737985
1008; 0,0625; 0,0625; 183,3695652173913; 0,12063787
1009; 0,0625; 0,0625; 184,93478260869566; 0,12166763
1010; 0,0625; 0,0625; 182,19565217391303; 0,119865574
1011; 0,0625; 0,0625; 184,06521739130434; 0,121095546
1012; 0,0625; 0,0625; 184,67391304347825; 0,121496014
1013; 0,0625; 0,0625; 184,6304347826087; 0,12146741
1014; 0,0625; 0,0625; 183,6086956521739; 0,1207952
1015; 0,0625; 0,0625; 184,1086956521739; 0,12112413
1016; 0,0625; 0,0625; 183,2173913043478; 0,120537765
1017; 0,0625; 0,0625; 181,32608695652175; 0,11929348
1018; 0,0625; 0,0625; 183,69565217391303; 0,120852426
1019; 0,0625; 0,0625; 183,2173913043478; 0,12053778
1020; 0,0625; 0,0625; 183,32608695652175; 0,12060926
1021; 0,0625; 0,0625; 184,41304347826087; 0,12132438
1022; 0,0625; 0,0625; 181,5; 0,119407915
1023; 0,0625; 0,0625; 184,45652173913044; 0,121352986
1024; 0,0625; 0,0625; 184,52173913043478; 0,12139591
1025; 0,0625; 0,0625; 181,67391304347825; 0,119522326
1026; 0,0625; 0,0625; 182,2826086956522; 0,119922794
1027; 0,0625; 0,0625; 184,2391304347826; 0,12120997
1028; 0,0625; 0,0625; 184,04347826086956; 0,121081255
1029; 0,0625; 0,0625; 184,19565217391303; 0,12118138
1030; 0,0625; 0,0625; 184,5; 0,12138158
1031; 0,0625; 0,0625; 184,17391304347825; 0,121167056
1032; 0,0625; 0,0625; 183,7826086956522; 0,12090962
1033; 0,0625; 0,0625; 184,0; 0,121052645
1034; 0,0625; 0,0625; 182,7173913043478; 0,120208815
1035; 0,0625; 0,0625; 184,3913043478261; 0,12131009
1036; 0,0625; 0,0625; 182,6304347826087; 0,120151594
1037; 0,0625; 0,0625; 183,56521739130434; 0,12076661
1038; 0,0625; 0,0625; 183,7391304347826; 0,12088102
1039; 0,0625; 0,0625; 181,93478260869566; 0,11969395
1040; 0,0625; 0,0625; 185,04347826086956; 0,12173916
1041; 0,0625; 0,0625; 181,02173913043478; 0,11909326
1042; 0,0625; 0,0625; 186,32608695652175; 0,122582965
1043; 0,0625; 0,0625; 182,80434782608697; 0,12026602
1044; 0,0625; 0,0625; 182,91304347826087; 0,120337546
1045; 0,0625; 0,0625; 184,17391304347825; 0,121167056
1046; 0,0625; 0,0625; 183,95652173913044; 0,12102405
1047; 0,0625; 0,0625; 185,1304347826087; 0,12179635
1048; 0,0625; 0,0625; 184,1086956521739; 0,121124156
1049; 0,0625; 0,0625; 183,52173913043478; 0,120738
1050; 0,0625; 0,0625; 185,3913043478261; 0,12196798
1051; 0,0625; 0,0625; 185,02173913043478; 0,12172482
1052; 0,0625; 0,0625; 182,30434782608697; 0,11993708
1053; 0,0625; 0,0625; 184,91304347826087; 0,121653326
1054; 0,0625; 0,0625; 182,2608695652174; 0,11990849
1055; 0,0625; 0,0625; 183,7826086956522; 0,12090961
1056; 0,0625; 0,0625; 184,34782608695653; 0,12128149
1057; 0,0625; 0,0625; 183,91304347826087; 0,120995425
1058; 0,0625; 0,0625; 183,47826086956522; 0,1207094
1059; 0,0625; 0,0625; 183,52173913043478; 0,12073801
1060; 0,0625; 0,0625; 183,82608695652175; 0,12093824
1061; 0,0625; 0,0625; 183,02173913043478; 0,12040904
1062; 0,0625; 0,0625; 182,93478260869566; 0,12035184
1063; 0,0625; 0,0625; 185,2391304347826; 0,121867865
1064; 0,0625; 0,0625; 184,47826086956522; 0,121367276
1065; 0,0625; 0,0625; 184,6304347826087; 0,1214674
1066; 0,0625; 0,0625; 184,2391304347826; 0,12120997
1067; 0,0625; 0,0625; 184,02173913043478; 0,12106695
1068; 0,0625; 0,0625; 183,8695652173913; 0,12096685
1069; 0,0625; 0,0625; 182,93478260869566; 0,12035184
1070; 0,0625; 0,0625; 184,6086956521739; 0,1214531
1071; 0,0625; 0,0625; 185,2173913043478; 0,12185356
1072; 0,0625; 0,0625; 185,17391304347825; 0,12182496
1073; 0,0625; 0,0625; 184,2826086956522; 0,12123858
1074; 0,0625; 0,0625; 183,54347826086956; 0,12075229
1075; 0,0625; 0,0625; 184,45652173913044; 0,121352986
1076; 0,0625; 0,0625; 183,8695652173913; 0,12096684
1077; 0,0625; 0,0625; 183,6304347826087; 0,120809525
1078; 0,0625; 0,0625; 182,95652173913044; 0,120366156
1079; 0,0625; 0,0625; 185,15217391304347; 0,12181065
1080; 0,0625; 0,0625; 184,2391304347826; 0,121209964
1081; 0,0625; 0,0625; 183,2826086956522; 0,120580696
1082; 0,0625; 0,0625; 183,95652173913044; 0,12102405
1083; 0,0625; 0,0625; 183,45652173913044; 0,120695084
1084; 0,0625; 0,0625; 184,34782608695653; 0,12128148
1085; 0,0625; 0,0625; 181,19565217391303; 0,11920767
1086; 0,0625; 0,0625; 184,04347826086956; 0,12108124
1087; 0,0625; 0,0625; 183,84782608695653; 0,12095255
1088; 0,0625; 0,0625; 182,3695652173913; 0,11997999
1089; 0,0625; 0,0625; 184,2826086956522; 0,12123857
1090; 0,0625; 0,0625; 184,43478260869566; 0,1213387
1091; 0,0625; 0,0625; 184,1086956521739; 0,12112416
1092; 0,0625; 0,0625; 184,1304347826087; 0,12113846
1093; 0,0625; 0,0625; 182,2391304347826; 0,11989417
1094; 0,0625; 0,0625; 184,19565217391303; 0,12118138
1095; 0,0625; 0,0625; 181,69565217391303; 0,11953664
1096; 0,0625; 0,0625; 182,2826086956522; 0,119922794
1097; 0,0625; 0,0625; 184,80434782608697; 0,12158182
1098; 0,0625; 0,0625; 183,58695652173913; 0,120780915
1099; 0,0625; 0,0625; 183,7826086956522; 0,12090962
1100; 0,0625; 0,0625; 183,45652173913044; 0,12069509
1101; 0,0625; 0,0625; 185,2826086956522; 0,12189648
1102; 0,0625; 0,0625; 184,8695652173913; 0,12162473
1103; 0,0625; 0,0625; 182,1086956521739; 0,11980835
1104; 0,0625; 0,0625; 183,6304347826087; 0,1208095
1105; 0,0625; 0,0625; 182,45652173913044; 0,120037206
1106; 0,0625; 0,0625; 183,3695652173913; 0,120637886
1107; 0,0625; 0,0625; 183,80434782608697; 0,120923944
1108; 0,0625; 0,0625; 183,1304347826087; 0,12048057
1109; 0,0625; 0,0625; 184,2608695652174; 0,12122429
1110; 0,0625; 0,0625; 184,2608695652174; 0,12122427
1111; 0,0625; 0,0625; 185,3913043478261; 0,121967986
1112; 0,0625; 0,0625; 183,0; 0,12039475
1113; 0,0625; 0,0625; 183,67391304347825; 0,120838135
1114; 0,0625; 0,0625; 183,0; 0,12039476
1115; 0,0625; 0,0625; 182,8913043478261; 0,12032324
1116; 0,0625; 0,0625; 184,02173913043478; 0,12106694
1117; 0,0625; 0,0625; 185,2826086956522; 0,12189646
1118; 0,0625; 0,0625; 184,34782608695653; 0,12128149
1119; 0,0625; 0,0625; 183,04347826086956; 0,12042336
1120; 0,0625; 0,0625; 183,80434782608697; 0,12092394
1121; 0,0625; 0,0625; 183,93478260869566; 0,121009745
1122; 0,0625; 0,0625; 181,65217391304347; 0,11950802
1123; 0,0625; 0,0625; 184,0; 0,12105263
1124; 0,0625; 0,0625; 184,7391304347826; 0,12153891
1125; 0,0625; 0,0625; 183,7608695652174; 0,12089533
1126; 0,0625; 0,0625; 184,67391304347825; 0,12149601
1127; 0,0625; 0,0625; 183,2173913043478; 0,120537765
1128; 0,0625; 0,0625; 182,7826086956522; 0,12025175
1129; 0,0625; 0,0625; 184,47826086956522; 0,12136731
1130; 0,0625; 0,0625; 183,56521739130434; 0,12076661
1131; 0,0625; 0,0625; 184,2391304347826; 0,12120997
1132; 0,0625; 0,0625; 182,54347826086956; 0,120094396
1133; 0,0625; 0,0625; 183,84782608695653; 0,12095255
1134; 0,0625; 0,0625; 184,45652173913044; 0,121352986
1135; 0,0625; 0,0625; 182,67391304347825; 0,12018021
1136; 0,0625; 0,0625; 183,3913043478261; 0,12065219
1137; 0,0625; 0,0625; 184,7826086956522; 0,12156753
1138; 0,0625; 0,0625; 183,93478260869566; 0,121009745
1139; 0,0625; 0,0625; 184,7608695652174; 0,12155321
1140; 0,0625; 0,0625; 182,67391304347825; 0,120180205
1141; 0,0625; 0,0625; 183,2826086956522; 0,12058067
1142; 0,0625; 0,0625; 182,80434782608697; 0,12026602
1143; 0,0625; 0,0625; 182,30434782608697; 0,1199371
1144; 0,0625; 0,0625; 184,3913043478261; 0,12131008
1145; 0,0625; 0,0625; 184,32608695652175; 0,12126718
1146; 0,0625; 0,0625; 184,17391304347825; 0,12116707
1147; 0,0625; 0,0625; 183,54347826086956; 0,120752305
1148; 0,0625; 0,0625; 184,69565217391303; 0,12151032
1149; 0,0625; 0,0625; 184,34782608695653; 0,12128148
1150; 0,0625; 0,0625; 182,43478260869566; 0,120022886
1151; 0,0625; 0,0625; 183,2173913043478; 0,120537765
1152; 0,0625; 0,0625; 184,04347826086956; 0,12108125
1153; 0,0625; 0,0625; 183,95652173913044; 0,12102405
1154; 0,0625; 0,0625; 184,1086956521739; 0,12112416
1155; 0,0625; 0,0625; 183,6304347826087; 0,120809495
1156; 0,0625; 0,0625; 185,3913043478261; 0,12196798
1157; 0,0625; 0,0625; 183,7391304347826; 0,120881006
1158; 0,0625; 0,0625; 186,6086956521739; 0,12276889
1159; 0,0625; 0,0625; 182,8695652173913; 0,12030892
1160; 0,0625; 0,0625; 182,6304347826087; 0,120151624
1161; 0,0625; 0,0625; 183,2826086956522; 0,12058067
1162; 0,0625; 0,0625; 182,1086956521739; 0,119808376
1163; 0,0625; 0,0625; 184,08695652173913; 0,12110986
1164; 0,0625; 0,0625; 183,43478260869566; 0,1206808
1165; 0,0625; 0,0625; 183,2826086956522; 0,12058067
1166; 0,0625; 0,0625; 183,82608695652175; 0,12093824
1167; 0,0625; 0,0625; 181,45652173913044; 0,11937929
1168; 0,0625; 0,0625; 182,8695652173913; 0,12030892
1169; 0,0625; 0,0625; 184,52173913043478; 0,1213959
1170; 0,0625; 0,0625; 182,2391304347826; 0,119894184
1171; 0,0625; 0,0625; 183,2608695652174; 0,12056637
1172; 0,0625; 0,0625; 184,8913043478261; 0,12163901
1173; 0,0625; 0,0625; 183,06521739130434; 0,12043767
1174; 0,0625; 0,0625; 184,69565217391303; 0,1215103
1175; 0,0625; 0,0625; 182,95652173913044; 0,12036614
1176; 0,0625; 0,0625; 182,93478260869566; 0,12035184
1177; 0,0625; 0,0625; 184,30434782608697; 0,12125287
1178; 0,0625; 0,0625; 184,8695652173913; 0,12162473
1179; 0,0625; 0,0625; 183,08695652173913; 0,12045196
1180; 0,0625; 0,0625; 184,2826086956522; 0,12123858
1181; 0,0625; 0,0625; 184,54347826086956; 0,12141019
1182; 0,0625; 0,0625; 184,58695652173913; 0,1214388
1183; 0,0625; 0,0625; 182,54347826086956; 0,120094396
1184; 0,0625; 0,0625; 183,2391304347826; 0,12055206
1185; 0,0625; 0,0625; 184,41304347826087; 0,12132438
1186; 0,0625; 0,0625; 184,41304347826087; 0,121324375
1187; 0,0625; 0,0625; 182,0; 0,11973686
1188; 0,0625; 0,0625; 183,6304347826087; 0,12080951
1189; 0,0625; 0,0625; 183,2826086956522; 0,12058067
1190; 0,0625; 0,0625; 182,8695652173913; 0,12030893
1191; 0,0625; 0,0625; 183,95652173913044; 0,12102403
1192; 0,0625; 0,0625; 184,17391304347825; 0,12116707
1193; 0,0625; 0,0625; 184,7391304347826; 0,12153893
1194; 0,0625; 0,0625; 184,43478260869566; 0,12133869
1195; 0,0625; 0,0625; 183,15217391304347; 0,120494865
1196; 0,0625; 0,0625; 184,15217391304347; 0,121152736
1197; 0,0625; 0,0625; 183,67391304347825; 0,12083812
1198; 0,0625; 0,0625; 183,82608695652175; 0,12093823
1199; 0,0625; 0,0625; 183,84782608695653; 0,12095253
1200; 0,0625; 0,0625; 185,02173913043478; 0,121724844
1201; 0,0625; 0,0625; 183,2173913043478; 0,12053778
1202; 0,0625; 0,0625; 182,67391304347825; 0,120180234
1203; 0,0625; 0,0625; 182,6304347826087; 0,12015162
1204; 0,0625; 0,0625; 184,1086956521739; 0,121124156
1205; 0,0625; 0,0625; 183,7608695652174; 0,12089531
1206; 0,0625; 0,0625; 183,7173913043478; 0,120866716
1207; 0,0625; 0,0625; 184,45652173913044; 0,121352986
1208; 0,0625; 0,0625; 184,17391304347825; 0,121167056
1209; 0,0625; 0,0625; 183,56521739130434; 0,12076661
1210; 0,0625; 0,0625; 184,3913043478261; 0,12131008
1211; 0,0625; 0,0625; 184,7391304347826; 0,12153891
1212; 0,0625; 0,0625; 182,8695652173913; 0,12030896
1213; 0,0625; 0,0625; 184,41304347826087; 0,1213244
1214; 0,0625; 0,0625; 182,82608695652175; 0,12028034
1215; 0,0625; 0,0625; 184,1304347826087; 0,12113846
1216; 0,0625; 0,0625; 184,32608695652175; 0,12126716
1217; 0,0625; 0,0625; 184,1086956521739; 0,12112414
1218; 0,0625; 0,0625; 183,08695652173913; 0,12045196
1219; 0,0625; 0,0625; 182,08695652173913; 0,11979407
1220; 0,0625; 0,0625; 184,1086956521739; 0,12112416
1221; 0,0625; 0,0625; 185,15217391304347; 0,12181067
1222; 0,0625; 0,0625; 182,80434782608697; 0,12026604
1223; 0,0625; 0,0625; 183,7391304347826; 0,12088102
1224; 0,0625; 0,0625; 183,45652173913044; 0,12069509
1225; 0,0625; 0,0625; 181,69565217391303; 0,119536646
1226; 0,0625; 0,0625; 184,1304347826087; 0,121138446
1227; 0,0625; 0,0625; 183,6086956521739; 0,1207952
1228; 0,0625; 0,0625; 184,2391304347826; 0,12120997
1229; 0,0625; 0,0625; 183,80434782608697; 0,12092392
1230; 0,0625; 0,0625; 183,8695652173913; 0,12096683
1231; 0,0625; 0,0625; 183,6304347826087; 0,120809525
1232; 0,0625; 0,0625; 184,91304347826087; 0,12165334
1233; 0,0625; 0,0625; 183,6304347826087; 0,12080951
1234; 0,0625; 0,0625; 183,7391304347826; 0,12088102
1235; 0,0625; 0,0625; 182,41304347826087; 0,120008595
1236; 0,0625; 0,0625; 184,2173913043478; 0,12119568
1237; 0,0625; 0,0625; 183,47826086956522; 0,12070939
1238; 0,0625; 0,0625; 183,6086956521739; 0,120795205
1239; 0,0625; 0,0625; 184,30434782608697; 0,12125287
1240; 0,0625; 0,0625; 184,17391304347825; 0,121167056
1241; 0,0625; 0,0625; 182,93478260869566; 0,12035185
1242; 0,0625; 0,0625; 184,7826086956522; 0,12156753
1243; 0,0625; 0,0625; 183,91304347826087; 0,12099545
1244; 0,0625; 0,0625; 183,91304347826087; 0,12099544
1245; 0,0625; 0,0625; 183,1086956521739; 0,12046626
1246; 0,0625; 0,0625; 184,15217391304347; 0,121152766
1247; 0,0625; 0,0625; 182,58695652173913; 0,120123014
1248; 0,0625; 0,0625; 183,0; 0,12039475
1249; 0,0625; 0,0625; 184,41304347826087; 0,1213244
1250; 0,0625; 0,0625; 182,6304347826087; 0,12015163
1251; 0,0625; 0,0625; 184,54347826086956; 0,12141019
1252; 0,0625; 0,0625; 184,02173913043478; 0,12106694
1253; 0,0625; 0,0625; 183,65217391304347; 0,12082381
1254; 0,0625; 0,0625; 185,41304347826087; 0,12198228
1255; 0,0625; 0,0625; 181,06521739130434; 0,11912189
1256; 0,0625; 0,0625; 184,7391304347826; 0,12153891
1257; 0,0625; 0,0625; 184,54347826086956; 0,12141019
1258; 0,0625; 0,0625; 182,58695652173913; 0,12012301
1259; 0,0625; 0,0625; 184,08695652173913; 0,121109836
1260; 0,0625; 0,0625; 184,2826086956522; 0,12123857
1261; 0,0625; 0,0625; 183,7608695652174; 0,12089533
1262; 0,0625; 0,0625; 184,54347826086956; 0,12141019
1263; 0,0625; 0,0625; 184,2391304347826; 0,12120996
1264; 0,0625; 0,0625; 182,3913043478261; 0,11999429
1265; 0,0625; 0,0625; 182,3695652173913; 0,119979985
1266; 0,0625; 0,0625; 183,7173913043478; 0,12086672
1267; 0,0625; 0,0625; 184,2826086956522; 0,12123857
1268; 0,0625; 0,0625; 184,3913043478261; 0,12131008
1269; 0,0625; 0,0625; 182,58695652173913; 0,12012299
1270; 0,0625; 0,0625; 182,97826086956522; 0,120380454
1271; 0,0625; 0,0625; 183,8695652173913; 0,12096684
1272; 0,0625; 0,0625; 184,6086956521739; 0,12145311
1273; 0,0625; 0,0625; 184,80434782608697; 0,12158182
1274; 0,0625; 0,0625; 183,97826086956522; 0,121038355
1275; 0,0625; 0,0625; 182,2608695652174; 0,119908474
1276; 0,0625; 0,0625; 184,32608695652175; 0,12126718
1277; 0,0625; 0,0625; 183,2173913043478; 0,12053779
1278; 0,0625; 0,0625; 183,6086956521739; 0,12079522
1279; 0,0625; 0,0625; 181,52173913043478; 0,11942223
1280; 0,0625; 0,0625; 182,2391304347826; 0,11989417
1281; 0,0625; 0,0625; 184,15217391304347; 0,12115277
1282; 0,0625; 0,0625; 185,2826086956522; 0,12189646
1283; 0,0625; 0,0625; 184,32608695652175; 0,12126716
1284; 0,0625; 0,0625; 183,80434782608697; 0,12092392
1285; 0,0625; 0,0625; 184,2173913043478; 0,12119567
1286; 0,0625; 0,0625; 183,6086956521739; 0,12079522
1287; 0,0625; 0,0625; 183,06521739130434; 0,12043767
1288; 0,0625; 0,0625; 184,7173913043478; 0,12152462
1289; 0,0625; 0,0625; 184,91304347826087; 0,121653326
1290; 0,0625; 0,0625; 182,47826086956522; 0,12005149
1291; 0,0625; 0,0625; 184,7608695652174; 0,12155321
1292; 0,0625; 0,0625; 184,17391304347825; 0,12116704
1293; 0,0625; 0,0625; 182,54347826086956; 0,12009441
1294; 0,0625; 0,0625; 184,32608695652175; 0,12126718
1295; 0,0625; 0,0625; 182,93478260869566; 0,120351836
1296; 0,0625; 0,0625; 184,06521739130434; 0,12109556
1297; 0,0625; 0,0625; 183,97826086956522; 0,121038355
1298; 0,0625; 0,0625; 184,41304347826087; 0,121324375
1299; 0,0625; 0,0625; 184,2391304347826; 0,121209964
1300; 0,0625; 0,0625; 184,15217391304347; 0,12115277
1301; 0,0625; 0,0625; 183,8695652173913; 0,12096683
1302; 0,0625; 0,0625; 183,7173913043478; 0,12086672
1303; 0,0625; 0,0625; 185,15217391304347; 0,121810645
1304; 0,0625; 0,0625; 183,67391304347825; 0,12083811
1305; 0,0625; 0,0625; 183,93478260869566; 0,12100975
1306; 0,0625; 0,0625; 184,43478260869566; 0,12133869
1307; 0,0625; 0,0625; 183,82608695652175; 0,12093823
1308; 0,0625; 0,0625; 184,04347826086956; 0,12108125
1309; 0,0625; 0,0625; 183,7391304347826; 0,12088103
1310; 0,0625; 0,0625; 183,7173913043478; 0,12086672
1311; 0,0625; 0,0625; 184,43478260869566; 0,12133869
1312; 0,0625; 0,0625; 182,45652173913044; 0,120037206
1313; 0,0625; 0,0625; 183,2826086956522; 0,12058068
1314; 0,0625; 0,0625; 184,1086956521739; 0,12112416
1315; 0,0625; 0,0625; 184,7608695652174; 0,121553235
1316; 0,0625; 0,0625; 184,19565217391303; 0,121181354
1317; 0,0625; 0,0625; 183,91304347826087; 0,120995425
1318; 0,0625; 0,0625; 183,6086956521739; 0,1207952
1319; 0,0625; 0,0625; 183,2173913043478; 0,12053779
1320; 0,0625; 0,0625; 186,43478260869566; 0,12265447
1321; 0,0625; 0,0625; 184,2826086956522; 0,121238574
1322; 0,0625; 0,0625; 183,56521739130434; 0,12076661
1323; 0,0625; 0,0625; 183,93478260869566; 0,121009745
1324; 0,0625; 0,0625; 185,08695652173913; 0,12176775
1325; 0,0625; 0,0625; 183,93478260869566; 0,12100975
1326; 0,0625; 0,0625; 184,34782608695653; 0,12128149
1327; 0,0625; 0,0625; 183,7173913043478; 0,120866716
1328; 0,0625; 0,0625; 184,06521739130434; 0,12109556
1329; 0,0625; 0,0625; 183,7608695652174; 0,120895326
1330; 0,0625; 0,0625; 182,2608695652174; 0,119908474
1331; 0,0625; 0,0625; 181,02173913043478; 0,119093254
1332; 0,0625; 0,0625; 184,5; 0,1213816
1333; 0,0625; 0,0625; 185,2173913043478; 0,12185357
1334; 0,0625; 0,0625; 184,34782608695653; 0,12128148
1335; 0,0625; 0,0625; 183,47826086956522; 0,12070941
1336; 0,0625; 0,0625; 183,8913043478261; 0,12098111
1337; 0,0625; 0,0625; 182,97826086956522; 0,120380454
1338; 0,0625; 0,0625; 181,7391304347826; 0,119565226
1339; 0,0625; 0,0625; 183,3913043478261; 0,12065219
1340; 0,0625; 0,0625; 184,52173913043478; 0,121395886
1341; 0,0625; 0,0625; 184,19565217391303; 0,12118138
1342; 0,0625; 0,0625; 182,7826086956522; 0,12025174
1343; 0,0625; 0,0625; 185,0; 0,12171054
1344; 0,0625; 0,0625; 184,2391304347826; 0,12120997
1345; 0,0625; 0,0625; 183,65217391304347; 0,120823815
1346; 0,0625; 0,0625; 183,69565217391303; 0,12085242
1347; 0,0625; 0,0625; 183,67391304347825; 0,120838106
1348; 0,0625; 0,0625; 184,02173913043478; 0,12106694
1349; 0,0625; 0,0625; 184,3913043478261; 0,12131009
1350; 0,0625; 0,0625; 179,43478260869566; 0,1180492
1351; 0,0625; 0,0625; 183,2826086956522; 0,120580666
1352; 0,0625; 0,0625; 181,8913043478261; 0,119665354
1353; 0,0625; 0,0625; 185,6086956521739; 0,12211101
1354; 0,0625; 0,0625; 183,91304347826087; 0,12099545
1355; 0,0625; 0,0625; 183,17391304347825; 0,12050917
1356; 0,0625; 0,0625; 181,32608695652175; 0,119293496
1357; 0,0625; 0,0625; 184,2391304347826; 0,12120997
1358; 0,0625; 0,0625; 182,6086956521739; 0,12013731
1359; 0,0625; 0,0625; 184,04347826086956; 0,12108127
1360; 0,0625; 0,0625; 183,54347826086956; 0,12075231
1361; 0,0625; 0,0625; 184,54347826086956; 0,121410206
1362; 0,0625; 0,0625; 184,54347826086956; 0,12141019
1363; 0,0625; 0,0625; 184,5; 0,12138158
1364; 0,0625; 0,0625; 182,47826086956522; 0,120051496
1365; 0,0625; 0,0625; 184,1086956521739; 0,12112417
1366; 0,0625; 0,0625; 184,19565217391303; 0,12118136
1367; 0,0625; 0,0625; 182,30434782608697; 0,119937085
1368; 0,0625; 0,0625; 183,8913043478261; 0,12098114
1369; 0,0625; 0,0625; 184,2608695652174; 0,12122427
1370; 0,0625; 0,0625; 183,67391304347825; 0,12083811
1371; 0,0625; 0,0625; 181,0; 0,11907896
1372; 0,0625; 0,0625; 184,8913043478261; 0,121639036
1373; 0,0625; 0,0625; 184,30434782608697; 0,12125288
1374; 0,0625; 0,0625; 181,08695652173913; 0,11913617
1375; 0,0625; 0,0625; 184,08695652173913; 0,12110985
1376; 0,0625; 0,0625; 183,7173913043478; 0,120866716
1377; 0,0625; 0,0625; 183,54347826086956; 0,12075231
1378; 0,0625; 0,0625; 183,6086956521739; 0,1207952
1379; 0,0625; 0,0625; 181,45652173913044; 0,11937931
1380; 0,0625; 0,0625; 181,95652173913044; 0,11970825
1381; 0,0625; 0,0625; 183,6304347826087; 0,1208095
1382; 0,0625; 0,0625; 184,04347826086956; 0,12108125
1383; 0,0625; 0,0625; 184,54347826086956; 0,12141019
1384; 0,0625; 0,0625; 182,04347826086956; 0,11976547
1385; 0,0625; 0,0625; 183,2826086956522; 0,12058067
1386; 0,0625; 0,0625; 182,2826086956522; 0,119922794
1387; 0,0625; 0,0625; 182,34782608695653; 0,11996569
1388; 0,0625; 0,0625; 184,52173913043478; 0,121395886
1389; 0,0625; 0,0625; 183,47826086956522; 0,12070941
1390; 0,0625; 0,0625; 184,02173913043478; 0,12106695
1391; 0,0625; 0,0625; 183,95652173913044; 0,121024035
1392; 0,0625; 0,0625; 184,15217391304347; 0,121152766
1393; 0,0625; 0,0625; 184,08695652173913; 0,121109836
1394; 0,0625; 0,0625; 182,7826086956522; 0,12025174
1395; 0,0625; 0,0625; 183,91304347826087; 0,12099544
1396; 0,0625; 0,0625; 183,7608695652174; 0,12089533
1397; 0,0625; 0,0625; 184,3695652173913; 0,121295765
1398; 0,0625; 0,0625; 181,3913043478261; 0,1193364
1399; 0,0625; 0,0625; 184,69565217391303; 0,12151032
1400; 0,0625; 0,0625; 183,69565217391303; 0,12085242
1401; 0,0625; 0,0625; 184,0; 0,12105266
1402; 0,0625; 0,0625; 182,2173913043478; 0,119879864
1403; 0,0625; 0,0625; 182,08695652173913; 0,11979407
1404; 0,0625; 0,0625; 183,19565217391303; 0,12052346
1405; 0,0625; 0,0625; 183,6304347826087; 0,12080951
1406; 0,0625; 0,0625; 184,3913043478261; 0,12131007
1407; 0,0625; 0,0625; 183,3913043478261; 0,12065219
1408; 0,0625; 0,0625; 182,34782608695653; 0,11996569
1409; 0,0625; 0,0625; 183,3695652173913; 0,120637886
1410; 0,0625; 0,0625; 184,19565217391303; 0,12118136
1411; 0,0625; 0,0625; 183,45652173913044; 0,12069511
1412; 0,0625; 0,0625; 182,69565217391303; 0,12019453
1413; 0,0625; 0,0625; 184,6304347826087; 0,12146741
1414; 0,0625; 0,0625; 183,1304347826087; 0,120480545
1415; 0,0625; 0,0625; 182,65217391304347; 0,12016593
1416; 0,0625; 0,0625; 185,04347826086956; 0,12173914
1417; 0,0625; 0,0625; 182,3913043478261; 0,11999429
1418; 0,0625; 0,0625; 184,15217391304347; 0,121152766
1419; 0,0625; 0,0625; 182,69565217391303; 0,12019452
1420; 0,0625; 0,0625; 184,41304347826087; 0,12132438
1421; 0,0625; 0,0625; 182,84782608695653; 0,120294645
1422; 0,0625; 0,0625; 184,7608695652174; 0,12155321
1423; 0,0625; 0,0625; 184,47826086956522; 0,1213673
1424; 0,0625; 0,0625; 183,97826086956522; 0,12103834
1425; 0,0625; 0,0625; 184,5; 0,121381596
1426; 0,0625; 0,0625; 184,43478260869566; 0,12133869
1427; 0,0625; 0,0625; 183,7608695652174; 0,12089533
1428; 0,0625; 0,0625; 181,52173913043478; 0,1194222
1429; 0,0625; 0,0625; 183,97826086956522; 0,121038325
1430; 0,0625; 0,0625; 182,7826086956522; 0,12025175
1431; 0,0625; 0,0625; 183,67391304347825; 0,12083811
1432; 0,0625; 0,0625; 183,34782608695653; 0,12062359
1433; 0,0625; 0,0625; 184,2826086956522; 0,12123855
1434; 0,0625; 0,0625; 182,93478260869566; 0,120351836
1435; 0,0625; 0,0625; 183,7826086956522; 0,12090963
1436; 0,0625; 0,0625; 183,47826086956522; 0,12070939
1437; 0,0625; 0,0625; 183,2173913043478; 0,12053778
1438; 0,0625; 0,0625; 181,67391304347825; 0,11952233
1439; 0,0625; 0,0625; 184,3695652173913; 0,121295765
1440; 0,0625; 0,0625; 183,95652173913044; 0,121024035
1441; 0,0625; 0,0625; 183,69565217391303; 0,12085242
1442; 0,0625; 0,0625; 184,15217391304347; 0,12115275
1443; 0,0625; 0,0625; 183,58695652173913; 0,120780915
1444; 0,0625; 0,0625; 184,17391304347825; 0,12116708
1445; 0,0625; 0,0625; 184,82608695652175; 0,12159612
1446; 0,0625; 0,0625; 183,5; 0,120723695
1447; 0,0625; 0,0625; 183,95652173913044; 0,12102405
1448; 0,0625; 0,0625; 184,02173913043478; 0,12106694
1449; 0,0625; 0,0625; 183,95652173913044; 0,12102405
1450; 0,0625; 0,0625; 184,04347826086956; 0,12108125
1451; 0,0625; 0,0625; 182,7826086956522; 0,12025174
1452; 0,0625; 0,0625; 183,82608695652175; 0,12093822
1453; 0,0625; 0,0625; 183,5; 0,12072372
1454; 0,0625; 0,0625; 184,47826086956522; 0,12136729
1455; 0,0625; 0,0625; 183,17391304347825; 0,120509155
1456; 0,0625; 0,0625; 184,1086956521739; 0,121124156
1457; 0,0625; 0,0625; 183,1086956521739; 0,12046628
1458; 0,0625; 0,0625; 183,84782608695653; 0,120952524
1459; 0,0625; 0,0625; 183,58695652173913; 0,1207809
1460; 0,0625; 0,0625; 183,6304347826087; 0,1208095
1461; 0,0625; 0,0625; 184,95652173913044; 0,121681936
1462; 0,0625; 0,0625; 182,7173913043478; 0,12020882
1463; 0,0625; 0,0625; 183,69565217391303; 0,12085241
1464; 0,0625; 0,0625; 183,97826086956522; 0,12103834
1465; 0,0625; 0,0625; 184,04347826086956; 0,12108124
1466; 0,0625; 0,0625; 183,93478260869566; 0,12100972
1467; 0,0625; 0,0625; 184,06521739130434; 0,121095546
1468; 0,0625; 0,0625; 184,02173913043478; 0,12106694
1469; 0,0625; 0,0625; 183,91304347826087; 0,120995425
1470; 0,0625; 0,0625; 183,7173913043478; 0,12086672
1471; 0,0625; 0,0625; 181,47826086956522; 0,11939361
1472; 0,0625; 0,0625; 184,30434782608697; 0,12125289
1473; 0,0625; 0,0625; 182,91304347826087; 0,120337546
1474; 0,0625; 0,0625; 183,15217391304347; 0,120494865
1475; 0,0625; 0,0625; 183,67391304347825; 0,12083811
1476; 0,0625; 0,0625; 184,82608695652175; 0,121596105
1477; 0,0625; 0,0625; 184,06521739130434; 0,12109555
1478; 0,0625; 0,0625; 183,91304347826087; 0,12099542
1479; 0,0625; 0,0625; 183,04347826086956; 0,12042335
1480; 0,0625; 0,0625; 184,17391304347825; 0,12116707
1481; 0,0625; 0,0625; 181,80434782608697; 0,11960814
1482; 0,0625; 0,0625; 184,1304347826087; 0,12113847
1483; 0,0625; 0,0625; 184,2173913043478; 0,12119567
1484; 0,0625; 0,0625; 183,84782608695653; 0,12095255
1485; 0,0625; 0,0625; 181,6304347826087; 0,11949373
1486; 0,0625; 0,0625; 184,47826086956522; 0,121367276
1487; 0,0625; 0,0625; 184,08695652173913; 0,121109866
1488; 0,0625; 0,0625; 181,95652173913044; 0,11970825
1489; 0,0625; 0,0625; 184,56521739130434; 0,12142451
1490; 0,0625; 0,0625; 184,2608695652174; 0,12122426
1491; 0,0625; 0,0625; 184,54347826086956; 0,12141018
1492; 0,0625; 0,0625; 181,91304347826087; 0,119679645
1493; 0,0625; 0,0625; 183,3695652173913; 0,12063789
1494; 0,0625; 0,0625; 182,7826086956522; 0,12025173
1495; 0,0625; 0,0625; 182,80434782608697; 0,12026604
1496; 0,0625; 0,0625; 184,3913043478261; 0,1213101
1497; 0,0625; 0,0625; 184,0; 0,12105264
1498; 0,0625; 0,0625; 184,02173913043478; 0,121066935
1499; 0,0625; 0,0625; 184,19565217391303; 0,12118138
1500; 0,0625; 0,0625; 184,08695652173913; 0,12110986
1501; 0,0625; 0,0625; 184,7826086956522; 0,12156752
1502; 0,0625; 0,0625; 184,93478260869566; 0,121667646
1503; 0,0625; 0,0625; 183,2173913043478; 0,120537765
1504; 0,0625; 0,0625; 185,2826086956522; 0,121896476
1505; 0,0625; 0,0625; 182,56521739130434; 0,12010871
1506; 0,0625; 0,0625; 183,91304347826087; 0,12099545
1507; 0,0625; 0,0625; 184,2826086956522; 0,121238574
1508; 0,0625; 0,0625; 184,32608695652175; 0,12126718
1509; 0,0625; 0,0625; 183,5; 0,12072368
1510; 0,0625; 0,0625; 184,47826086956522; 0,12136729
1511; 0,0625; 0,0625; 181,04347826086956; 0,11910758
1512; 0,0625; 0,0625; 185,04347826086956; 0,12173915
1513; 0,0625; 0,0625; 183,54347826086956; 0,120752305
1514; 0,0625; 0,0625; 184,3695652173913; 0,1212958
1515; 0,0625; 0,0625; 183,47826086956522; 0,1207094
1516; 0,0625; 0,0625; 183,04347826086956; 0,12042336
1517; 0,0625; 0,0625; 184,02173913043478; 0,12106694
1518; 0,0625; 0,0625; 183,97826086956522; 0,12103834
1519; 0,0625; 0,0625; 182,7391304347826; 0,12022312
1520; 0,0625; 0,0625; 184,04347826086956; 0,121081255
1521; 0,0625; 0,0625; 184,02173913043478; 0,12106694
1522; 0,0625; 0,0625; 183,52173913043478; 0,12073801
1523; 0,0625; 0,0625; 182,54347826086956; 0,12009438
1524; 0,0625; 0,0625; 183,7391304347826; 0,12088102
1525; 0,0625; 0,0625; 183,58695652173913; 0,120780915
1526; 0,0625; 0,0625; 183,08695652173913; 0,12045196
1527; 0,0625; 0,0625; 182,30434782608697; 0,119937085
1528; 0,0625; 0,0625; 182,3913043478261; 0,11999429
1529; 0,0625; 0,0625; 184,41304347826087; 0,121324405
1530; 0,0625; 0,0625; 183,6086956521739; 0,12079522
1531; 0,0625; 0,0625; 183,47826086956522; 0,1207094
1532; 0,0625; 0,0625; 183,8913043478261; 0,12098112
1533; 0,0625; 0,0625; 183,45652173913044; 0,12069511
1534; 0,0625; 0,0625; 182,80434782608697; 0,12026604
1535; 0,0625; 0,0625; 184,32608695652175; 0,121267185
1536; 0,0625; 0,0625; 184,2173913043478; 0,12119565
1537; 0,0625; 0,0625; 184,32608695652175; 0,12126718
1538; 0,0625; 0,0625; 185,2173913043478; 0,121853545
1539; 0,0625; 0,0625; 183,54347826086956; 0,12075231
1540; 0,0625; 0,0625; 182,7608695652174; 0,12023743
1541; 0,0625; 0,0625; 184,84782608695653; 0,12161041
1542; 0,0625; 0,0625; 184,7173913043478; 0,121524625
1543; 0,0625; 0,0625; 184,17391304347825; 0,12116705
1544; 0,0625; 0,0625; 186,7391304347826; 0,12285472
1545; 0,0625; 0,0625; 183,8913043478261; 0,12098112
1546; 0,0625; 0,0625; 183,04347826086956; 0,12042336
1547; 0,0625; 0,0625; 182,1304347826087; 0,11982268
1548; 0,0625; 0,0625; 183,52173913043478; 0,120738
1549; 0,0625; 0,0625; 183,06521739130434; 0,12043767
1550; 0,0625; 0,0625; 183,34782608695653; 0,12062358
1551; 0,0625; 0,0625; 183,58695652173913; 0,120780915
1552; 0,0625; 0,0625; 182,2826086956522; 0,119922794
1553; 0,0625; 0,0625; 184,8695652173913; 0,12162473
1554; 0,0625; 0,0625; 185,30434782608697; 0,121910766
1555; 0,0625; 0,0625; 184,2608695652174; 0,12122428
1556; 0,0625; 0,0625; 184,80434782608697; 0,12158182
1557; 0,0625; 0,0625; 182,6086956521739; 0,12013732
1558; 0,0625; 0,0625; 184,30434782608697; 0,12125287
1559; 0,0625; 0,0625; 184,82608695652175; 0,12159612
1560; 0,0625; 0,0625; 182,2173913043478; 0,11987988
1561; 0,0625; 0,0625; 184,3695652173913; 0,12129579
1562; 0,0625; 0,0625; 183,58695652173913; 0,1207809
1563; 0,0625; 0,0625; 184,2173913043478; 0,12119566
1564; 0,0625; 0,0625; 182,17391304347825; 0,11985127
1565; 0,0625; 0,0625; 180,93478260869566; 0,11903604
1566; 0,0625; 0,0625; 184,2391304347826; 0,121209964
1567; 0,0625; 0,0625; 183,80434782608697; 0,12092394
1568; 0,0625; 0,0625; 182,7391304347826; 0,12022313
1569; 0,0625; 0,0625; 184,3695652173913; 0,121295795
1570; 0,0625; 0,0625; 181,80434782608697; 0,11960812
1571; 0,0625; 0,0625; 182,93478260869566; 0,120351836
1572; 0,0625; 0,0625; 182,93478260869566; 0,12035184
1573; 0,0625; 0,0625; 183,5; 0,1207237
1574; 0,0625; 0,0625; 183,7608695652174; 0,12089533
1575; 0,0625; 0,0625; 182,32608695652175; 0,119951375
1576; 0,0625; 0,0625; 183,2173913043478; 0,12053779
1577; 0,0625; 0,0625; 182,54347826086956; 0,12009438
1578; 0,0625; 0,0625; 183,0; 0,12039475
1579; 0,0625; 0,0625; 183,82608695652175; 0,12093824
1580; 0,0625; 0,0625; 182,1086956521739; 0,11980836
1581; 0,0625; 0,0625; 183,58695652173913; 0,12078089
1582; 0,0625; 0,0625; 184,65217391304347; 0,12148172
1583; 0,0625; 0,0625; 183,41304347826087; 0,1206665
1584; 0,0625; 0,0625; 181,34782608695653; 0,1193078
1585; 0,0625; 0,0625; 185,47826086956522; 0,12202519
1586; 0,0625; 0,0625; 181,8913043478261; 0,119665354
1587; 0,0625; 0,0625; 184,1304347826087; 0,121138446
1588; 0,0625; 0,0625; 183,08695652173913; 0,12045196
1589; 0,0625; 0,0625; 183,7391304347826; 0,12088103
1590; 0,0625; 0,0625; 183,69565217391303; 0,120852426
1591; 0,0625; 0,0625; 183,3913043478261; 0,12065219
1592; 0,0625; 0,0625; 183,82608695652175; 0,12093822
1593; 0,0625; 0,0625; 182,41304347826087; 0,120008595
1594; 0,0625; 0,0625; 184,2173913043478; 0,12119569
1595; 0,0625; 0,0625; 182,67391304347825; 0,12018021
1596; 0,0625; 0,0625; 184,54347826086956; 0,12141019
1597; 0,0625; 0,0625; 184,0; 0,121052645
1598; 0,0625; 0,0625; 183,8913043478261; 0,120981134
1599; 0,0625; 0,0625; 184,52173913043478; 0,1213959
1600; 0,0625; 0,0625; 182,69565217391303; 0,12019453
1601; 0,0625; 0,0625; 184,02173913043478; 0,12106695
1602; 0,0625; 0,0625; 182,17391304347825; 0,119851254
1603; 0,0625; 0,0625; 183,41304347826087; 0,1206665
1604; 0,0625; 0,0625; 184,0; 0,121052645
1605; 0,0625; 0,0625; 183,7391304347826; 0,12088103
1606; 0,0625; 0,0625; 184,6304347826087; 0,121467404
1607; 0,0625; 0,0625; 182,7826086956522; 0,12025173
1608; 0,0625; 0,0625; 180,56521739130434; 0,118792914
1609; 0,0625; 0,0625; 184,8695652173913; 0,12162473
1610; 0,0625; 0,0625; 183,5; 0,120723695
1611; 0,0625; 0,0625; 183,3913043478261; 0,12065218
1612; 0,0625; 0,0625; 184,7173913043478; 0,1215246
1613; 0,0625; 0,0625; 182,34782608695653; 0,119965695
1614; 0,0625; 0,0625; 184,6086956521739; 0,12145311
1615; 0,0625; 0,0625; 182,8913043478261; 0,12032324
1616; 0,0625; 0,0625; 183,7826086956522; 0,12090964
1617; 0,0625; 0,0625; 184,32608695652175; 0,121267185
1618; 0,0625; 0,0625; 182,43478260869566; 0,1200229
1619; 0,0625; 0,0625; 184,52173913043478; 0,12139591
1620; 0,0625; 0,0625; 184,2826086956522; 0,121238574
1621; 0,0625; 0,0625; 185,2608695652174; 0,12188217
1622; 0,0625; 0,0625; 184,0; 0,12105264
1623; 0,0625; 0,0625; 183,19565217391303; 0,12052346
1624; 0,0625; 0,0625; 184,45652173913044; 0,121352986
1625; 0,0625; 0,0625; 184,30434782608697; 0,12125287
1626; 0,0625; 0,0625; 183,3695652173913; 0,12063787
1627; 0,0625; 0,0625; 182,1304347826087; 0,11982266
1628; 0,0625; 0,0625; 182,6304347826087; 0,120151624
1629; 0,0625; 0,0625; 184,1304347826087; 0,12113847
1630; 0,0625; 0,0625; 184,93478260869566; 0,12166763
1631; 0,0625; 0,0625; 181,56521739130434; 0,119450815
1632; 0,0625; 0,0625; 184,02173913043478; 0,121066935
1633; 0,0625; 0,0625; 183,41304347826087; 0,1206665
1634; 0,0625; 0,0625; 183,91304347826087; 0,120995425
1635; 0,0625; 0,0625; 183,6304347826087; 0,120809525
1636; 0,0625; 0,0625; 182,8695652173913; 0,12030893
1637; 0,0625; 0,0625; 181,52173913043478; 0,119422205
1638; 0,0625; 0,0625; 184,5; 0,121381596
1639; 0,0625; 0,0625; 184,0; 0,121052645
1640; 0,0625; 0,0625; 183,7391304347826; 0,12088102
1641; 0,0625; 0,0625; 183,7173913043478; 0,12086672
1642; 0,0625; 0,0625; 184,45652173913044; 0,12135299
1643; 0,0625; 0,0625; 184,41304347826087; 0,12132436
1644; 0,0625; 0,0625; 182,8913043478261; 0,12032324
1645; 0,0625; 0,0625; 184,2608695652174; 0,12122427
1646; 0,0625; 0,0625; 183,2173913043478; 0,12053779
1647; 0,0625; 0,0625; 184,19565217391303; 0,12118136
1648; 0,0625; 0,0625; 184,06521739130434; 0,12109556
1649; 0,0625; 0,0625; 183,6086956521739; 0,1207952
1650; 0,0625; 0,0625; 184,52173913043478; 0,12139591
1651; 0,0625; 0,0625; 183,2391304347826; 0,12055207
1652; 0,0625; 0,0625; 184,2391304347826; 0,121209964
1653; 0,0625; 0,0625; 184,7391304347826; 0,12153892
1654; 0,0625; 0,0625; 184,2608695652174; 0,12122428
1655; 0,0625; 0,0625; 183,3913043478261; 0,12065219
1656; 0,0625; 0,0625; 184,5; 0,121381596
1657; 0,0625; 0,0625; 183,2173913043478; 0,120537765
1658; 0,0625; 0,0625; 184,19565217391303; 0,12118136
1659; 0,0625; 0,0625; 183,6304347826087; 0,12080951
1660; 0,0625; 0,0625; 182,19565217391303; 0,119865574
1661; 0,0625; 0,0625; 184,2391304347826; 0,121209964
1662; 0,0625; 0,0625; 183,2826086956522; 0,12058068
1663; 0,0625; 0,0625; 184,08695652173913; 0,12110986
1664; 0,0625; 0,0625; 182,82608695652175; 0,120280325
1665; 0,0625; 0,0625; 183,65217391304347; 0,120823815
1666; 0,0625; 0,0625; 183,6086956521739; 0,1207952
1667; 0,0625; 0,0625; 183,56521739130434; 0,120766595
1668; 0,0625; 0,0625; 182,7826086956522; 0,12025173
1669; 0,0625; 0,0625; 184,08695652173913; 0,12110986
1670; 0,0625; 0,0625; 183,47826086956522; 0,12070941
1671; 0,0625; 0,0625; 184,32608695652175; 0,12126718
1672; 0,0625; 0,0625; 182,45652173913044; 0,120037206
1673; 0,0625; 0,0625; 183,56521739130434; 0,120766595
1674; 0,0625; 0,0625; 184,7608695652174; 0,12155323
1675; 0,0625; 0,0625; 183,58695652173913; 0,12078092
1676; 0,0625; 0,0625; 184,65217391304347; 0,12148171
1677; 0,0625; 0,0625; 184,02173913043478; 0,12106694
1678; 0,0625; 0,0625; 184,2826086956522; 0,121238574
1679; 0,0625; 0,0625; 183,1304347826087; 0,12048054
1680; 0,0625; 0,0625; 184,58695652173913; 0,121438794
1681; 0,0625; 0,0625; 183,7173913043478; 0,12086672
1682; 0,0625; 0,0625; 184,30434782608697; 0,12125288
1683; 0,0625; 0,0625; 183,8913043478261; 0,12098114
1684; 0,0625; 0,0625; 182,17391304347825; 0,11985127
1685; 0,0625; 0,0625; 183,8913043478261; 0,12098114
1686; 0,0625; 0,0625; 184,84782608695653; 0,121610425
1687; 0,0625; 0,0625; 183,47826086956522; 0,12070941
1688; 0,0625; 0,0625; 183,91304347826087; 0,12099544
1689; 0,0625; 0,0625; 184,1086956521739; 0,12112416
1690; 0,0625; 0,0625; 184,04347826086956; 0,121081255
1691; 0,0625; 0,0625; 184,1086956521739; 0,12112416
1692; 0,0625; 0,0625; 182,97826086956522; 0,120380454
1693; 0,0625; 0,0625; 183,82608695652175; 0,12093824
1694; 0,0625; 0,0625; 181,97826086956522; 0,11972256
1695; 0,0625; 0,0625; 181,91304347826087; 0,11967966
1696; 0,0625; 0,0625; 183,5; 0,1207237
1697; 0,0625; 0,0625; 183,97826086956522; 0,121038325
1698; 0,0625; 0,0625; 182,54347826086956; 0,1200944
1699; 0,0625; 0,0625; 184,2173913043478; 0,12119566
1700; 0,0625; 0,0625; 184,43478260869566; 0,1213387
1701; 0,0625; 0,0625; 183,80434782608697; 0,12092394
1702; 0,0625; 0,0625; 183,84782608695653; 0,12095255
1703; 0,0625; 0,0625; 184,2608695652174; 0,12122425
1704; 0,0625; 0,0625; 184,43478260869566; 0,12133869
1705; 0,0625; 0,0625; 181,1086956521739; 0,11915046
1706; 0,0625; 0,0625; 184,47826086956522; 0,1213673
1707; 0,0625; 0,0625; 183,7391304347826; 0,12088102
1708; 0,0625; 0,0625; 184,7391304347826; 0,12153892
1709; 0,0625; 0,0625; 184,06521739130434; 0,121095546
1710; 0,0625; 0,0625; 184,08695652173913; 0,12110986
1711; 0,0625; 0,0625; 183,06521739130434; 0,12043767
1712; 0,0625; 0,0625; 183,65217391304347; 0,1208238
1713; 0,0625; 0,0625; 184,6304347826087; 0,1214674
1714; 0,0625; 0,0625; 184,2391304347826; 0,121209964
1715; 0,0625; 0,0625; 182,7391304347826; 0,12022313
1716; 0,0625; 0,0625; 182,93478260869566; 0,12035185
1717; 0,0625; 0,0625; 184,2608695652174; 0,12122428
1718; 0,0625; 0,0625; 184,2391304347826; 0,12120997
1719; 0,0625; 0,0625; 183,82608695652175; 0,12093824
1720; 0,0625; 0,0625; 184,2391304347826; 0,121209964
1721; 0,0625; 0,0625; 183,52173913043478; 0,120738
1722; 0,0625; 0,0625; 182,65217391304347; 0,12016592
1723; 0,0625; 0,0625; 182,7391304347826; 0,12022313
1724; 0,0625; 0,0625; 185,54347826086956; 0,12206811
1725; 0,0625; 0,0625; 182,02173913043478; 0,11975116
1726; 0,0625; 0,0625; 184,08695652173913; 0,12110986
1727; 0,0625; 0,0625; 184,54347826086956; 0,12141019
1728; 0,0625; 0,0625; 183,56521739130434; 0,120766595
1729; 0,0625; 0,0625; 184,34782608695653; 0,12128149
1730; 0,0625; 0,0625; 184,65217391304347; 0,12148169
1731; 0,0625; 0,0625; 183,7608695652174; 0,120895326
1732; 0,0625; 0,0625; 183,0; 0,12039476
1733; 0,0625; 0,0625; 184,41304347826087; 0,1213244
1734; 0,0625; 0,0625; 182,80434782608697; 0,12026604
1735; 0,0625; 0,0625; 183,65217391304347; 0,120823815
1736; 0,0625; 0,0625; 182,91304347826087; 0,12033754
1737; 0,0625; 0,0625; 184,15217391304347; 0,121152766
1738; 0,0625; 0,0625; 184,30434782608697; 0,12125288
1739; 0,0625; 0,0625; 183,8913043478261; 0,12098116
1740; 0,0625; 0,0625; 183,82608695652175; 0,12093823
1741; 0,0625; 0,0625; 184,06521739130434; 0,121095546
1742; 0,0625; 0,0625; 182,04347826086956; 0,11976547
1743; 0,0625; 0,0625; 184,52173913043478; 0,12139588
1744; 0,0625; 0,0625; 183,6304347826087; 0,12080951
1745; 0,0625; 0,0625; 184,06521739130434; 0,12109556
1746; 0,0625; 0,0625; 183,1304347826087; 0,12048058
1747; 0,0625; 0,0625; 184,2391304347826; 0,121209964
1748; 0,0625; 0,0625; 183,52173913043478; 0,120737985
1749; 0,0625; 0,0625; 183,2608695652174; 0,120566376
1750; 0,0625; 0,0625; 184,45652173913044; 0,121352986
1751; 0,0625; 0,0625; 183,67391304347825; 0,12083811
1752; 0,0625; 0,0625; 184,04347826086956; 0,121081226
1753; 0,0625; 0,0625; 182,82608695652175; 0,12028034
1754; 0,0625; 0,0625; 183,8913043478261; 0,12098114
1755; 0,0625; 0,0625; 183,7608695652174; 0,12089533
1756; 0,0625; 0,0625; 184,54347826086956; 0,12141019
1757; 0,0625; 0,0625; 182,2391304347826; 0,11989417
1758; 0,0625; 0,0625; 184,08695652173913; 0,12110986
1759; 0,0625; 0,0625; 182,6086956521739; 0,12013733
1760; 0,0625; 0,0625; 182,56521739130434; 0,1201087
1761; 0,0625; 0,0625; 184,3695652173913; 0,12129579
1762; 0,0625; 0,0625; 182,47826086956522; 0,120051496
1763; 0,0625; 0,0625; 184,41304347826087; 0,12132438
1764; 0,0625; 0,0625; 184,45652173913044; 0,121352986
1765; 0,0625; 0,0625; 184,41304347826087; 0,121324375
1766; 0,0625; 0,0625; 184,67391304347825; 0,12149602
1767; 0,0625; 0,0625; 184,47826086956522; 0,121367276
1768; 0,0625; 0,0625; 182,58695652173913; 0,12012301
1769; 0,0625; 0,0625; 185,41304347826087; 0,121982284
1770; 0,0625; 0,0625; 182,04347826086956; 0,11976547
1771; 0,0625; 0,0625; 184,2826086956522; 0,12123858
1772; 0,0625; 0,0625; 184,3913043478261; 0,12131009
1773; 0,0625; 0,0625; 183,69565217391303; 0,120852396
1774; 0,0625; 0,0625; 184,69565217391303; 0,12151031
1775; 0,0625; 0,0625; 182,52173913043478; 0,12008012
1776; 0,0625; 0,0625; 183,2826086956522; 0,12058068
1777; 0,0625; 0,0625; 183,6304347826087; 0,12080951
1778; 0,0625; 0,0625; 183,1086956521739; 0,12046628
1779; 0,0625; 0,0625; 184,0; 0,121052645
1780; 0,0625; 0,0625; 186,15217391304347; 0,12246855
1781; 0,0625; 0,0625; 184,19565217391303; 0,12118138
1782; 0,0625; 0,0625; 184,47826086956522; 0,12136727
1783; 0,0625; 0,0625; 183,56521739130434; 0,120766595
1784; 0,0625; 0,0625; 183,67391304347825; 0,12083812
1785; 0,0625; 0,0625; 182,52173913043478; 0,120080106
1786; 0,0625; 0,0625; 183,30434782608697; 0,12059498
1787; 0,0625; 0,0625; 184,6304347826087; 0,121467404
1788; 0,0625; 0,0625; 182,54347826086956; 0,120094426
1789; 0,0625; 0,0625; 183,43478260869566; 0,12068078
1790; 0,0625; 0,0625; 183,8913043478261; 0,12098114
1791; 0,0625; 0,0625; 183,69565217391303; 0,12085242
1792; 0,0625; 0,0625; 183,84782608695653; 0,12095253
1793; 0,0625; 0,0625; 184,95652173913044; 0,12168193
1794; 0,0625; 0,0625; 183,93478260869566; 0,12100975
1795; 0,0625; 0,0625; 184,1086956521739; 0,12112416
1796; 0,0625; 0,0625; 184,91304347826087; 0,121653326
1797; 0,0625; 0,0625; 184,3695652173913; 0,12129577
1798; 0,0625; 0,0625; 183,7826086956522; 0,12090964
1799; 0,0625; 0,0625; 183,58695652173913; 0,1207809
1800; 0,0625; 0,0625; 184,17391304347825; 0,12116708
1801; 0,0625; 0,0625; 184,02173913043478; 0,12106695
1802; 0,0625; 0,0625; 183,69565217391303; 0,120852426
1803; 0,0625; 0,0625; 183,7826086956522; 0,12090964
1804; 0,0625; 0,0625; 183,67391304347825; 0,12083811
1805; 0,0625; 0,0625; 183,1304347826087; 0,12048057
1806; 0,0625; 0,0625; 184,2826086956522; 0,121238574
1807; 0,0625; 0,0625; 182,2608695652174; 0,119908474
1808; 0,0625; 0,0625; 185,0; 0,12171053
1809; 0,0625; 0,0625; 184,17391304347825; 0,12116708
1810; 0,0625; 0,0625; 180,95652173913044; 0,11905035
1811; 0,0625; 0,0625; 185,95652173913044; 0,12233984
1812; 0,0625; 0,0625; 183,58695652173913; 0,120780915
1813; 0,0625; 0,0625; 184,1304347826087; 0,12113847
1814; 0,0625; 0,0625; 184,17391304347825; 0,12116705
1815; 0,0625; 0,0625; 183,7826086956522; 0,12090964
1816; 0,0625; 0,0625; 183,93478260869566; 0,121009745
1817; 0,0625; 0,0625; 184,6086956521739; 0,12145311
1818; 0,0625; 0,0625; 183,19565217391303; 0,120523445
1819; 0,0625; 0,0625; 182,43478260869566; 0,120022886
1820; 0,0625; 0,0625; 183,91304347826087; 0,12099545
1821; 0,0625; 0,0625; 183,8695652173913; 0,12096684
1822; 0,0625; 0,0625; 184,08695652173913; 0,12110985
1823; 0,0625; 0,0625; 183,17391304347825; 0,12050915
1824; 0,0625; 0,0625; 185,17391304347825; 0,12182496
1825; 0,0625; 0,0625; 184,45652173913044; 0,121352986
1826; 0,0625; 0,0625; 181,80434782608697; 0,11960814
1827; 0,0625; 0,0625; 180,84782608695653; 0,11897884
1828; 0,0625; 0,0625; 185,54347826086956; 0,122068085
1829; 0,0625; 0,0625; 184,7391304347826; 0,12153892
1830; 0,0625; 0,0625; 182,45652173913044; 0,12003719
1831; 0,0625; 0,0625; 183,69565217391303; 0,12085241
1832; 0,0625; 0,0625; 183,2173913043478; 0,12053778
1833; 0,0625; 0,0625; 183,8695652173913; 0,12096685
1834; 0,0625; 0,0625; 183,43478260869566; 0,1206808
1835; 0,0625; 0,0625; 183,69565217391303; 0,12085242
1836; 0,0625; 0,0625; 184,58695652173913; 0,121438816
1837; 0,0625; 0,0625; 183,7608695652174; 0,120895326
1838; 0,0625; 0,0625; 184,7173913043478; 0,12152462
1839; 0,0625; 0,0625; 183,69565217391303; 0,12085242
1840; 0,0625; 0,0625; 184,1086956521739; 0,12112416
1841; 0,0625; 0,0625; 181,7826086956522; 0,11959384
1842; 0,0625; 0,0625; 182,7173913043478; 0,12020884
1843; 0,0625; 0,0625; 181,8695652173913; 0,11965106
1844; 0,0625; 0,0625; 183,67391304347825; 0,12083811
1845; 0,0625; 0,0625; 185,04347826086956; 0,12173915
1846; 0,0625; 0,0625; 184,2391304347826; 0,12120996
1847; 0,0625; 0,0625; 183,7608695652174; 0,120895326
1848; 0,0625; 0,0625; 184,15217391304347; 0,121152766
1849; 0,0625; 0,0625; 182,30434782608697; 0,11993708
1850; 0,0625; 0,0625; 183,97826086956522; 0,121038355
1851; 0,0625; 0,0625; 183,93478260869566; 0,12100975
1852; 0,0625; 0,0625; 183,52173913043478; 0,12073801
1853; 0,0625; 0,0625; 184,7826086956522; 0,12156753
1854; 0,0625; 0,0625; 182,97826086956522; 0,120380454
1855; 0,0625; 0,0625; 184,6086956521739; 0,12145311
1856; 0,0625; 0,0625; 183,43478260869566; 0,12068079
1857; 0,0625; 0,0625; 183,93478260869566; 0,121009745
1858; 0,0625; 0,0625; 183,95652173913044; 0,12102406
1859; 0,0625; 0,0625; 182,3695652173913; 0,11997997
1860; 0,0625; 0,0625; 184,30434782608697; 0,12125288
1861; 0,0625; 0,0625; 184,3913043478261; 0,12131007
1862; 0,0625; 0,0625; 184,06521739130434; 0,12109556
1863; 0,0625; 0,0625; 185,08695652173913; 0,12176777
1864; 0,0625; 0,0625; 184,30434782608697; 0,12125286
1865; 0,0625; 0,0625; 182,58695652173913; 0,12012301
1866; 0,0625; 0,0625; 182,7391304347826; 0,12022313
1867; 0,0625; 0,0625; 182,43478260869566; 0,1200229
1868; 0,0625; 0,0625; 184,17391304347825; 0,121167056
1869; 0,0625; 0,0625; 182,7391304347826; 0,1202231
1870; 0,0625; 0,0625; 184,7608695652174; 0,121553205
1871; 0,0625; 0,0625; 183,3695652173913; 0,12063789
1872; 0,0625; 0,0625; 183,1304347826087; 0,12048057
1873; 0,0625; 0,0625; 183,06521739130434; 0,12043767
1874; 0,0625; 0,0625; 184,41304347826087; 0,12132438
1875; 0,0625; 0,0625; 184,1304347826087; 0,12113847
1876; 0,0625; 0,0625; 182,67391304347825; 0,12018023
1877; 0,0625; 0,0625; 183,58695652173913; 0,120780915
1878; 0,0625; 0,0625; 182,7608695652174; 0,120237425
1879; 0,0625; 0,0625; 183,95652173913044; 0,12102405
1880; 0,0625; 0,0625; 183,93478260869566; 0,12100972
1881; 0,0625; 0,0625; 185,2826086956522; 0,121896476
1882; 0,0625; 0,0625; 183,7826086956522; 0,12090962
1883; 0,0625; 0,0625; 183,7826086956522; 0,12090962
1884; 0,0625; 0,0625; 183,5; 0,1207237
1885; 0,0625; 0,0625; 184,06521739130434; 0,121095546
1886; 0,0625; 0,0625; 185,30434782608697; 0,12191079
1887; 0,0625; 0,0625; 185,08695652173913; 0,12176775
1888; 0,0625; 0,0625; 184,0; 0,12105264
1889; 0,0625; 0,0625; 183,91304347826087; 0,12099544
1890; 0,0625; 0,0625; 183,34782608695653; 0,12062359
1891; 0,0625; 0,0625; 185,0; 0,12171054
1892; 0,0625; 0,0625; 182,1086956521739; 0,11980836
1893; 0,0625; 0,0625; 183,02173913043478; 0,12040906
1894; 0,0625; 0,0625; 183,30434782608697; 0,12059498
1895; 0,0625; 0,0625; 182,84782608695653; 0,120294645
1896; 0,0625; 0,0625; 183,69565217391303; 0,12085242
1897; 0,0625; 0,0625; 184,34782608695653; 0,12128149
1898; 0,0625; 0,0625; 182,45652173913044; 0,120037206
1899; 0,0625; 0,0625; 184,1304347826087; 0,12113846
1900; 0,0625; 0,0625; 184,0; 0,121052645
1901; 0,0625; 0,0625; 184,52173913043478; 0,1213959
1902; 0,0625; 0,0625; 184,02173913043478; 0,12106695
1903; 0,0625; 0,0625; 182,04347826086956; 0,11976547
1904; 0,0625; 0,0625; 184,3913043478261; 0,12131009
1905; 0,0625; 0,0625; 183,2173913043478; 0,12053778
1906; 0,0625; 0,0625; 184,15217391304347; 0,121152766
1907; 0,0625; 0,0625; 183,95652173913044; 0,121024035
1908; 0,0625; 0,0625; 184,56521739130434; 0,121424496
1909; 0,0625; 0,0625; 181,97826086956522; 0,11972256
1910; 0,0625; 0,0625; 184,58695652173913; 0,121438816
1911; 0,0625; 0,0625; 182,15217391304347; 0,11983696
1912; 0,0625; 0,0625; 182,8695652173913; 0,12030895
1913; 0,0625; 0,0625; 182,32608695652175; 0,119951375
1914; 0,0625; 0,0625; 185,3913043478261; 0,12196798
1915; 0,0625; 0,0625; 184,95652173913044; 0,12168195
1916; 0,0625; 0,0625; 183,91304347826087; 0,12099542
1917; 0,0625; 0,0625; 184,2391304347826; 0,121209964
1918; 0,0625; 0,0625; 184,82608695652175; 0,1215961
1919; 0,0625; 0,0625; 182,2608695652174; 0,11990849
1920; 0,0625; 0,0625; 183,82608695652175; 0,12093822
1921; 0,0625; 0,0625; 184,56521739130434; 0,121424496
1922; 0,0625; 0,0625; 183,43478260869566; 0,12068079
1923; 0,0625; 0,0625; 183,3913043478261; 0,12065218
1924; 0,0625; 0,0625; 183,2826086956522; 0,120580666
1925; 0,0625; 0,0625; 182,7173913043478; 0,12020882
1926; 0,0625; 0,0625; 184,47826086956522; 0,1213673
1927; 0,0625; 0,0625; 184,34782608695653; 0,12128147
1928; 0,0625; 0,0625; 183,19565217391303; 0,12052346
1929; 0,0625; 0,0625; 182,19565217391303; 0,11986556
1930; 0,0625; 0,0625; 182,47826086956522; 0,120051496
1931; 0,0625; 0,0625; 184,1304347826087; 0,12113846
1932; 0,0625; 0,0625; 184,2826086956522; 0,12123857
1933; 0,0625; 0,0625; 182,7826086956522; 0,12025173
1934; 0,0625; 0,0625; 184,7826086956522; 0,12156752
1935; 0,0625; 0,0625; 183,3913043478261; 0,12065219
1936; 0,0625; 0,0625; 184,8695652173913; 0,121624716
1937; 0,0625; 0,0625; 183,69565217391303; 0,12085241
1938; 0,0625; 0,0625; 183,58695652173913; 0,1207809
1939; 0,0625; 0,0625; 184,2391304347826; 0,12120996
1940; 0,0625; 0,0625; 183,95652173913044; 0,121024035
1941; 0,0625; 0,0625; 185,17391304347825; 0,12182496
1942; 0,0625; 0,0625; 182,1304347826087; 0,11982268
1943; 0,0625; 0,0625; 184,7173913043478; 0,1215246
1944; 0,0625; 0,0625; 184,08695652173913; 0,121109866
1945; 0,0625; 0,0625; 184,7826086956522; 0,12156753
1946; 0,0625; 0,0625; 183,1304347826087; 0,12048056
1947; 0,0625; 0,0625; 183,97826086956522; 0,12103834
1948; 0,0625; 0,0625; 183,97826086956522; 0,121038325
1949; 0,0625; 0,0625; 183,2826086956522; 0,12058068
1950; 0,0625; 0,0625; 183,5; 0,120723695
1951; 0,0625; 0,0625; 183,2391304347826; 0,12055206
1952; 0,0625; 0,0625; 180,30434782608697; 0,1186213
1953; 0,0625; 0,0625; 184,8695652173913; 0,12162473
1954; 0,0625; 0,0625; 183,91304347826087; 0,12099544
1955; 0,0625; 0,0625; 182,43478260869566; 0,120022886
1956; 0,0625; 0,0625; 183,2826086956522; 0,120580666
1957; 0,0625; 0,0625; 182,3913043478261; 0,1199943
1958; 0,0625; 0,0625; 183,8913043478261; 0,12098114
1959; 0,0625; 0,0625; 183,80434782608697; 0,12092392
1960; 0,0625; 0,0625; 184,32608695652175; 0,12126718
1961; 0,0625; 0,0625; 182,95652173913044; 0,12036614
1962; 0,0625; 0,0625; 184,1304347826087; 0,121138476
1963; 0,0625; 0,0625; 184,5; 0,121381596
1964; 0,0625; 0,0625; 185,04347826086956; 0,12173915
1965; 0,0625; 0,0625; 184,32608695652175; 0,12126716
1966; 0,0625; 0,0625; 183,5; 0,120723695
1967; 0,0625; 0,0625; 182,54347826086956; 0,12009441
1968; 0,0625; 0,0625; 183,02173913043478; 0,12040906
1969; 0,0625; 0,0625; 181,7173913043478; 0,11955092
1970; 0,0625; 0,0625; 183,6304347826087; 0,1208095
1971; 0,0625; 0,0625; 184,41304347826087; 0,12132438
1972; 0,0625; 0,0625; 184,3913043478261; 0,12131009
1973; 0,0625; 0,0625; 184,17391304347825; 0,121167056
1974; 0,0625; 0,0625; 181,6086956521739; 0,11947942
1975; 0,0625; 0,0625; 182,69565217391303; 0,12019453
1976; 0,0625; 0,0625; 182,93478260869566; 0,12035184
1977; 0,0625; 0,0625; 183,7826086956522; 0,12090963
1978; 0,0625; 0,0625; 184,08695652173913; 0,121109836
1979; 0,0625; 0,0625; 184,17391304347825; 0,121167056
1980; 0,0625; 0,0625; 182,7173913043478; 0,120208815
1981; 0,0625; 0,0625; 181,7391304347826; 0,11956524
1982; 0,0625; 0,0625; 183,6304347826087; 0,120809525
1983; 0,0625; 0,0625; 183,2173913043478; 0,120537765
1984; 0,0625; 0,0625; 184,3695652173913; 0,12129579
1985; 0,0625; 0,0625; 183,80434782608697; 0,12092394
1986; 0,0625; 0,0625; 184,2391304347826; 0,121209964
1987; 0,0625; 0,0625; 183,06521739130434; 0,12043765
1988; 0,0625; 0,0625; 182,67391304347825; 0,12018023
1989; 0,0625; 0,0625; 183,84782608695653; 0,12095253
1990; 0,0625; 0,0625; 185,17391304347825; 0,12182496
1991; 0,0625; 0,0625; 184,2173913043478; 0,12119567
1992; 0,0625; 0,0625; 183,30434782608697; 0,120594956
1993; 0,0625; 0,0625; 182,06521739130434; 0,11977977
1994; 0,0625; 0,0625; 182,97826086956522; 0,120380454
1995; 0,0625; 0,0625; 184,54347826086956; 0,121410206
1996; 0,0625; 0,0625; 183,84782608695653; 0,12095255
1997; 0,0625; 0,0625; 183,1086956521739; 0,12046626
1998; 0,0625; 0,0625; 184,19565217391303; 0,121181384
1999; 0,0625; 0,0625; 183,2608695652174; 0,120566376
2000; 0,0625; 0,0625; 183,41304347826087; 0,12066648
2001; 0,0625; 0,0625; 185,2173913043478; 0,12185356
2002; 0,0625; 0,0625; 184,56521739130434; 0,12142451
2003; 0,0625; 0,0625; 184,15217391304347; 0,121152766
2004; 0,0625; 0,0625; 183,84782608695653; 0,120952524
2005; 0,0625; 0,0625; 184,2391304347826; 0,121209964
2006; 0,0625; 0,0625; 183,30434782608697; 0,12059498
2007; 0,0625; 0,0625; 182,5; 0,120065816
2008; 0,0625; 0,0625; 185,04347826086956; 0,12173916
2009; 0,0625; 0,0625; 183,58695652173913; 0,12078089
2010; 0,0625; 0,0625; 184,47826086956522; 0,12136729
2011; 0,0625; 0,0625; 183,65217391304347; 0,120823815
2012; 0,0625; 0,0625; 184,47826086956522; 0,121367276
2013; 0,0625; 0,0625; 184,30434782608697; 0,12125288
2014; 0,0625; 0,0625; 184,41304347826087; 0,1213244
2015; 0,0625; 0,0625; 184,2391304347826; 0,121209964
2016; 0,0625; 0,0625; 184,0; 0,121052645
2017; 0,0625; 0,0625; 182,52173913043478; 0,1200801
2018; 0,0625; 0,0625; 184,1304347826087; 0,12113846
2019; 0,0625; 0,0625; 184,45652173913044; 0,12135299
2020; 0,0625; 0,0625; 184,15217391304347; 0,121152766
2021; 0,0625; 0,0625; 183,91304347826087; 0,12099544
2022; 0,0625; 0,0625; 184,1086956521739; 0,12112416
2023; 0,0625; 0,0625; 184,32608695652175; 0,121267185
2024; 0,0625; 0,0625; 183,8913043478261; 0,12098114
2025; 0,0625; 0,0625; 184,82608695652175; 0,12159612
2026; 0,0625; 0,0625; 184,32608695652175; 0,12126718
2027; 0,0625; 0,0625; 183,3913043478261; 0,12065218
2028; 0,0625; 0,0625; 181,8913043478261; 0,11966533
2029; 0,0625; 0,0625; 183,6304347826087; 0,1208095
2030; 0,0625; 0,0625; 183,02173913043478; 0,120409064
2031; 0,0625; 0,0625; 183,06521739130434; 0,12043767
2032; 0,0625; 0,0625; 185,7173913043478; 0,1221825
2033; 0,0625; 0,0625; 183,56521739130434; 0,12076661
2034; 0,0625; 0,0625; 182,7826086956522; 0,120251715
2035; 0,0625; 0,0625; 182,7173913043478; 0,120208815
2036; 0,0625; 0,0625; 184,69565217391303; 0,12151031
2037; 0,0625; 0,0625; 184,7608695652174; 0,12155321
2038; 0,0625; 0,0625; 181,91304347826087; 0,11967964
2039; 0,0625; 0,0625; 183,67391304347825; 0,120838106
2040; 0,0625; 0,0625; 180,52173913043478; 0,11876432
2041; 0,0625; 0,0625; 184,15217391304347; 0,12115275
2042; 0,0625; 0,0625; 184,34782608695653; 0,12128147
2043; 0,0625; 0,0625; 183,7608695652174; 0,120895326
2044; 0,0625; 0,0625; 181,97826086956522; 0,11972255
2045; 0,0625; 0,0625; 183,8913043478261; 0,120981134
2046; 0,0625; 0,0625; 182,17391304347825; 0,11985129
2047; 0,0625; 0,0625; 182,04347826086956; 0,11976546
2048; 0,0625; 0,0625; 184,47826086956522; 0,121367276
2049; 0,0625; 0,0625; 184,69565217391303; 0,12151032
2050; 0,0625; 0,0625; 183,8913043478261; 0,12098114
2051; 0,0625; 0,0625; 184,3695652173913; 0,121295795
2052; 0,0625; 0,0625; 183,8913043478261; 0,120981134
2053; 0,0625; 0,0625; 183,34782608695653; 0,12062359
2054; 0,0625; 0,0625; 184,06521739130434; 0,12109555
2055; 0,0625; 0,0625; 182,95652173913044; 0,12036615
2056; 0,0625; 0,0625; 183,7173913043478; 0,120866716
2057; 0,0625; 0,0625; 183,91304347826087; 0,12099544
2058; 0,0625; 0,0625; 184,41304347826087; 0,12132438
2059; 0,0625; 0,0625; 182,54347826086956; 0,1200944
2060; 0,0625; 0,0625; 181,5; 0,1194079
2061; 0,0625; 0,0625; 183,58695652173913; 0,120780915
2062; 0,0625; 0,0625; 184,65217391304347; 0,12148171
2063; 0,0625; 0,0625; 181,47826086956522; 0,119393595
2064; 0,0625; 0,0625; 183,47826086956522; 0,12070939
2065; 0,0625; 0,0625; 183,06521739130434; 0,12043767
2066; 0,0625; 0,0625; 184,15217391304347; 0,121152766
2067; 0,0625; 0,0625; 184,34782608695653; 0,12128146
2068; 0,0625; 0,0625; 184,2608695652174; 0,12122428
2069; 0,0625; 0,0625; 184,15217391304347; 0,121152766
2070; 0,0625; 0,0625; 183,7173913043478; 0,1208667
2071; 0,0625; 0,0625; 184,19565217391303; 0,12118136
2072; 0,0625; 0,0625; 183,19565217391303; 0,12052345
2073; 0,0625; 0,0625; 184,80434782608697; 0,12158184
2074; 0,0625; 0,0625; 184,43478260869566; 0,12133869
2075; 0,0625; 0,0625; 184,2608695652174; 0,12122428
2076; 0,0625; 0,0625; 181,2391304347826; 0,11923628
2077; 0,0625; 0,0625; 184,2826086956522; 0,12123857
2078; 0,0625; 0,0625; 184,1086956521739; 0,12112416
2079; 0,0625; 0,0625; 184,15217391304347; 0,12115275
2080; 0,0625; 0,0625; 184,32608695652175; 0,12126716
2081; 0,0625; 0,0625; 183,91304347826087; 0,12099544
2082; 0,0625; 0,0625; 183,32608695652175; 0,12060929
2083; 0,0625; 0,0625; 183,7608695652174; 0,12089531
2084; 0,0625; 0,0625; 183,69565217391303; 0,12085242
2085; 0,0625; 0,0625; 183,54347826086956; 0,120752305
2086; 0,0625; 0,0625; 183,32608695652175; 0,12060929
2087; 0,0625; 0,0625; 183,2826086956522; 0,12058068
2088; 0,0625; 0,0625; 184,69565217391303; 0,12151031
2089; 0,0625; 0,0625; 184,5; 0,121381596
2090; 0,0625; 0,0625; 183,08695652173913; 0,12045196
2091; 0,0625; 0,0625; 184,47826086956522; 0,12136729
2092; 0,0625; 0,0625; 184,32608695652175; 0,12126718
2093; 0,0625; 0,0625; 183,82608695652175; 0,12093822
2094; 0,0625; 0,0625; 182,84782608695653; 0,12029463
2095; 0,0625; 0,0625; 182,3695652173913; 0,11997999
2096; 0,0625; 0,0625; 185,6304347826087; 0,12212529
2097; 0,0625; 0,0625; 183,65217391304347; 0,120823815
2098; 0,0625; 0,0625; 184,08695652173913; 0,12110986
2099; 0,0625; 0,0625; 184,08695652173913; 0,12110986
2100; 0,0625; 0,0625; 183,84782608695653; 0,12095255
2101; 0,0625; 0,0625; 184,54347826086956; 0,121410206
2102; 0,0625; 0,0625; 183,7173913043478; 0,12086672
2103; 0,0625; 0,0625; 183,58695652173913; 0,1207809
2104; 0,0625; 0,0625; 183,84782608695653; 0,12095251
2105; 0,0625; 0,0625; 183,3913043478261; 0,12065217
2106; 0,0625; 0,0625; 184,6304347826087; 0,121467404
2107; 0,0625; 0,0625; 184,0; 0,121052645
2108; 0,0625; 0,0625; 184,32608695652175; 0,12126716
2109; 0,0625; 0,0625; 184,52173913043478; 0,121395886
2110; 0,0625; 0,0625; 182,6304347826087; 0,120151624
2111; 0,0625; 0,0625; 184,93478260869566; 0,12166762
2112; 0,0625; 0,0625; 184,5; 0,1213816
2113; 0,0625; 0,0625; 184,5; 0,12138157
2114; 0,0625; 0,0625; 185,47826086956522; 0,12202519
2115; 0,0625; 0,0625; 183,43478260869566; 0,12068081
2116; 0,0625; 0,0625; 183,54347826086956; 0,12075229
2117; 0,0625; 0,0625; 184,65217391304347; 0,12148171
2118; 0,0625; 0,0625; 181,52173913043478; 0,11942222
2119; 0,0625; 0,0625; 183,7826086956522; 0,12090963
2120; 0,0625; 0,0625; 183,7391304347826; 0,12088103
2121; 0,0625; 0,0625; 183,95652173913044; 0,12102405
2122; 0,0625; 0,0625; 182,8913043478261; 0,12032323
2123; 0,0625; 0,0625; 184,43478260869566; 0,121338665
2124; 0,0625; 0,0625; 184,1304347826087; 0,12113846
2125; 0,0625; 0,0625; 184,58695652173913; 0,121438794
2126; 0,0625; 0,0625; 185,32608695652175; 0,12192506
2127; 0,0625; 0,0625; 182,06521739130434; 0,119779766
2128; 0,0625; 0,0625; 183,7608695652174; 0,120895326
2129; 0,0625; 0,0625; 184,2173913043478; 0,12119567
2130; 0,0625; 0,0625; 183,45652173913044; 0,120695114
2131; 0,0625; 0,0625; 183,5; 0,120723695
2132; 0,0625; 0,0625; 184,02173913043478; 0,121066935
2133; 0,0625; 0,0625; 182,91304347826087; 0,120337546
2134; 0,0625; 0,0625; 183,7173913043478; 0,12086672
2135; 0,0625; 0,0625; 181,7826086956522; 0,11959384
2136; 0,0625; 0,0625; 184,19565217391303; 0,121181354
2137; 0,0625; 0,0625; 184,0; 0,121052645
2138; 0,0625; 0,0625; 184,3695652173913; 0,12129579
2139; 0,0625; 0,0625; 184,3913043478261; 0,12131009
2140; 0,0625; 0,0625; 184,43478260869566; 0,12133868
2141; 0,0625; 0,0625; 183,1086956521739; 0,12046626
2142; 0,0625; 0,0625; 184,5; 0,121381596
2143; 0,0625; 0,0625; 183,6086956521739; 0,120795205
2144; 0,0625; 0,0625; 183,84782608695653; 0,120952524
2145; 0,0625; 0,0625; 180,19565217391303; 0,11854978
2146; 0,0625; 0,0625; 183,56521739130434; 0,12076661
2147; 0,0625; 0,0625; 182,8913043478261; 0,120323256
2148; 0,0625; 0,0625; 183,97826086956522; 0,121038355
2149; 0,0625; 0,0625; 179,80434782608697; 0,11829236
2150; 0,0625; 0,0625; 184,7391304347826; 0,12153891
2151; 0,0625; 0,0625; 183,32608695652175; 0,12060928
2152; 0,0625; 0,0625; 184,34782608695653; 0,12128147
2153; 0,0625; 0,0625; 184,7826086956522; 0,12156752
2154; 0,0625; 0,0625; 184,30434782608697; 0,12125287
2155; 0,0625; 0,0625; 182,41304347826087; 0,120008595
2156; 0,0625; 0,0625; 183,97826086956522; 0,121038355
2157; 0,0625; 0,0625; 182,5; 0,1200658
2158; 0,0625; 0,0625; 183,2608695652174; 0,12056637
2159; 0,0625; 0,0625; 182,08695652173913; 0,11979408
2160; 0,0625; 0,0625; 182,97826086956522; 0,12038045
2161; 0,0625; 0,0625; 183,7826086956522; 0,12090962
2162; 0,0625; 0,0625; 184,15217391304347; 0,121152766
2163; 0,0625; 0,0625; 183,80434782608697; 0,12092392
2164; 0,0625; 0,0625; 182,67391304347825; 0,12018021
2165; 0,0625; 0,0625; 183,45652173913044; 0,120695084
2166; 0,0625; 0,0625; 183,19565217391303; 0,12052345
2167; 0,0625; 0,0625; 184,7173913043478; 0,121524625
2168; 0,0625; 0,0625; 184,43478260869566; 0,12133869
2169; 0,0625; 0,0625; 183,82608695652175; 0,12093823
2170; 0,0625; 0,0625; 183,7608695652174; 0,120895326
2171; 0,0625; 0,0625; 184,2608695652174; 0,12122428
2172; 0,0625; 0,0625; 183,3695652173913; 0,12063789
2173; 0,0625; 0,0625; 183,95652173913044; 0,12102405
2174; 0,0625; 0,0625; 184,6304347826087; 0,12146741
2175; 0,0625; 0,0625; 182,5; 0,12006579
2176; 0,0625; 0,0625; 184,65217391304347; 0,12148171
2177; 0,0625; 0,0625; 184,32608695652175; 0,121267185
2178; 0,0625; 0,0625; 184,0; 0,121052645
2179; 0,0625; 0,0625; 184,7173913043478; 0,12152462
2180; 0,0625; 0,0625; 184,15217391304347; 0,121152766
2181; 0,0625; 0,0625; 184,32608695652175; 0,12126718
2182; 0,0625; 0,0625; 183,7391304347826; 0,12088102
2183; 0,0625; 0,0625; 184,0; 0,121052645
2184; 0,0625; 0,0625; 183,97826086956522; 0,121038355
2185; 0,0625; 0,0625; 178,97826086956522; 0,117748864
2186; 0,0625; 0,0625; 183,8695652173913; 0,12096683
2187; 0,0625; 0,0625; 183,93478260869566; 0,121009745
2188; 0,0625; 0,0625; 183,8913043478261; 0,12098114
2189; 0,0625; 0,0625; 182,2391304347826; 0,119894184
2190; 0,0625; 0,0625; 184,47826086956522; 0,12136729
2191; 0,0625; 0,0625; 183,80434782608697; 0,12092392
2192; 0,0625; 0,0625; 182,17391304347825; 0,11985128
2193; 0,0625; 0,0625; 184,82608695652175; 0,12159612
2194; 0,0625; 0,0625; 183,6086956521739; 0,12079522
2195; 0,0625; 0,0625; 183,30434782608697; 0,120594986
2196; 0,0625; 0,0625; 182,7173913043478; 0,12020882
2197; 0,0625; 0,0625; 183,43478260869566; 0,12068079
2198; 0,0625; 0,0625; 184,2608695652174; 0,12122428
2199; 0,0625; 0,0625; 183,91304347826087; 0,12099544
2200; 0,0625; 0,0625; 184,06521739130434; 0,12109555
2201; 0,0625; 0,0625; 183,19565217391303; 0,120523475
2202; 0,0625; 0,0625; 184,45652173913044; 0,12135301
2203; 0,0625; 0,0625; 184,30434782608697; 0,12125288
2204; 0,0625; 0,0625; 185,1086956521739; 0,12178206
2205; 0,0625; 0,0625; 182,1304347826087; 0,11982268
2206; 0,0625; 0,0625; 183,6086956521739; 0,1207952
2207; 0,0625; 0,0625; 183,82608695652175; 0,12093823
2208; 0,0625; 0,0625; 185,1304347826087; 0,12179635
2209; 0,0625; 0,0625; 184,06521739130434; 0,121095575
2210; 0,0625; 0,0625; 184,02173913043478; 0,12106695
2211; 0,0625; 0,0625; 185,45652173913044; 0,12201089
2212; 0,0625; 0,0625; 182,65217391304347; 0,12016592
2213; 0,0625; 0,0625; 183,7173913043478; 0,12086672
2214; 0,0625; 0,0625; 183,30434782608697; 0,12059498
2215; 0,0625; 0,0625; 184,95652173913044; 0,121681936
2216; 0,0625; 0,0625; 183,2173913043478; 0,12053776
2217; 0,0625; 0,0625; 184,17391304347825; 0,121167056
2218; 0,0625; 0,0625; 182,15217391304347; 0,11983696
2219; 0,0625; 0,0625; 184,19565217391303; 0,12118136
2220; 0,0625; 0,0625; 183,2826086956522; 0,12058068
2221; 0,0625; 0,0625; 183,65217391304347; 0,12082383
2222; 0,0625; 0,0625; 183,91304347826087; 0,12099545
2223; 0,0625; 0,0625; 184,6086956521739; 0,1214531
2224; 0,0625; 0,0625; 184,3695652173913; 0,121295795
2225; 0,0625; 0,0625; 185,0; 0,12171054
2226; 0,0625; 0,0625; 182,06521739130434; 0,11977975
2227; 0,0625; 0,0625; 183,5; 0,12072368
2228; 0,0625; 0,0625; 183,5; 0,12072367
2229; 0,0625; 0,0625; 182,0; 0,11973686
2230; 0,0625; 0,0625; 183,56521739130434; 0,120766595
2231; 0,0625; 0,0625; 185,15217391304347; 0,12181067
2232; 0,0625; 0,0625; 183,65217391304347; 0,120823815
2233; 0,0625; 0,0625; 184,5; 0,121381596
2234; 0,0625; 0,0625; 184,06521739130434; 0,12109555
2235; 0,0625; 0,0625; 182,8695652173913; 0,12030893
2236; 0,0625; 0,0625; 184,41304347826087; 0,12132438
2237; 0,0625; 0,0625; 184,2608695652174; 0,12122425
2238; 0,0625; 0,0625; 184,3913043478261; 0,12131008
2239; 0,0625; 0,0625; 183,1086956521739; 0,120466255
2240; 0,0625; 0,0625; 183,52173913043478; 0,120737985
2241; 0,0625; 0,0625; 182,45652173913044; 0,12003719
2242; 0,0625; 0,0625; 184,69565217391303; 0,12151031
2243; 0,0625; 0,0625; 183,15217391304347; 0,120494865
2244; 0,0625; 0,0625; 184,2608695652174; 0,12122427
2245; 0,0625; 0,0625; 183,06521739130434; 0,12043765
2246; 0,0625; 0,0625; 184,08695652173913; 0,12110986
2247; 0,0625; 0,0625; 182,7608695652174; 0,12023743
2248; 0,0625; 0,0625; 184,04347826086956; 0,12108122
2249; 0,0625; 0,0625; 183,80434782608697; 0,120923914
2250; 0,0625; 0,0625; 182,43478260869566; 0,1200229
2251; 0,0625; 0,0625; 182,54347826086956; 0,12009441
2252; 0,0625; 0,0625; 184,65217391304347; 0,12148169
2253; 0,0625; 0,0625; 183,7826086956522; 0,12090963
2254; 0,0625; 0,0625; 183,2826086956522; 0,12058068
2255; 0,0625; 0,0625; 183,8913043478261; 0,120981134
2256; 0,0625; 0,0625; 183,82608695652175; 0,12093824
2257; 0,0625; 0,0625; 184,3695652173913; 0,121295795
2258; 0,0625; 0,0625; 183,2826086956522; 0,12058067
2259; 0,0625; 0,0625; 184,7391304347826; 0,12153892
2260; 0,0625; 0,0625; 183,82608695652175; 0,12093822
2261; 0,0625; 0,0625; 185,1086956521739; 0,12178206
2262; 0,0625; 0,0625; 184,1086956521739; 0,12112416
2263; 0,0625; 0,0625; 183,8913043478261; 0,120981134
2264; 0,0625; 0,0625; 183,93478260869566; 0,12100972
2265; 0,0625; 0,0625; 184,54347826086956; 0,121410206
2266; 0,0625; 0,0625; 184,06521739130434; 0,12109555
2267; 0,0625; 0,0625; 185,7826086956522; 0,12222541
2268; 0,0625; 0,0625; 183,84782608695653; 0,12095253
2269; 0,0625; 0,0625; 184,0; 0,12105266
2270; 0,0625; 0,0625; 184,6086956521739; 0,12145312
2271; 0,0625; 0,0625; 183,69565217391303; 0,12085241
2272; 0,0625; 0,0625; 184,2173913043478; 0,12119567
2273; 0,0625; 0,0625; 183,6304347826087; 0,1208095
2274; 0,0625; 0,0625; 184,67391304347825; 0,12149601
2275; 0,0625; 0,0625; 184,04347826086956; 0,12108125
2276; 0,0625; 0,0625; 184,45652173913044; 0,121352986
2277; 0,0625; 0,0625; 184,2608695652174; 0,12122428
2278; 0,0625; 0,0625; 183,95652173913044; 0,121024035
2279; 0,0625; 0,0625; 184,2826086956522; 0,121238574
2280; 0,0625; 0,0625; 184,30434782608697; 0,12125288
2281; 0,0625; 0,0625; 184,19565217391303; 0,12118138
2282; 0,0625; 0,0625; 182,47826086956522; 0,120051496
2283; 0,0625; 0,0625; 184,7173913043478; 0,1215246
2284; 0,0625; 0,0625; 183,30434782608697; 0,120594956
2285; 0,0625; 0,0625; 183,7173913043478; 0,12086672
2286; 0,0625; 0,0625; 183,43478260869566; 0,12068078
2287; 0,0625; 0,0625; 183,52173913043478; 0,12073801
2288; 0,0625; 0,0625; 184,1304347826087; 0,12113846
2289; 0,0625; 0,0625; 183,0; 0,12039474
2290; 0,0625; 0,0625; 182,80434782608697; 0,12026602
2291; 0,0625; 0,0625; 183,91304347826087; 0,12099545
2292; 0,0625; 0,0625; 183,67391304347825; 0,12083811
2293; 0,0625; 0,0625; 184,06521739130434; 0,12109553
2294; 0,0625; 0,0625; 183,45652173913044; 0,12069511
2295; 0,0625; 0,0625; 182,3695652173913; 0,11997999
2296; 0,0625; 0,0625; 184,3913043478261; 0,12131009
2297; 0,0625; 0,0625; 182,2173913043478; 0,119879864
2298; 0,0625; 0,0625; 183,8913043478261; 0,120981134
2299; 0,0625; 0,0625; 184,95652173913044; 0,12168195
2300; 0,0625; 0,0625; 185,2826086956522; 0,121896476
2301; 0,0625; 0,0625; 179,7608695652174; 0,118263744
2302; 0,0625; 0,0625; 183,02173913043478; 0,12040904
2303; 0,0625; 0,0625; 183,84782608695653; 0,12095253
2304; 0,0625; 0,0625; 181,41304347826087; 0,11935072
2305; 0,0625; 0,0625; 183,69565217391303; 0,12085241
2306; 0,0625; 0,0625; 183,69565217391303; 0,12085241
2307; 0,0625; 0,0625; 182,17391304347825; 0,11985128
2308; 0,0625; 0,0625; 183,15217391304347; 0,12049489
2309; 0,0625; 0,0625; 183,65217391304347; 0,12082383
2310; 0,0625; 0,0625; 185,08695652173913; 0,12176776
2311; 0,0625; 0,0625; 183,47826086956522; 0,12070937
2312; 0,0625; 0,0625; 183,1304347826087; 0,12048057
2313; 0,0625; 0,0625; 184,04347826086956; 0,121081255
2314; 0,0625; 0,0625; 182,2826086956522; 0,11992277
2315; 0,0625; 0,0625; 184,0; 0,121052645
2316; 0,0625; 0,0625; 183,43478260869566; 0,12068079
2317; 0,0625; 0,0625; 183,82608695652175; 0,12093824
2318; 0,0625; 0,0625; 182,2608695652174; 0,119908474
2319; 0,0625; 0,0625; 183,97826086956522; 0,121038355
2320; 0,0625; 0,0625; 183,06521739130434; 0,12043765
2321; 0,0625; 0,0625; 183,91304347826087; 0,12099544
2322; 0,0625; 0,0625; 184,1304347826087; 0,12113844
2323; 0,0625; 0,0625; 184,17391304347825; 0,121167056
2324; 0,0625; 0,0625; 182,58695652173913; 0,12012302
2325; 0,0625; 0,0625; 182,06521739130434; 0,11977977
2326; 0,0625; 0,0625; 184,43478260869566; 0,12133869
2327; 0,0625; 0,0625; 182,04347826086956; 0,11976546
2328; 0,0625; 0,0625; 183,69565217391303; 0,12085242
2329; 0,0625; 0,0625; 184,1304347826087; 0,12113846
2330; 0,0625; 0,0625; 183,45652173913044; 0,12069511
2331; 0,0625; 0,0625; 183,17391304347825; 0,12050917
2332; 0,0625; 0,0625; 182,95652173913044; 0,12036613
2333; 0,0625; 0,0625; 183,69565217391303; 0,120852426
2334; 0,0625; 0,0625; 184,2173913043478; 0,12119567
2335; 0,0625; 0,0625; 184,15217391304347; 0,121152766
2336; 0,0625; 0,0625; 183,43478260869566; 0,1206808
2337; 0,0625; 0,0625; 182,58695652173913; 0,12012301
2338; 0,0625; 0,0625; 183,95652173913044; 0,121024035
2339; 0,0625; 0,0625; 183,69565217391303; 0,12085241
2340; 0,0625; 0,0625; 182,47826086956522; 0,12005151
2341; 0,0625; 0,0625; 184,1304347826087; 0,12113846
2342; 0,0625; 0,0625; 184,7391304347826; 0,1215389
2343; 0,0625; 0,0625; 184,30434782608697; 0,12125287
2344; 0,0625; 0,0625; 184,1304347826087; 0,12113846
2345; 0,0625; 0,0625; 184,2391304347826; 0,121209964
2346; 0,0625; 0,0625; 184,56521739130434; 0,121424496
2347; 0,0625; 0,0625; 183,8913043478261; 0,12098114
2348; 0,0625; 0,0625; 184,69565217391303; 0,1215103
2349; 0,0625; 0,0625; 183,34782608695653; 0,12062358
2350; 0,0625; 0,0625; 184,6304347826087; 0,1214674
2351; 0,0625; 0,0625; 184,47826086956522; 0,1213673
2352; 0,0625; 0,0625; 184,47826086956522; 0,121367276
2353; 0,0625; 0,0625; 183,80434782608697; 0,12092392
2354; 0,0625; 0,0625; 182,3913043478261; 0,1199943
2355; 0,0625; 0,0625; 184,2391304347826; 0,121209964
2356; 0,0625; 0,0625; 184,97826086956522; 0,121696234
2357; 0,0625; 0,0625; 183,08695652173913; 0,12045197
2358; 0,0625; 0,0625; 182,43478260869566; 0,12002291
2359; 0,0625; 0,0625; 185,02173913043478; 0,121724844
2360; 0,0625; 0,0625; 183,7826086956522; 0,12090961
2361; 0,0625; 0,0625; 183,15217391304347; 0,120494865
2362; 0,0625; 0,0625; 183,45652173913044; 0,12069509
2363; 0,0625; 0,0625; 183,41304347826087; 0,12066648
2364; 0,0625; 0,0625; 184,0; 0,12105264
2365; 0,0625; 0,0625; 184,3695652173913; 0,12129579
2366; 0,0625; 0,0625; 183,3913043478261; 0,12065218
2367; 0,0625; 0,0625; 183,80434782608697; 0,12092392
2368; 0,0625; 0,0625; 184,32608695652175; 0,12126718
2369; 0,0625; 0,0625; 182,67391304347825; 0,120180205
2370; 0,0625; 0,0625; 182,7608695652174; 0,12023743
2371; 0,0625; 0,0625; 183,97826086956522; 0,121038325
2372; 0,0625; 0,0625; 183,56521739130434; 0,12076661
2373; 0,0625; 0,0625; 181,82608695652175; 0,11962244
2374; 0,0625; 0,0625; 184,2826086956522; 0,121238574
2375; 0,0625; 0,0625; 183,8913043478261; 0,12098114
2376; 0,0625; 0,0625; 183,95652173913044; 0,12102406
2377; 0,0625; 0,0625; 181,56521739130434; 0,11945081
2378; 0,0625; 0,0625; 183,82608695652175; 0,12093823
2379; 0,0625; 0,0625; 184,32608695652175; 0,121267185
2380; 0,0625; 0,0625; 183,82608695652175; 0,12093824
2381; 0,0625; 0,0625; 182,52173913043478; 0,1200801
2382; 0,0625; 0,0625; 182,30434782608697; 0,119937085
2383; 0,0625; 0,0625; 182,32608695652175; 0,11995138
2384; 0,0625; 0,0625; 183,08695652173913; 0,12045197
2385; 0,0625; 0,0625; 184,2826086956522; 0,12123857
2386; 0,0625; 0,0625; 183,84782608695653; 0,120952524
2387; 0,0625; 0,0625; 181,7173913043478; 0,11955092
2388; 0,0625; 0,0625; 182,41304347826087; 0,12000861
2389; 0,0625; 0,0625; 185,34782608695653; 0,121939376
2390; 0,0625; 0,0625; 184,19565217391303; 0,12118136
2391; 0,0625; 0,0625; 183,1086956521739; 0,12046628
2392; 0,0625; 0,0625; 182,7608695652174; 0,12023743
2393; 0,0625; 0,0625; 181,02173913043478; 0,11909326
2394; 0,0625; 0,0625; 184,02173913043478; 0,12106695
2395; 0,0625; 0,0625; 184,04347826086956; 0,121081255
2396; 0,0625; 0,0625; 183,52173913043478; 0,12073801
2397; 0,0625; 0,0625; 183,91304347826087; 0,120995425
2398; 0,0625; 0,0625; 183,91304347826087; 0,12099544
2399; 0,0625; 0,0625; 184,7826086956522; 0,12156751
2400; 0,0625; 0,0625; 184,1304347826087; 0,121138446
2401; 0,0625; 0,0625; 182,80434782608697; 0,120266035
2402; 0,0625; 0,0625; 184,84782608695653; 0,12161043
2403; 0,0625; 0,0625; 184,54347826086956; 0,12141021
2404; 0,0625; 0,0625; 181,6086956521739; 0,11947942
2405; 0,0625; 0,0625; 183,65217391304347; 0,12082381
2406; 0,0625; 0,0625; 185,1304347826087; 0,12179635
2407; 0,0625; 0,0625; 183,56521739130434; 0,12076661
2408; 0,0625; 0,0625; 184,04347826086956; 0,12108124
2409; 0,0625; 0,0625; 183,6086956521739; 0,12079522
2410; 0,0625; 0,0625; 182,8695652173913; 0,12030895
2411; 0,0625; 0,0625; 183,97826086956522; 0,12103834
2412; 0,0625; 0,0625; 184,7826086956522; 0,12156752
2413; 0,0625; 0,0625; 181,15217391304347; 0,11917909
2414; 0,0625; 0,0625; 182,7391304347826; 0,12022313
2415; 0,0625; 0,0625; 182,32608695652175; 0,11995139
2416; 0,0625; 0,0625; 184,2826086956522; 0,12123858
2417; 0,0625; 0,0625; 183,93478260869566; 0,121009745
2418; 0,0625; 0,0625; 183,67391304347825; 0,120838106
2419; 0,0625; 0,0625; 184,6304347826087; 0,121467404
2420; 0,0625; 0,0625; 181,91304347826087; 0,119679645
2421; 0,0625; 0,0625; 183,08695652173913; 0,12045196
2422; 0,0625; 0,0625; 184,8695652173913; 0,121624716
2423; 0,0625; 0,0625; 181,34782608695653; 0,119307786
2424; 0,0625; 0,0625; 184,3913043478261; 0,12131009
2425; 0,0625; 0,0625; 184,2391304347826; 0,12120997
2426; 0,0625; 0,0625; 184,04347826086956; 0,121081255
2427; 0,0625; 0,0625; 184,47826086956522; 0,1213673
2428; 0,0625; 0,0625; 183,04347826086956; 0,12042336
2429; 0,0625; 0,0625; 182,8913043478261; 0,120323256
2430; 0,0625; 0,0625; 184,08695652173913; 0,121109866
2431; 0,0625; 0,0625; 184,15217391304347; 0,121152766
2432; 0,0625; 0,0625; 183,67391304347825; 0,12083811
2433; 0,0625; 0,0625; 184,82608695652175; 0,12159613
2434; 0,0625; 0,0625; 183,8913043478261; 0,12098114
2435; 0,0625; 0,0625; 184,1304347826087; 0,12113846
2436; 0,0625; 0,0625; 184,43478260869566; 0,12133869
2437; 0,0625; 0,0625; 185,69565217391303; 0,1221682
2438; 0,0625; 0,0625; 184,34782608695653; 0,12128148
2439; 0,0625; 0,0625; 182,7826086956522; 0,12025173
2440; 0,0625; 0,0625; 183,82608695652175; 0,12093823
2441; 0,0625; 0,0625; 184,06521739130434; 0,12109555
2442; 0,0625; 0,0625; 182,95652173913044; 0,12036615
2443; 0,0625; 0,0625; 182,19565217391303; 0,11986558
2444; 0,0625; 0,0625; 184,47826086956522; 0,121367276
2445; 0,0625; 0,0625; 183,0; 0,12039476
2446; 0,0625; 0,0625; 183,91304347826087; 0,120995425
2447; 0,0625; 0,0625; 183,97826086956522; 0,121038355
2448; 0,0625; 0,0625; 184,1304347826087; 0,12113847
2449; 0,0625; 0,0625; 185,08695652173913; 0,12176775
2450; 0,0625; 0,0625; 183,7391304347826; 0,120881036
2451; 0,0625; 0,0625; 184,15217391304347; 0,12115277
2452; 0,0625; 0,0625; 184,2391304347826; 0,12120997
2453; 0,0625; 0,0625; 182,65217391304347; 0,12016592
2454; 0,0625; 0,0625; 185,1304347826087; 0,12179636
2455; 0,0625; 0,0625; 185,06521739130434; 0,12175345
2456; 0,0625; 0,0625; 182,7826086956522; 0,120251715
2457; 0,0625; 0,0625; 184,2391304347826; 0,121209964
2458; 0,0625; 0,0625; 183,0; 0,12039476
2459; 0,0625; 0,0625; 183,3695652173913; 0,12063787
2460; 0,0625; 0,0625; 183,69565217391303; 0,12085242
2461; 0,0625; 0,0625; 183,56521739130434; 0,12076661
2462; 0,0625; 0,0625; 183,6086956521739; 0,120795205
2463; 0,0625; 0,0625; 181,97826086956522; 0,11972255
2464; 0,0625; 0,0625; 184,43478260869566; 0,12133869
2465; 0,0625; 0,0625; 184,7391304347826; 0,121538885
2466; 0,0625; 0,0625; 183,67391304347825; 0,12083811
2467; 0,0625; 0,0625; 184,56521739130434; 0,12142449
2468; 0,0625; 0,0625; 183,65217391304347; 0,120823815
2469; 0,0625; 0,0625; 185,6304347826087; 0,122125305
2470; 0,0625; 0,0625; 182,95652173913044; 0,120366156
2471; 0,0625; 0,0625; 184,2173913043478; 0,12119567
2472; 0,0625; 0,0625; 184,04347826086956; 0,121081255
2473; 0,0625; 0,0625; 182,15217391304347; 0,11983697
2474; 0,0625; 0,0625; 184,47826086956522; 0,121367276
2475; 0,0625; 0,0625; 184,32608695652175; 0,12126718
2476; 0,0625; 0,0625; 183,8913043478261; 0,120981134
2477; 0,0625; 0,0625; 183,91304347826087; 0,120995425
2478; 0,0625; 0,0625; 183,95652173913044; 0,121024035
2479; 0,0625; 0,0625; 183,41304347826087; 0,12066648
2480; 0,0625; 0,0625; 184,02173913043478; 0,121066935
2481; 0,0625; 0,0625; 184,1086956521739; 0,121124156
2482; 0,0625; 0,0625; 184,43478260869566; 0,12133868
2483; 0,0625; 0,0625; 183,7391304347826; 0,12088103
2484; 0,0625; 0,0625; 184,5; 0,1213816
2485; 0,0625; 0,0625; 184,43478260869566; 0,12133869
2486; 0,0625; 0,0625; 184,91304347826087; 0,121653326
2487; 0,0625; 0,0625; 184,06521739130434; 0,121095575
2488; 0,0625; 0,0625; 183,0; 0,12039476
2489; 0,0625; 0,0625; 184,91304347826087; 0,12165334
2490; 0,0625; 0,0625; 184,2391304347826; 0,12120999
2491; 0,0625; 0,0625; 184,80434782608697; 0,12158182
2492; 0,0625; 0,0625; 184,65217391304347; 0,1214817
2493; 0,0625; 0,0625; 183,06521739130434; 0,12043767
2494; 0,0625; 0,0625; 183,7391304347826; 0,12088103
2495; 0,0625; 0,0625; 184,06521739130434; 0,12109555
2496; 0,0625; 0,0625; 183,97826086956522; 0,121038325
2497; 0,0625; 0,0625; 183,80434782608697; 0,12092392
2498; 0,0625; 0,0625; 184,69565217391303; 0,12151031
2499; 0,0625; 0,0625; 182,91304347826087; 0,120337546
2500; 0,0625; 0,0625; 185,3695652173913; 0,12195367
2501; 0,0625; 0,0625; 184,15217391304347; 0,12115275
2502; 0,0625; 0,0625; 181,69565217391303; 0,11953664
2503; 0,0625; 0,0625; 184,1304347826087; 0,12113846
2504; 0,0625; 0,0625; 183,17391304347825; 0,12050917
2505; 0,0625; 0,0625; 183,95652173913044; 0,12102406
2506; 0,0625; 0,0625; 184,06521739130434; 0,121095546
2507; 0,0625; 0,0625; 184,7391304347826; 0,12153891
2508; 0,0625; 0,0625; 182,32608695652175; 0,11995138
2509; 0,0625; 0,0625; 184,91304347826087; 0,12165332
2510; 0,0625; 0,0625; 182,91304347826087; 0,120337546
2511; 0,0625; 0,0625; 184,2173913043478; 0,12119567
2512; 0,0625; 0,0625; 182,54347826086956; 0,1200944
2513; 0,0625; 0,0625; 184,34782608695653; 0,12128147
2514; 0,0625; 0,0625; 184,3695652173913; 0,12129579
2515; 0,0625; 0,0625; 184,69565217391303; 0,12151032
2516; 0,0625; 0,0625; 184,8913043478261; 0,12163904
2517; 0,0625; 0,0625; 184,32608695652175; 0,12126718
2518; 0,0625; 0,0625; 183,45652173913044; 0,12069511
2519; 0,0625; 0,0625; 183,17391304347825; 0,12050918
2520; 0,0625; 0,0625; 183,6086956521739; 0,120795205
2521; 0,0625; 0,0625; 183,82608695652175; 0,12093824
2522; 0,0625; 0,0625; 184,1086956521739; 0,12112416
2523; 0,0625; 0,0625; 183,91304347826087; 0,12099544
2524; 0,0625; 0,0625; 184,04347826086956; 0,12108125
2525; 0,0625; 0,0625; 180,54347826086956; 0,1187786
2526; 0,0625; 0,0625; 182,95652173913044; 0,12036615
2527; 0,0625; 0,0625; 183,6086956521739; 0,120795205
2528; 0,0625; 0,0625; 184,1304347826087; 0,12113846
2529; 0,0625; 0,0625; 183,1304347826087; 0,12048056
2530; 0,0625; 0,0625; 183,52173913043478; 0,12073798
2531; 0,0625; 0,0625; 183,3695652173913; 0,120637886
2532; 0,0625; 0,0625; 183,65217391304347; 0,12082381
2533; 0,0625; 0,0625; 183,7391304347826; 0,12088102
2534; 0,0625; 0,0625; 183,7826086956522; 0,12090963
2535; 0,0625; 0,0625; 183,54347826086956; 0,12075229
2536; 0,0625; 0,0625; 184,19565217391303; 0,12118136
2537; 0,0625; 0,0625; 184,43478260869566; 0,12133868
2538; 0,0625; 0,0625; 183,7173913043478; 0,120866716
2539; 0,0625; 0,0625; 182,30434782608697; 0,11993707
2540; 0,0625; 0,0625; 184,3695652173913; 0,12129579
2541; 0,0625; 0,0625; 184,91304347826087; 0,12165332
2542; 0,0625; 0,0625; 183,8913043478261; 0,120981134
2543; 0,0625; 0,0625; 183,65217391304347; 0,12082381
2544; 0,0625; 0,0625; 183,8695652173913; 0,12096685
2545; 0,0625; 0,0625; 183,65217391304347; 0,12082381
2546; 0,0625; 0,0625; 184,43478260869566; 0,1213387
2547; 0,0625; 0,0625; 184,52173913043478; 0,1213959
2548; 0,0625; 0,0625; 182,2826086956522; 0,119922794
2549; 0,0625; 0,0625; 184,8695652173913; 0,121624716
2550; 0,0625; 0,0625; 183,47826086956522; 0,12070939
2551; 0,0625; 0,0625; 184,7173913043478; 0,121524595
2552; 0,0625; 0,0625; 183,3913043478261; 0,12065219
2553; 0,0625; 0,0625; 182,80434782608697; 0,12026601
2554; 0,0625; 0,0625; 184,2608695652174; 0,12122427
2555; 0,0625; 0,0625; 184,6304347826087; 0,1214674
2556; 0,0625; 0,0625; 183,82608695652175; 0,12093823
2557; 0,0625; 0,0625; 183,8695652173913; 0,12096683
2558; 0,0625; 0,0625; 186,06521739130434; 0,122411355
2559; 0,0625; 0,0625; 182,5; 0,120065816
2560; 0,0625; 0,0625; 183,04347826086956; 0,12042336
2561; 0,0625; 0,0625; 184,2826086956522; 0,121238574
2562; 0,0625; 0,0625; 183,3695652173913; 0,120637886
2563; 0,0625; 0,0625; 184,45652173913044; 0,121352986
2564; 0,0625; 0,0625; 184,02173913043478; 0,12106695
2565; 0,0625; 0,0625; 184,04347826086956; 0,12108125
2566; 0,0625; 0,0625; 183,8695652173913; 0,12096685
2567; 0,0625; 0,0625; 184,08695652173913; 0,12110986
2568; 0,0625; 0,0625; 184,34782608695653; 0,12128148
2569; 0,0625; 0,0625; 183,95652173913044; 0,121024035
2570; 0,0625; 0,0625; 184,69565217391303; 0,12151032
2571; 0,0625; 0,0625; 184,30434782608697; 0,12125287
2572; 0,0625; 0,0625; 184,52173913043478; 0,121395886
2573; 0,0625; 0,0625; 183,8695652173913; 0,12096683
2574; 0,0625; 0,0625; 184,15217391304347; 0,121152766
2575; 0,0625; 0,0625; 184,67391304347825; 0,12149599
2576; 0,0625; 0,0625; 183,97826086956522; 0,12103834
2577; 0,0625; 0,0625; 183,82608695652175; 0,12093824
2578; 0,0625; 0,0625; 183,93478260869566; 0,121009745
2579; 0,0625; 0,0625; 182,91304347826087; 0,12033754
2580; 0,0625; 0,0625; 183,45652173913044; 0,12069509
2581; 0,0625; 0,0625; 183,80434782608697; 0,12092392
2582; 0,0625; 0,0625; 184,32608695652175; 0,12126716
2583; 0,0625; 0,0625; 184,3913043478261; 0,12131007
2584; 0,0625; 0,0625; 183,7391304347826; 0,12088103
2585; 0,0625; 0,0625; 183,8913043478261; 0,12098112
2586; 0,0625; 0,0625; 183,2391304347826; 0,12055207
2587; 0,0625; 0,0625; 183,1304347826087; 0,12048056
2588; 0,0625; 0,0625; 181,2391304347826; 0,11923629
2589; 0,0625; 0,0625; 183,08695652173913; 0,12045197
2590; 0,0625; 0,0625; 184,2391304347826; 0,121209964
2591; 0,0625; 0,0625; 183,7608695652174; 0,120895326
2592; 0,0625; 0,0625; 185,17391304347825; 0,12182496
2593; 0,0625; 0,0625; 184,7391304347826; 0,12153893
2594; 0,0625; 0,0625; 181,6086956521739; 0,119479395
2595; 0,0625; 0,0625; 184,06521739130434; 0,12109556
2596; 0,0625; 0,0625; 183,67391304347825; 0,12083812
2597; 0,0625; 0,0625; 184,43478260869566; 0,12133868
2598; 0,0625; 0,0625; 184,04347826086956; 0,121081255
2599; 0,0625; 0,0625; 184,30434782608697; 0,12125288
2600; 0,0625; 0,0625; 183,54347826086956; 0,12075229
2601; 0,0625; 0,0625; 183,7826086956522; 0,12090962
2602; 0,0625; 0,0625; 184,2826086956522; 0,121238574
2603; 0,0625; 0,0625; 183,2173913043478; 0,12053778
2604; 0,0625; 0,0625; 184,02173913043478; 0,12106695
2605; 0,0625; 0,0625; 184,82608695652175; 0,12159612
2606; 0,0625; 0,0625; 184,84782608695653; 0,12161043
2607; 0,0625; 0,0625; 182,67391304347825; 0,12018023
2608; 0,0625; 0,0625; 183,5; 0,1207237
2609; 0,0625; 0,0625; 183,02173913043478; 0,12040904
2610; 0,0625; 0,0625; 184,1304347826087; 0,12113846
2611; 0,0625; 0,0625; 181,97826086956522; 0,11972255
2612; 0,0625; 0,0625; 183,45652173913044; 0,120695084
2613; 0,0625; 0,0625; 185,3695652173913; 0,121953666
2614; 0,0625; 0,0625; 182,95652173913044; 0,12036615
2615; 0,0625; 0,0625; 183,34782608695653; 0,12062359
2616; 0,0625; 0,0625; 183,65217391304347; 0,12082383
2617; 0,0625; 0,0625; 183,2391304347826; 0,12055207
2618; 0,0625; 0,0625; 182,69565217391303; 0,12019452
2619; 0,0625; 0,0625; 183,84782608695653; 0,12095253
2620; 0,0625; 0,0625; 182,8913043478261; 0,12032324
2621; 0,0625; 0,0625; 185,34782608695653; 0,121939376
2622; 0,0625; 0,0625; 183,97826086956522; 0,12103833
2623; 0,0625; 0,0625; 183,0; 0,12039475
2624; 0,0625; 0,0625; 181,8695652173913; 0,11965103
2625; 0,0625; 0,0625; 183,8913043478261; 0,12098114
2626; 0,0625; 0,0625; 182,8913043478261; 0,12032324
2627; 0,0625; 0,0625; 185,58695652173913; 0,12209668
2628; 0,0625; 0,0625; 183,32608695652175; 0,12060928
2629; 0,0625; 0,0625; 184,2391304347826; 0,121209964
2630; 0,0625; 0,0625; 184,3695652173913; 0,12129579
2631; 0,0625; 0,0625; 180,84782608695653; 0,11897884
2632; 0,0625; 0,0625; 183,58695652173913; 0,120780915
2633; 0,0625; 0,0625; 184,0; 0,12105266
2634; 0,0625; 0,0625; 184,2608695652174; 0,12122427
2635; 0,0625; 0,0625; 183,1086956521739; 0,12046626
2636; 0,0625; 0,0625; 181,80434782608697; 0,11960814
2637; 0,0625; 0,0625; 184,08695652173913; 0,12110986
2638; 0,0625; 0,0625; 182,80434782608697; 0,120266035
2639; 0,0625; 0,0625; 183,82608695652175; 0,12093823
2640; 0,0625; 0,0625; 183,93478260869566; 0,12100975
2641; 0,0625; 0,0625; 181,65217391304347; 0,11950802
2642; 0,0625; 0,0625; 184,02173913043478; 0,12106695
2643; 0,0625; 0,0625; 183,41304347826087; 0,12066648
2644; 0,0625; 0,0625; 184,17391304347825; 0,121167056
2645; 0,0625; 0,0625; 183,6304347826087; 0,12080951
2646; 0,0625; 0,0625; 180,6304347826087; 0,11883582
2647; 0,0625; 0,0625; 180,8913043478261; 0,11900745
2648; 0,0625; 0,0625; 184,67391304347825; 0,12149602
2649; 0,0625; 0,0625; 184,34782608695653; 0,12128148
2650; 0,0625; 0,0625; 184,5; 0,121381596
2651; 0,0625; 0,0625; 185,2391304347826; 0,12186785
2652; 0,0625; 0,0625; 184,5; 0,12138158
2653; 0,0625; 0,0625; 184,47826086956522; 0,12136729
2654; 0,0625; 0,0625; 183,6304347826087; 0,120809525
2655; 0,0625; 0,0625; 182,65217391304347; 0,12016592
2656; 0,0625; 0,0625; 184,08695652173913; 0,12110985
2657; 0,0625; 0,0625; 184,06521739130434; 0,12109555
2658; 0,0625; 0,0625; 184,15217391304347; 0,121152766
2659; 0,0625; 0,0625; 182,65217391304347; 0,12016591
2660; 0,0625; 0,0625; 184,08695652173913; 0,12110986
2661; 0,0625; 0,0625; 184,19565217391303; 0,121181354
2662; 0,0625; 0,0625; 182,7826086956522; 0,12025173
2663; 0,0625; 0,0625; 184,45652173913044; 0,12135299
2664; 0,0625; 0,0625; 184,06521739130434; 0,12109555
2665; 0,0625; 0,0625; 182,97826086956522; 0,12038045
2666; 0,0625; 0,0625; 183,80434782608697; 0,120923914
2667; 0,0625; 0,0625; 183,6086956521739; 0,12079522
2668; 0,0625; 0,0625; 184,52173913043478; 0,1213959
2669; 0,0625; 0,0625; 181,43478260869566; 0,11936502
2670; 0,0625; 0,0625; 183,30434782608697; 0,12059497
2671; 0,0625; 0,0625; 183,97826086956522; 0,121038325
2672; 0,0625; 0,0625; 183,95652173913044; 0,121024035
2673; 0,0625; 0,0625; 185,04347826086956; 0,12173915
2674; 0,0625; 0,0625; 182,47826086956522; 0,120051496
2675; 0,0625; 0,0625; 183,54347826086956; 0,120752305
2676; 0,0625; 0,0625; 184,15217391304347; 0,12115277
2677; 0,0625; 0,0625; 184,52173913043478; 0,1213959
2678; 0,0625; 0,0625; 182,54347826086956; 0,12009441
2679; 0,0625; 0,0625; 184,06521739130434; 0,12109555
2680; 0,0625; 0,0625; 182,65217391304347; 0,12016591
2681; 0,0625; 0,0625; 183,69565217391303; 0,12085242
2682; 0,0625; 0,0625; 183,97826086956522; 0,12103834
2683; 0,0625; 0,0625; 181,1304347826087; 0,11916479
2684; 0,0625; 0,0625; 183,5; 0,12072372
2685; 0,0625; 0,0625; 184,34782608695653; 0,12128148
2686; 0,0625; 0,0625; 185,15217391304347; 0,12181065
2687; 0,0625; 0,0625; 184,2608695652174; 0,12122427
2688; 0,0625; 0,0625; 184,52173913043478; 0,1213959
2689; 0,0625; 0,0625; 185,1304347826087; 0,12179635
2690; 0,0625; 0,0625; 184,58695652173913; 0,121438816
2691; 0,0625; 0,0625; 183,58695652173913; 0,120780915
2692; 0,0625; 0,0625; 184,69565217391303; 0,12151031
2693; 0,0625; 0,0625; 183,1304347826087; 0,12048057
2694; 0,0625; 0,0625; 183,3913043478261; 0,1206522
2695; 0,0625; 0,0625; 182,45652173913044; 0,12003721
2696; 0,0625; 0,0625; 184,47826086956522; 0,1213673
2697; 0,0625; 0,0625; 183,67391304347825; 0,12083812
2698; 0,0625; 0,0625; 184,30434782608697; 0,12125288
2699; 0,0625; 0,0625; 183,7391304347826; 0,12088103
2700; 0,0625; 0,0625; 184,67391304347825; 0,121495984
2701; 0,0625; 0,0625; 183,0; 0,12039475
2702; 0,0625; 0,0625; 184,34782608695653; 0,12128148
2703; 0,0625; 0,0625; 183,7826086956522; 0,12090963
2704; 0,0625; 0,0625; 183,08695652173913; 0,12045196
2705; 0,0625; 0,0625; 184,5; 0,1213816
2706; 0,0625; 0,0625; 184,06521739130434; 0,12109555
2707; 0,0625; 0,0625; 182,5; 0,1200658
2708; 0,0625; 0,0625; 184,34782608695653; 0,12128149
2709; 0,0625; 0,0625; 184,15217391304347; 0,12115277
2710; 0,0625; 0,0625; 184,6304347826087; 0,12146741
2711; 0,0625; 0,0625; 183,80434782608697; 0,12092392
2712; 0,0625; 0,0625; 183,95652173913044; 0,121024035
2713; 0,0625; 0,0625; 183,19565217391303; 0,120523475
2714; 0,0625; 0,0625; 184,65217391304347; 0,12148172
2715; 0,0625; 0,0625; 183,47826086956522; 0,12070941
2716; 0,0625; 0,0625; 182,41304347826087; 0,120008595
2717; 0,0625; 0,0625; 182,91304347826087; 0,12033754
2718; 0,0625; 0,0625; 182,54347826086956; 0,120094396
2719; 0,0625; 0,0625; 183,67391304347825; 0,12083811
2720; 0,0625; 0,0625; 182,58695652173913; 0,12012302
2721; 0,0625; 0,0625; 184,30434782608697; 0,12125287
2722; 0,0625; 0,0625; 184,19565217391303; 0,12118136
2723; 0,0625; 0,0625; 184,1086956521739; 0,12112414
2724; 0,0625; 0,0625; 185,3695652173913; 0,12195368
2725; 0,0625; 0,0625; 184,34782608695653; 0,12128147
2726; 0,0625; 0,0625; 183,82608695652175; 0,12093824
2727; 0,0625; 0,0625; 184,1086956521739; 0,121124156
2728; 0,0625; 0,0625; 184,2391304347826; 0,12120999
2729; 0,0625; 0,0625; 183,80434782608697; 0,12092392
2730; 0,0625; 0,0625; 184,02173913043478; 0,121066965
2731; 0,0625; 0,0625; 182,32608695652175; 0,119951375
2732; 0,0625; 0,0625; 183,95652173913044; 0,121024035
2733; 0,0625; 0,0625; 184,58695652173913; 0,121438794
2734; 0,0625; 0,0625; 182,97826086956522; 0,120380454
2735; 0,0625; 0,0625; 183,02173913043478; 0,120409034
2736; 0,0625; 0,0625; 182,34782608695653; 0,11996569
2737; 0,0625; 0,0625; 184,6086956521739; 0,12145311
2738; 0,0625; 0,0625; 184,3695652173913; 0,121295795
2739; 0,0625; 0,0625; 184,08695652173913; 0,121109866
2740; 0,0625; 0,0625; 183,6304347826087; 0,1208095
2741; 0,0625; 0,0625; 184,1304347826087; 0,12113846
2742; 0,0625; 0,0625; 183,5; 0,12072372
2743; 0,0625; 0,0625; 183,45652173913044; 0,12069511
2744; 0,0625; 0,0625; 185,06521739130434; 0,121753454
2745; 0,0625; 0,0625; 183,52173913043478; 0,120738
2746; 0,0625; 0,0625; 184,1086956521739; 0,12112414
2747; 0,0625; 0,0625; 181,1086956521739; 0,119150475
2748; 0,0625; 0,0625; 180,3695652173913; 0,118664205
2749; 0,0625; 0,0625; 182,45652173913044; 0,120037206
2750; 0,0625; 0,0625; 183,8913043478261; 0,120981134
2751; 0,0625; 0,0625; 181,7173913043478; 0,119550936
2752; 0,0625; 0,0625; 184,45652173913044; 0,12135297
2753; 0,0625; 0,0625; 182,1304347826087; 0,11982264
2754; 0,0625; 0,0625; 184,2608695652174; 0,12122426
2755; 0,0625; 0,0625; 182,7391304347826; 0,12022313
2756; 0,0625; 0,0625; 184,08695652173913; 0,12110985
2757; 0,0625; 0,0625; 183,84782608695653; 0,12095253
2758; 0,0625; 0,0625; 183,8913043478261; 0,12098114
2759; 0,0625; 0,0625; 184,6086956521739; 0,12145311
2760; 0,0625; 0,0625; 183,54347826086956; 0,120752305
2761; 0,0625; 0,0625; 184,56521739130434; 0,12142451
2762; 0,0625; 0,0625; 183,69565217391303; 0,12085242
2763; 0,0625; 0,0625; 182,5; 0,1200658
2764; 0,0625; 0,0625; 183,34782608695653; 0,120623566
2765; 0,0625; 0,0625; 183,8695652173913; 0,12096683
2766; 0,0625; 0,0625; 184,2391304347826; 0,12120997
2767; 0,0625; 0,0625; 183,65217391304347; 0,12082381
2768; 0,0625; 0,0625; 184,34782608695653; 0,12128149
2769; 0,0625; 0,0625; 184,34782608695653; 0,12128147
2770; 0,0625; 0,0625; 184,8913043478261; 0,12163904
2771; 0,0625; 0,0625; 184,15217391304347; 0,121152766
2772; 0,0625; 0,0625; 184,1086956521739; 0,12112413
2773; 0,0625; 0,0625; 183,91304347826087; 0,120995425
2774; 0,0625; 0,0625; 182,1304347826087; 0,11982268
2775; 0,0625; 0,0625; 182,6304347826087; 0,12015162
2776; 0,0625; 0,0625; 184,19565217391303; 0,12118136
2777; 0,0625; 0,0625; 183,93478260869566; 0,121009745
2778; 0,0625; 0,0625; 184,1086956521739; 0,121124156
2779; 0,0625; 0,0625; 184,32608695652175; 0,121267185
2780; 0,0625; 0,0625; 182,8695652173913; 0,120308936
2781; 0,0625; 0,0625; 182,52173913043478; 0,1200801
2782; 0,0625; 0,0625; 181,47826086956522; 0,11939361
2783; 0,0625; 0,0625; 183,32608695652175; 0,12060928
2784; 0,0625; 0,0625; 184,04347826086956; 0,121081255
2785; 0,0625; 0,0625; 182,6304347826087; 0,120151624
2786; 0,0625; 0,0625; 182,91304347826087; 0,120337546
2787; 0,0625; 0,0625; 184,58695652173913; 0,1214388
2788; 0,0625; 0,0625; 184,0; 0,12105264
2789; 0,0625; 0,0625; 184,2608695652174; 0,12122426
2790; 0,0625; 0,0625; 183,7826086956522; 0,12090964
2791; 0,0625; 0,0625; 184,0; 0,12105266
2792; 0,0625; 0,0625; 183,7826086956522; 0,12090962
2793; 0,0625; 0,0625; 184,3695652173913; 0,12129579
2794; 0,0625; 0,0625; 183,30434782608697; 0,12059498
2795; 0,0625; 0,0625; 184,34782608695653; 0,12128149
2796; 0,0625; 0,0625; 183,15217391304347; 0,12049487
2797; 0,0625; 0,0625; 184,1086956521739; 0,121124156
2798; 0,0625; 0,0625; 183,06521739130434; 0,12043765
2799; 0,0625; 0,0625; 183,02173913043478; 0,120409064
2800; 0,0625; 0,0625; 182,0; 0,11973685
2801; 0,0625; 0,0625; 183,6304347826087; 0,120809525
2802; 0,0625; 0,0625; 183,67391304347825; 0,12083812
2803; 0,0625; 0,0625; 183,08695652173913; 0,12045197
2804; 0,0625; 0,0625; 182,17391304347825; 0,11985128
2805; 0,0625; 0,0625; 184,30434782608697; 0,12125288
2806; 0,0625; 0,0625; 182,56521739130434; 0,120108716
2807; 0,0625; 0,0625; 182,45652173913044; 0,12003719
2808; 0,0625; 0,0625; 184,47826086956522; 0,1213673
2809; 0,0625; 0,0625; 182,56521739130434; 0,120108716
2810; 0,0625; 0,0625; 184,2826086956522; 0,12123857
2811; 0,0625; 0,0625; 184,54347826086956; 0,121410176
2812; 0,0625; 0,0625; 182,45652173913044; 0,12003719
2813; 0,0625; 0,0625; 184,41304347826087; 0,1213244
2814; 0,0625; 0,0625; 182,41304347826087; 0,12000858
2815; 0,0625; 0,0625; 183,1304347826087; 0,120480545
2816; 0,0625; 0,0625; 184,02173913043478; 0,12106695
2817; 0,0625; 0,0625; 184,15217391304347; 0,121152736
2818; 0,0625; 0,0625; 183,8913043478261; 0,12098112
2819; 0,0625; 0,0625; 184,1304347826087; 0,12113847
2820; 0,0625; 0,0625; 184,58695652173913; 0,1214388
2821; 0,0625; 0,0625; 184,04347826086956; 0,12108125
2822; 0,0625; 0,0625; 182,80434782608697; 0,12026602
2823; 0,0625; 0,0625; 183,8695652173913; 0,12096683
2824; 0,0625; 0,0625; 184,95652173913044; 0,121681936
2825; 0,0625; 0,0625; 184,1304347826087; 0,12113847
2826; 0,0625; 0,0625; 185,0; 0,12171055
2827; 0,0625; 0,0625; 184,17391304347825; 0,12116707
2828; 0,0625; 0,0625; 183,5; 0,120723695
2829; 0,0625; 0,0625; 183,8695652173913; 0,120966814
2830; 0,0625; 0,0625; 183,47826086956522; 0,12070939
2831; 0,0625; 0,0625; 184,80434782608697; 0,121581815
2832; 0,0625; 0,0625; 183,52173913043478; 0,120738
2833; 0,0625; 0,0625; 184,1304347826087; 0,12113847
2834; 0,0625; 0,0625; 182,91304347826087; 0,120337546
2835; 0,0625; 0,0625; 184,04347826086956; 0,121081255
2836; 0,0625; 0,0625; 184,17391304347825; 0,121167056
2837; 0,0625; 0,0625; 182,58695652173913; 0,12012302
2838; 0,0625; 0,0625; 183,3913043478261; 0,12065219
2839; 0,0625; 0,0625; 181,67391304347825; 0,11952233
2840; 0,0625; 0,0625; 183,95652173913044; 0,121024035
2841; 0,0625; 0,0625; 183,04347826086956; 0,12042337
2842; 0,0625; 0,0625; 184,06521739130434; 0,12109555
2843; 0,0625; 0,0625; 183,56521739130434; 0,12076661
2844; 0,0625; 0,0625; 184,08695652173913; 0,121109866
2845; 0,0625; 0,0625; 184,2608695652174; 0,12122427
2846; 0,0625; 0,0625; 183,06521739130434; 0,12043767
2847; 0,0625; 0,0625; 181,80434782608697; 0,11960816
2848; 0,0625; 0,0625; 184,45652173913044; 0,12135299
2849; 0,0625; 0,0625; 183,8913043478261; 0,120981134
2850; 0,0625; 0,0625; 183,2391304347826; 0,12055206
2851; 0,0625; 0,0625; 181,91304347826087; 0,11967964
2852; 0,0625; 0,0625; 184,06521739130434; 0,12109555
2853; 0,0625; 0,0625; 184,1086956521739; 0,12112416
2854; 0,0625; 0,0625; 184,04347826086956; 0,121081226
2855; 0,0625; 0,0625; 183,93478260869566; 0,121009745
2856; 0,0625; 0,0625; 184,6304347826087; 0,121467404
2857; 0,0625; 0,0625; 184,04347826086956; 0,12108125
2858; 0,0625; 0,0625; 184,32608695652175; 0,12126718
2859; 0,0625; 0,0625; 182,54347826086956; 0,12009441
2860; 0,0625; 0,0625; 183,8695652173913; 0,12096683
2861; 0,0625; 0,0625; 181,58695652173913; 0,119465105
2862; 0,0625; 0,0625; 183,2826086956522; 0,12058068
2863; 0,0625; 0,0625; 183,04347826086956; 0,12042337
2864; 0,0625; 0,0625; 181,3913043478261; 0,11933641
2865; 0,0625; 0,0625; 181,7173913043478; 0,119550936
2866; 0,0625; 0,0625; 180,93478260869566; 0,119036056
2867; 0,0625; 0,0625; 182,06521739130434; 0,119779766
2868; 0,0625; 0,0625; 183,65217391304347; 0,120823815
2869; 0,0625; 0,0625; 183,7173913043478; 0,12086672
2870; 0,0625; 0,0625; 184,02173913043478; 0,12106694
2871; 0,0625; 0,0625; 184,08695652173913; 0,12110986
2872; 0,0625; 0,0625; 183,56521739130434; 0,120766595
2873; 0,0625; 0,0625; 184,67391304347825; 0,121496014
2874; 0,0625; 0,0625; 185,1304347826087; 0,12179634
2875; 0,0625; 0,0625; 182,32608695652175; 0,11995139
2876; 0,0625; 0,0625; 182,02173913043478; 0,11975116
2877; 0,0625; 0,0625; 182,82608695652175; 0,12028034
2878; 0,0625; 0,0625; 183,91304347826087; 0,12099544
2879; 0,0625; 0,0625; 184,34782608695653; 0,12128148
2880; 0,0625; 0,0625; 185,08695652173913; 0,12176775
2881; 0,0625; 0,0625; 183,6086956521739; 0,1207952
2882; 0,0625; 0,0625; 182,08695652173913; 0,119794056
2883; 0,0625; 0,0625; 183,34782608695653; 0,12062358
2884; 0,0625; 0,0625; 184,84782608695653; 0,12161043
2885; 0,0625; 0,0625; 180,7173913043478; 0,11889302
2886; 0,0625; 0,0625; 182,82608695652175; 0,12028034
2887; 0,0625; 0,0625; 183,3695652173913; 0,12063787
2888; 0,0625; 0,0625; 183,2826086956522; 0,12058068
2889; 0,0625; 0,0625; 184,17391304347825; 0,12116708
2890; 0,0625; 0,0625; 183,69565217391303; 0,12085241
2891; 0,0625; 0,0625; 184,6304347826087; 0,121467404
2892; 0,0625; 0,0625; 184,97826086956522; 0,121696234
2893; 0,0625; 0,0625; 185,43478260869566; 0,12199658
2894; 0,0625; 0,0625; 183,3695652173913; 0,120637886
2895; 0,0625; 0,0625; 183,7826086956522; 0,12090964
2896; 0,0625; 0,0625; 184,41304347826087; 0,1213244
2897; 0,0625; 0,0625; 182,58695652173913; 0,120123014
2898; 0,0625; 0,0625; 183,41304347826087; 0,120666504
2899; 0,0625; 0,0625; 183,15217391304347; 0,12049487
2900; 0,0625; 0,0625; 184,43478260869566; 0,12133868
2901; 0,0625; 0,0625; 182,6304347826087; 0,120151624
2902; 0,0625; 0,0625; 184,06521739130434; 0,12109556
2903; 0,0625; 0,0625; 184,1086956521739; 0,121124156
2904; 0,0625; 0,0625; 183,7391304347826; 0,12088102
2905; 0,0625; 0,0625; 185,17391304347825; 0,12182496
2906; 0,0625; 0,0625; 184,47826086956522; 0,12136729
2907; 0,0625; 0,0625; 183,02173913043478; 0,120409064
2908; 0,0625; 0,0625; 185,67391304347825; 0,1221539
2909; 0,0625; 0,0625; 181,67391304347825; 0,119522326
2910; 0,0625; 0,0625; 183,32608695652175; 0,12060928
2911; 0,0625; 0,0625; 184,2173913043478; 0,12119567
2912; 0,0625; 0,0625; 185,1086956521739; 0,12178206
2913; 0,0625; 0,0625; 184,02173913043478; 0,121066935
2914; 0,0625; 0,0625; 184,02173913043478; 0,12106694
2915; 0,0625; 0,0625; 184,1086956521739; 0,121124156
2916; 0,0625; 0,0625; 184,15217391304347; 0,121152766
2917; 0,0625; 0,0625; 183,7173913043478; 0,12086672
2918; 0,0625; 0,0625; 184,34782608695653; 0,12128148
2919; 0,0625; 0,0625; 183,5; 0,1207237
2920; 0,0625; 0,0625; 183,8913043478261; 0,12098112
2921; 0,0625; 0,0625; 184,8913043478261; 0,121639036
2922; 0,0625; 0,0625; 182,95652173913044; 0,120366156
2923; 0,0625; 0,0625; 183,84782608695653; 0,120952524
2924; 0,0625; 0,0625; 184,54347826086956; 0,121410206
2925; 0,0625; 0,0625; 184,3913043478261; 0,12131007
2926; 0,0625; 0,0625; 185,02173913043478; 0,12172484
2927; 0,0625; 0,0625; 183,56521739130434; 0,12076662
2928; 0,0625; 0,0625; 183,65217391304347; 0,120823815
2929; 0,0625; 0,0625; 184,0; 0,121052645
2930; 0,0625; 0,0625; 184,34782608695653; 0,12128147
2931; 0,0625; 0,0625; 185,5; 0,12203948
2932; 0,0625; 0,0625; 183,84782608695653; 0,120952524
2933; 0,0625; 0,0625; 182,0; 0,11973686
2934; 0,0625; 0,0625; 185,97826086956522; 0,12235413
2935; 0,0625; 0,0625; 184,34782608695653; 0,12128148
2936; 0,0625; 0,0625; 184,84782608695653; 0,12161043
2937; 0,0625; 0,0625; 184,52173913043478; 0,1213959
2938; 0,0625; 0,0625; 184,7826086956522; 0,12156753
2939; 0,0625; 0,0625; 183,7391304347826; 0,12088102
2940; 0,0625; 0,0625; 184,8913043478261; 0,121639036
2941; 0,0625; 0,0625; 182,52173913043478; 0,120080106
2942; 0,0625; 0,0625; 184,1304347826087; 0,121138446
2943; 0,0625; 0,0625; 181,52173913043478; 0,11942222
2944; 0,0625; 0,0625; 184,08695652173913; 0,12110986
2945; 0,0625; 0,0625; 182,43478260869566; 0,120022886
2946; 0,0625; 0,0625; 184,56521739130434; 0,12142451
2947; 0,0625; 0,0625; 184,6304347826087; 0,1214674
2948; 0,0625; 0,0625; 184,41304347826087; 0,1213244
2949; 0,0625; 0,0625; 184,06521739130434; 0,121095546
2950; 0,0625; 0,0625; 184,0; 0,12105266
2951; 0,0625; 0,0625; 183,43478260869566; 0,1206808
2952; 0,0625; 0,0625; 184,2173913043478; 0,12119567
2953; 0,0625; 0,0625; 184,15217391304347; 0,12115277
2954; 0,0625; 0,0625; 183,1086956521739; 0,12046626
2955; 0,0625; 0,0625; 183,45652173913044; 0,12069509
2956; 0,0625; 0,0625; 184,02173913043478; 0,12106695
2957; 0,0625; 0,0625; 184,58695652173913; 0,121438816
2958; 0,0625; 0,0625; 184,7608695652174; 0,12155321
2959; 0,0625; 0,0625; 184,32608695652175; 0,121267185
2960; 0,0625; 0,0625; 182,52173913043478; 0,12008012
2961; 0,0625; 0,0625; 184,15217391304347; 0,121152766
2962; 0,0625; 0,0625; 182,58695652173913; 0,120123014
2963; 0,0625; 0,0625; 183,34782608695653; 0,120623596
2964; 0,0625; 0,0625; 183,82608695652175; 0,12093822
2965; 0,0625; 0,0625; 183,97826086956522; 0,121038355
2966; 0,0625; 0,0625; 183,97826086956522; 0,12103833
2967; 0,0625; 0,0625; 184,8913043478261; 0,121639036
2968; 0,0625; 0,0625; 185,04347826086956; 0,12173915
2969; 0,0625; 0,0625; 183,93478260869566; 0,12100973
2970; 0,0625; 0,0625; 183,34782608695653; 0,120623596
2971; 0,0625; 0,0625; 183,6086956521739; 0,12079522
2972; 0,0625; 0,0625; 183,93478260869566; 0,121009745
2973; 0,0625; 0,0625; 183,02173913043478; 0,120409064
2974; 0,0625; 0,0625; 183,34782608695653; 0,12062358
2975; 0,0625; 0,0625; 184,54347826086956; 0,121410206
2976; 0,0625; 0,0625; 183,19565217391303; 0,12052346
2977; 0,0625; 0,0625; 184,30434782608697; 0,12125286
2978; 0,0625; 0,0625; 182,5; 0,1200658
2979; 0,0625; 0,0625; 184,91304347826087; 0,12165334
2980; 0,0625; 0,0625; 183,0; 0,12039475
2981; 0,0625; 0,0625; 184,3695652173913; 0,12129579
2982; 0,0625; 0,0625; 182,52173913043478; 0,120080106
2983; 0,0625; 0,0625; 184,08695652173913; 0,12110985
2984; 0,0625; 0,0625; 182,56521739130434; 0,120108716
2985; 0,0625; 0,0625; 182,34782608695653; 0,11996569
2986; 0,0625; 0,0625; 182,0; 0,11973686
2987; 0,0625; 0,0625; 182,80434782608697; 0,12026604
2988; 0,0625; 0,0625; 184,2826086956522; 0,121238574
2989; 0,0625; 0,0625; 183,7173913043478; 0,12086672
2990; 0,0625; 0,0625; 183,2391304347826; 0,120552085
2991; 0,0625; 0,0625; 184,02173913043478; 0,12106695
2992; 0,0625; 0,0625; 184,2608695652174; 0,12122428
2993; 0,0625; 0,0625; 183,93478260869566; 0,12100972
2994; 0,0625; 0,0625; 183,5; 0,120723695
2995; 0,0625; 0,0625; 183,82608695652175; 0,12093822
2996; 0,0625; 0,0625; 182,43478260869566; 0,1200229
2997; 0,0625; 0,0625; 182,45652173913044; 0,120037206
2998; 0,0625; 0,0625; 182,65217391304347; 0,12016593
2999; 0,0625; 0,0625; 184,67391304347825; 0,121496014
3000; 0,0625; 0,0625; 183,04347826086956; 0,12042334
3001; 0,0625; 0,0625; 183,34782608695653; 0,12062359
3002; 0,0625; 0,0625; 183,58695652173913; 0,120780915
3003; 0,0625; 0,0625; 184,43478260869566; 0,12133868
3004; 0,0625; 0,0625; 182,7391304347826; 0,12022312
3005; 0,0625; 0,0625; 183,1304347826087; 0,12048057
3006; 0,0625; 0,0625; 184,45652173913044; 0,121352986
3007; 0,0625; 0,0625; 183,8695652173913; 0,12096684
3008; 0,0625; 0,0625; 183,41304347826087; 0,1206665
3009; 0,0625; 0,0625; 184,41304347826087; 0,12132438
3010; 0,0625; 0,0625; 182,5; 0,1200658
3011; 0,0625; 0,0625; 183,1304347826087; 0,12048057
3012; 0,0625; 0,0625; 185,5; 0,122039504
3013; 0,0625; 0,0625; 183,69565217391303; 0,120852426
3014; 0,0625; 0,0625; 184,69565217391303; 0,12151031
3015; 0,0625; 0,0625; 184,47826086956522; 0,12136729
3016; 0,0625; 0,0625; 184,30434782608697; 0,12125288
3017; 0,0625; 0,0625; 183,32608695652175; 0,12060928
3018; 0,0625; 0,0625; 183,32608695652175; 0,12060928
3019; 0,0625; 0,0625; 184,1086956521739; 0,12112416
3020; 0,0625; 0,0625; 184,3913043478261; 0,12131009
3021; 0,0625; 0,0625; 184,02173913043478; 0,12106695
3022; 0,0625; 0,0625; 184,2608695652174; 0,12122426
3023; 0,0625; 0,0625; 183,08695652173913; 0,12045196
3024; 0,0625; 0,0625; 183,43478260869566; 0,12068079
3025; 0,0625; 0,0625; 183,7608695652174; 0,120895326
3026; 0,0625; 0,0625; 180,58695652173913; 0,118807234
3027; 0,0625; 0,0625; 182,80434782608697; 0,12026602
3028; 0,0625; 0,0625; 183,2608695652174; 0,120566376
3029; 0,0625; 0,0625; 184,2826086956522; 0,121238574
3030; 0,0625; 0,0625; 184,2391304347826; 0,12120997
3031; 0,0625; 0,0625; 182,91304347826087; 0,120337546
3032; 0,0625; 0,0625; 182,7608695652174; 0,12023743
3033; 0,0625; 0,0625; 184,95652173913044; 0,12168195
3034; 0,0625; 0,0625; 181,67391304347825; 0,11952233
3035; 0,0625; 0,0625; 183,0; 0,12039476
3036; 0,0625; 0,0625; 183,7391304347826; 0,12088102
3037; 0,0625; 0,0625; 184,5; 0,1213816
3038; 0,0625; 0,0625; 183,7608695652174; 0,120895326
3039; 0,0625; 0,0625; 183,67391304347825; 0,12083812
3040; 0,0625; 0,0625; 184,84782608695653; 0,12161043
3041; 0,0625; 0,0625; 183,8913043478261; 0,12098112
3042; 0,0625; 0,0625; 182,7826086956522; 0,12025174
3043; 0,0625; 0,0625; 184,02173913043478; 0,12106694
3044; 0,0625; 0,0625; 183,1086956521739; 0,120466255
3045; 0,0625; 0,0625; 183,41304347826087; 0,12066648
3046; 0,0625; 0,0625; 181,1304347826087; 0,11916478
3047; 0,0625; 0,0625; 184,91304347826087; 0,12165332
3048; 0,0625; 0,0625; 184,2608695652174; 0,12122427
3049; 0,0625; 0,0625; 184,2173913043478; 0,12119567
3050; 0,0625; 0,0625; 183,82608695652175; 0,12093822
3051; 0,0625; 0,0625; 183,82608695652175; 0,120938204
3052; 0,0625; 0,0625; 182,65217391304347; 0,12016591
3053; 0,0625; 0,0625; 184,15217391304347; 0,121152766
3054; 0,0625; 0,0625; 183,45652173913044; 0,12069511
3055; 0,0625; 0,0625; 182,54347826086956; 0,1200944
3056; 0,0625; 0,0625; 183,6086956521739; 0,1207952
3057; 0,0625; 0,0625; 184,2826086956522; 0,12123857
3058; 0,0625; 0,0625; 183,80434782608697; 0,12092392
3059; 0,0625; 0,0625; 185,1086956521739; 0,12178204
3060; 0,0625; 0,0625; 183,8913043478261; 0,120981134
3061; 0,0625; 0,0625; 184,1304347826087; 0,12113847
3062; 0,0625; 0,0625; 183,97826086956522; 0,12103834
3063; 0,0625; 0,0625; 184,19565217391303; 0,12118138
3064; 0,0625; 0,0625; 184,47826086956522; 0,12136731
3065; 0,0625; 0,0625; 184,69565217391303; 0,12151032
3066; 0,0625; 0,0625; 184,65217391304347; 0,12148171
3067; 0,0625; 0,0625; 185,06521739130434; 0,121753454
3068; 0,0625; 0,0625; 182,08695652173913; 0,11979407
3069; 0,0625; 0,0625; 185,2608695652174; 0,121882156
3070; 0,0625; 0,0625; 183,67391304347825; 0,12083811
3071; 0,0625; 0,0625; 184,7391304347826; 0,12153892
3072; 0,0625; 0,0625; 183,58695652173913; 0,120780915
3073; 0,0625; 0,0625; 183,82608695652175; 0,12093822
3074; 0,0625; 0,0625; 184,15217391304347; 0,12115277
3075; 0,0625; 0,0625; 182,8913043478261; 0,12032323
3076; 0,0625; 0,0625; 183,7391304347826; 0,12088102
3077; 0,0625; 0,0625; 184,3695652173913; 0,12129579
3078; 0,0625; 0,0625; 183,95652173913044; 0,12102406
3079; 0,0625; 0,0625; 184,2608695652174; 0,12122427
3080; 0,0625; 0,0625; 184,91304347826087; 0,12165332
3081; 0,0625; 0,0625; 184,84782608695653; 0,121610425
3082; 0,0625; 0,0625; 181,15217391304347; 0,11917906
3083; 0,0625; 0,0625; 184,5; 0,12138158
3084; 0,0625; 0,0625; 184,6086956521739; 0,12145312
3085; 0,0625; 0,0625; 183,17391304347825; 0,12050917
3086; 0,0625; 0,0625; 183,6304347826087; 0,1208095
3087; 0,0625; 0,0625; 183,69565217391303; 0,120852426
3088; 0,0625; 0,0625; 183,6086956521739; 0,120795205
3089; 0,0625; 0,0625; 184,06521739130434; 0,12109555
3090; 0,0625; 0,0625; 184,84782608695653; 0,121610425
3091; 0,0625; 0,0625; 181,82608695652175; 0,11962244
3092; 0,0625; 0,0625; 183,04347826086956; 0,12042336
3093; 0,0625; 0,0625; 185,2173913043478; 0,12185357
3094; 0,0625; 0,0625; 184,15217391304347; 0,121152766
3095; 0,0625; 0,0625; 183,3913043478261; 0,12065219
3096; 0,0625; 0,0625; 184,30434782608697; 0,12125288
3097; 0,0625; 0,0625; 182,7826086956522; 0,12025174
3098; 0,0625; 0,0625; 184,17391304347825; 0,12116707
3099; 0,0625; 0,0625; 182,7391304347826; 0,12022314
3100; 0,0625; 0,0625; 184,3913043478261; 0,12131008
3101; 0,0625; 0,0625; 183,7391304347826; 0,12088103
3102; 0,0625; 0,0625; 183,0; 0,12039475
3103; 0,0625; 0,0625; 183,7826086956522; 0,12090962
3104; 0,0625; 0,0625; 183,7391304347826; 0,12088103
3105; 0,0625; 0,0625; 184,30434782608697; 0,12125288
3106; 0,0625; 0,0625; 184,1304347826087; 0,121138446
3107; 0,0625; 0,0625; 183,47826086956522; 0,1207094
3108; 0,0625; 0,0625; 184,6086956521739; 0,12145312
3109; 0,0625; 0,0625; 183,47826086956522; 0,12070939
3110; 0,0625; 0,0625; 184,04347826086956; 0,12108124
3111; 0,0625; 0,0625; 182,45652173913044; 0,120037206
3112; 0,0625; 0,0625; 183,7608695652174; 0,120895326
3113; 0,0625; 0,0625; 184,34782608695653; 0,12128149
3114; 0,0625; 0,0625; 182,32608695652175; 0,11995138
3115; 0,0625; 0,0625; 184,56521739130434; 0,12142451
3116; 0,0625; 0,0625; 183,95652173913044; 0,12102405
3117; 0,0625; 0,0625; 184,17391304347825; 0,12116707
3118; 0,0625; 0,0625; 183,8695652173913; 0,12096683
3119; 0,0625; 0,0625; 183,6304347826087; 0,120809525
3120; 0,0625; 0,0625; 184,67391304347825; 0,121496014
3121; 0,0625; 0,0625; 184,52173913043478; 0,1213959
3122; 0,0625; 0,0625; 184,1304347826087; 0,12113847
3123; 0,0625; 0,0625; 183,82608695652175; 0,12093822
3124; 0,0625; 0,0625; 184,43478260869566; 0,12133869
3125; 0,0625; 0,0625; 183,1086956521739; 0,12046628
3126; 0,0625; 0,0625; 183,30434782608697; 0,12059498
3127; 0,0625; 0,0625; 184,32608695652175; 0,121267185
3128; 0,0625; 0,0625; 183,93478260869566; 0,121009745
3129; 0,0625; 0,0625; 183,7391304347826; 0,12088103
3130; 0,0625; 0,0625; 183,7608695652174; 0,12089531
3131; 0,0625; 0,0625; 183,82608695652175; 0,12093822
3132; 0,0625; 0,0625; 183,56521739130434; 0,120766595
3133; 0,0625; 0,0625; 183,97826086956522; 0,12103834
3134; 0,0625; 0,0625; 184,5; 0,121381596
3135; 0,0625; 0,0625; 183,95652173913044; 0,12102403
3136; 0,0625; 0,0625; 184,32608695652175; 0,121267185
3137; 0,0625; 0,0625; 184,84782608695653; 0,12161043
3138; 0,0625; 0,0625; 184,1086956521739; 0,121124156
3139; 0,0625; 0,0625; 184,3913043478261; 0,12131007
3140; 0,0625; 0,0625; 183,8913043478261; 0,12098114
3141; 0,0625; 0,0625; 184,54347826086956; 0,12141018
3142; 0,0625; 0,0625; 183,7826086956522; 0,12090964
3143; 0,0625; 0,0625; 182,5; 0,1200658
3144; 0,0625; 0,0625; 183,3913043478261; 0,1206522
3145; 0,0625; 0,0625; 184,52173913043478; 0,1213959
3146; 0,0625; 0,0625; 183,80434782608697; 0,12092394
3147; 0,0625; 0,0625; 184,08695652173913; 0,12110986
3148; 0,0625; 0,0625; 184,2826086956522; 0,12123858
3149; 0,0625; 0,0625; 181,7826086956522; 0,11959384
3150; 0,0625; 0,0625; 183,43478260869566; 0,1206808
3151; 0,0625; 0,0625; 182,95652173913044; 0,12036615
3152; 0,0625; 0,0625; 184,47826086956522; 0,12136729
3153; 0,0625; 0,0625; 184,08695652173913; 0,121109836
3154; 0,0625; 0,0625; 183,8695652173913; 0,12096684
3155; 0,0625; 0,0625; 184,7608695652174; 0,121553235
3156; 0,0625; 0,0625; 184,34782608695653; 0,12128149
3157; 0,0625; 0,0625; 184,30434782608697; 0,12125289
3158; 0,0625; 0,0625; 184,08695652173913; 0,12110986
3159; 0,0625; 0,0625; 183,2173913043478; 0,12053778
3160; 0,0625; 0,0625; 184,2826086956522; 0,12123858
3161; 0,0625; 0,0625; 183,56521739130434; 0,12076662
3162; 0,0625; 0,0625; 184,2608695652174; 0,12122428
3163; 0,0625; 0,0625; 183,3695652173913; 0,12063789
3164; 0,0625; 0,0625; 184,1086956521739; 0,121124156
3165; 0,0625; 0,0625; 184,0; 0,121052645
3166; 0,0625; 0,0625; 183,2608695652174; 0,120566376
3167; 0,0625; 0,0625; 184,84782608695653; 0,12161043
3168; 0,0625; 0,0625; 184,17391304347825; 0,12116708
3169; 0,0625; 0,0625; 183,84782608695653; 0,120952524
3170; 0,0625; 0,0625; 182,30434782608697; 0,11993707
3171; 0,0625; 0,0625; 184,47826086956522; 0,121367276
3172; 0,0625; 0,0625; 184,43478260869566; 0,1213387
3173; 0,0625; 0,0625; 183,02173913043478; 0,12040904
3174; 0,0625; 0,0625; 185,04347826086956; 0,12173914
3175; 0,0625; 0,0625; 183,80434782608697; 0,12092394
3176; 0,0625; 0,0625; 182,30434782608697; 0,11993708
3177; 0,0625; 0,0625; 184,2391304347826; 0,121209964
3178; 0,0625; 0,0625; 183,7391304347826; 0,12088103
3179; 0,0625; 0,0625; 182,91304347826087; 0,12033754
3180; 0,0625; 0,0625; 185,15217391304347; 0,12181067
3181; 0,0625; 0,0625; 184,2173913043478; 0,12119568
3182; 0,0625; 0,0625; 183,82608695652175; 0,12093824
3183; 0,0625; 0,0625; 184,80434782608697; 0,121581815
3184; 0,0625; 0,0625; 184,2391304347826; 0,12120996
3185; 0,0625; 0,0625; 183,95652173913044; 0,121024035
3186; 0,0625; 0,0625; 183,93478260869566; 0,12100975
3187; 0,0625; 0,0625; 184,56521739130434; 0,121424496
3188; 0,0625; 0,0625; 182,58695652173913; 0,12012302
3189; 0,0625; 0,0625; 184,45652173913044; 0,12135297
3190; 0,0625; 0,0625; 182,7826086956522; 0,12025173
3191; 0,0625; 0,0625; 183,97826086956522; 0,12103833
3192; 0,0625; 0,0625; 183,95652173913044; 0,121024035
3193; 0,0625; 0,0625; 184,67391304347825; 0,121496014
3194; 0,0625; 0,0625; 184,7173913043478; 0,121524625
3195; 0,0625; 0,0625; 184,30434782608697; 0,12125287
3196; 0,0625; 0,0625; 183,95652173913044; 0,121024035
3197; 0,0625; 0,0625; 183,8695652173913; 0,12096683
3198; 0,0625; 0,0625; 184,17391304347825; 0,121167056
3199; 0,0625; 0,0625; 182,2608695652174; 0,119908474
3200; 0,0625; 0,0625; 184,2608695652174; 0,12122427
3201; 0,0625; 0,0625; 183,91304347826087; 0,12099545
3202; 0,0625; 0,0625; 182,1086956521739; 0,119808376
3203; 0,0625; 0,0625; 184,19565217391303; 0,12118138
3204; 0,0625; 0,0625; 183,82608695652175; 0,12093823
3205; 0,0625; 0,0625; 183,97826086956522; 0,121038355
3206; 0,0625; 0,0625; 183,3695652173913; 0,12063787
3207; 0,0625; 0,0625; 182,7173913043478; 0,12020882
3208; 0,0625; 0,0625; 184,08695652173913; 0,121109866
3209; 0,0625; 0,0625; 184,52173913043478; 0,121395886
3210; 0,0625; 0,0625; 183,56521739130434; 0,12076659
3211; 0,0625; 0,0625; 184,04347826086956; 0,12108124
3212; 0,0625; 0,0625; 183,65217391304347; 0,120823815
3213; 0,0625; 0,0625; 181,32608695652175; 0,11929346
3214; 0,0625; 0,0625; 184,6304347826087; 0,1214674
3215; 0,0625; 0,0625; 184,7608695652174; 0,121553205
3216; 0,0625; 0,0625; 183,47826086956522; 0,1207094
3217; 0,0625; 0,0625; 183,54347826086956; 0,120752305
3218; 0,0625; 0,0625; 184,3913043478261; 0,1213101
3219; 0,0625; 0,0625; 182,93478260869566; 0,12035184
3220; 0,0625; 0,0625; 184,0; 0,12105264
3221; 0,0625; 0,0625; 183,5; 0,120723695
3222; 0,0625; 0,0625; 184,7826086956522; 0,12156751
3223; 0,0625; 0,0625; 183,54347826086956; 0,120752305
3224; 0,0625; 0,0625; 183,47826086956522; 0,1207094
3225; 0,0625; 0,0625; 184,67391304347825; 0,12149599
3226; 0,0625; 0,0625; 183,91304347826087; 0,12099544
3227; 0,0625; 0,0625; 182,93478260869566; 0,12035185
3228; 0,0625; 0,0625; 184,19565217391303; 0,12118136
3229; 0,0625; 0,0625; 184,15217391304347; 0,121152766
3230; 0,0625; 0,0625; 182,7608695652174; 0,12023743
3231; 0,0625; 0,0625; 184,8695652173913; 0,12162474
3232; 0,0625; 0,0625; 183,6086956521739; 0,120795205
3233; 0,0625; 0,0625; 182,67391304347825; 0,12018023
3234; 0,0625; 0,0625; 184,0; 0,12105264
3235; 0,0625; 0,0625; 183,6086956521739; 0,12079522
3236; 0,0625; 0,0625; 184,5; 0,1213816
3237; 0,0625; 0,0625; 184,3913043478261; 0,1213101
3238; 0,0625; 0,0625; 184,3695652173913; 0,12129577
3239; 0,0625; 0,0625; 184,41304347826087; 0,12132438
3240; 0,0625; 0,0625; 182,84782608695653; 0,12029463
3241; 0,0625; 0,0625; 184,3913043478261; 0,12131009
3242; 0,0625; 0,0625; 183,6304347826087; 0,12080951
3243; 0,0625; 0,0625; 184,97826086956522; 0,12169624
3244; 0,0625; 0,0625; 183,84782608695653; 0,12095253
3245; 0,0625; 0,0625; 184,32608695652175; 0,12126716
3246; 0,0625; 0,0625; 184,8695652173913; 0,12162473
3247; 0,0625; 0,0625; 182,34782608695653; 0,11996568
3248; 0,0625; 0,0625; 185,47826086956522; 0,12202519
3249; 0,0625; 0,0625; 183,3913043478261; 0,12065219
3250; 0,0625; 0,0625; 182,1304347826087; 0,11982266
3251; 0,0625; 0,0625; 183,6304347826087; 0,12080951
3252; 0,0625; 0,0625; 184,3913043478261; 0,12131008
3253; 0,0625; 0,0625; 184,34782608695653; 0,12128149
3254; 0,0625; 0,0625; 183,54347826086956; 0,120752305
3255; 0,0625; 0,0625; 183,7391304347826; 0,12088102
3256; 0,0625; 0,0625; 185,2391304347826; 0,12186787
3257; 0,0625; 0,0625; 184,1304347826087; 0,12113844
3258; 0,0625; 0,0625; 183,2826086956522; 0,12058068
3259; 0,0625; 0,0625; 184,1086956521739; 0,121124156
3260; 0,0625; 0,0625; 184,56521739130434; 0,12142449
3261; 0,0625; 0,0625; 184,06521739130434; 0,121095546
3262; 0,0625; 0,0625; 184,69565217391303; 0,12151031
3263; 0,0625; 0,0625; 183,5; 0,1207237
3264; 0,0625; 0,0625; 183,15217391304347; 0,12049487
3265; 0,0625; 0,0625; 183,6086956521739; 0,1207952
3266; 0,0625; 0,0625; 184,58695652173913; 0,121438794
3267; 0,0625; 0,0625; 184,08695652173913; 0,121109866
3268; 0,0625; 0,0625; 182,47826086956522; 0,12005151
3269; 0,0625; 0,0625; 184,7173913043478; 0,1215246
3270; 0,0625; 0,0625; 185,47826086956522; 0,12202518
3271; 0,0625; 0,0625; 184,58695652173913; 0,12143879
3272; 0,0625; 0,0625; 183,41304347826087; 0,120666504
3273; 0,0625; 0,0625; 182,2173913043478; 0,11987988
3274; 0,0625; 0,0625; 184,15217391304347; 0,121152766
3275; 0,0625; 0,0625; 184,30434782608697; 0,12125289
3276; 0,0625; 0,0625; 184,30434782608697; 0,12125288
3277; 0,0625; 0,0625; 182,3913043478261; 0,1199943
3278; 0,0625; 0,0625; 184,2608695652174; 0,12122427
3279; 0,0625; 0,0625; 183,0; 0,12039474
3280; 0,0625; 0,0625; 182,2608695652174; 0,11990849
3281; 0,0625; 0,0625; 184,1304347826087; 0,12113846
3282; 0,0625; 0,0625; 183,04347826086956; 0,12042337
3283; 0,0625; 0,0625; 184,5; 0,12138158
3284; 0,0625; 0,0625; 184,17391304347825; 0,12116707
3285; 0,0625; 0,0625; 183,8913043478261; 0,12098114
3286; 0,0625; 0,0625; 182,84782608695653; 0,12029463
3287; 0,0625; 0,0625; 183,1086956521739; 0,12046624
3288; 0,0625; 0,0625; 184,8913043478261; 0,121639036
3289; 0,0625; 0,0625; 184,2826086956522; 0,121238574
3290; 0,0625; 0,0625; 183,69565217391303; 0,12085242
3291; 0,0625; 0,0625; 184,08695652173913; 0,12110986
3292; 0,0625; 0,0625; 182,54347826086956; 0,120094426
3293; 0,0625; 0,0625; 181,04347826086956; 0,11910757
3294; 0,0625; 0,0625; 182,8695652173913; 0,12030895
3295; 0,0625; 0,0625; 183,8695652173913; 0,12096684
3296; 0,0625; 0,0625; 184,17391304347825; 0,12116707
3297; 0,0625; 0,0625; 184,0; 0,121052645
3298; 0,0625; 0,0625; 184,8913043478261; 0,121639036
3299; 0,0625; 0,0625; 183,91304347826087; 0,12099542
3300; 0,0625; 0,0625; 184,58695652173913; 0,121438794
3301; 0,0625; 0,0625; 183,8913043478261; 0,120981134
3302; 0,0625; 0,0625; 182,6086956521739; 0,12013731
3303; 0,0625; 0,0625; 183,45652173913044; 0,12069509
3304; 0,0625; 0,0625; 182,7173913043478; 0,12020884
3305; 0,0625; 0,0625; 182,7391304347826; 0,12022314
3306; 0,0625; 0,0625; 182,56521739130434; 0,12010871
3307; 0,0625; 0,0625; 184,58695652173913; 0,1214388
3308; 0,0625; 0,0625; 183,58695652173913; 0,1207809
3309; 0,0625; 0,0625; 184,54347826086956; 0,12141019
3310; 0,0625; 0,0625; 182,65217391304347; 0,12016592
3311; 0,0625; 0,0625; 181,93478260869566; 0,11969395
3312; 0,0625; 0,0625; 183,1086956521739; 0,12046626
3313; 0,0625; 0,0625; 185,19565217391303; 0,12183928
3314; 0,0625; 0,0625; 180,1086956521739; 0,11849258
3315; 0,0625; 0,0625; 184,47826086956522; 0,12136729
3316; 0,0625; 0,0625; 182,8695652173913; 0,12030895
3317; 0,0625; 0,0625; 183,45652173913044; 0,12069511
3318; 0,0625; 0,0625; 182,6304347826087; 0,120151624
3319; 0,0625; 0,0625; 184,02173913043478; 0,121066965
3320; 0,0625; 0,0625; 182,80434782608697; 0,120266035
3321; 0,0625; 0,0625; 184,15217391304347; 0,121152766
3322; 0,0625; 0,0625; 184,32608695652175; 0,12126718
3323; 0,0625; 0,0625; 183,97826086956522; 0,121038355
3324; 0,0625; 0,0625; 185,02173913043478; 0,121724844
3325; 0,0625; 0,0625; 180,52173913043478; 0,1187643
3326; 0,0625; 0,0625; 182,7391304347826; 0,12022313
3327; 0,0625; 0,0625; 180,6086956521739; 0,118821524
3328; 0,0625; 0,0625; 184,2173913043478; 0,12119566
3329; 0,0625; 0,0625; 184,17391304347825; 0,12116705
3330; 0,0625; 0,0625; 184,1304347826087; 0,12113846
3331; 0,0625; 0,0625; 183,15217391304347; 0,12049485
3332; 0,0625; 0,0625; 184,0; 0,121052645
3333; 0,0625; 0,0625; 184,43478260869566; 0,1213387
3334; 0,0625; 0,0625; 184,45652173913044; 0,12135299
3335; 0,0625; 0,0625; 184,47826086956522; 0,1213673
3336; 0,0625; 0,0625; 184,08695652173913; 0,12110986
3337; 0,0625; 0,0625; 184,06521739130434; 0,121095546
3338; 0,0625; 0,0625; 183,69565217391303; 0,12085242
3339; 0,0625; 0,0625; 184,47826086956522; 0,1213673
3340; 0,0625; 0,0625; 184,2173913043478; 0,12119569
3341; 0,0625; 0,0625; 183,56521739130434; 0,120766595
3342; 0,0625; 0,0625; 184,06521739130434; 0,12109555
3343; 0,0625; 0,0625; 184,1304347826087; 0,12113847
3344; 0,0625; 0,0625; 184,5; 0,12138158
3345; 0,0625; 0,0625; 184,02173913043478; 0,12106694
3346; 0,0625; 0,0625; 181,04347826086956; 0,11910757
3347; 0,0625; 0,0625; 183,43478260869566; 0,12068079
3348; 0,0625; 0,0625; 184,93478260869566; 0,121667646
3349; 0,0625; 0,0625; 184,1086956521739; 0,121124156
3350; 0,0625; 0,0625; 182,08695652173913; 0,11979405
3351; 0,0625; 0,0625; 184,47826086956522; 0,12136729
3352; 0,0625; 0,0625; 180,7391304347826; 0,11890734
3353; 0,0625; 0,0625; 183,45652173913044; 0,12069511
3354; 0,0625; 0,0625; 184,3695652173913; 0,12129579
3355; 0,0625; 0,0625; 183,8695652173913; 0,12096685
3356; 0,0625; 0,0625; 184,0; 0,121052645
3357; 0,0625; 0,0625; 184,15217391304347; 0,12115275
3358; 0,0625; 0,0625; 182,02173913043478; 0,119751155
3359; 0,0625; 0,0625; 184,6304347826087; 0,1214674
3360; 0,0625; 0,0625; 184,34782608695653; 0,12128148
3361; 0,0625; 0,0625; 184,7826086956522; 0,12156751
3362; 0,0625; 0,0625; 183,56521739130434; 0,120766595
3363; 0,0625; 0,0625; 183,7173913043478; 0,12086672
3364; 0,0625; 0,0625; 184,02173913043478; 0,12106694
3365; 0,0625; 0,0625; 183,97826086956522; 0,12103834
3366; 0,0625; 0,0625; 184,97826086956522; 0,121696234
3367; 0,0625; 0,0625; 184,54347826086956; 0,121410206
3368; 0,0625; 0,0625; 182,3913043478261; 0,1199943
3369; 0,0625; 0,0625; 184,06521739130434; 0,12109556
3370; 0,0625; 0,0625; 183,15217391304347; 0,12049487
3371; 0,0625; 0,0625; 183,82608695652175; 0,12093822
3372; 0,0625; 0,0625; 181,2391304347826; 0,11923629
3373; 0,0625; 0,0625; 184,97826086956522; 0,12169624
3374; 0,0625; 0,0625; 182,6086956521739; 0,12013733
3375; 0,0625; 0,0625; 183,65217391304347; 0,12082381
3376; 0,0625; 0,0625; 184,2608695652174; 0,12122427
3377; 0,0625; 0,0625; 183,2608695652174; 0,12056637
3378; 0,0625; 0,0625; 183,7608695652174; 0,120895326
3379; 0,0625; 0,0625; 183,95652173913044; 0,12102403
3380; 0,0625; 0,0625; 182,30434782608697; 0,119937085
3381; 0,0625; 0,0625; 182,34782608695653; 0,11996569
3382; 0,0625; 0,0625; 182,43478260869566; 0,120022886
3383; 0,0625; 0,0625; 182,7391304347826; 0,12022314
3384; 0,0625; 0,0625; 183,7391304347826; 0,12088103
3385; 0,0625; 0,0625; 184,5; 0,1213816
3386; 0,0625; 0,0625; 183,67391304347825; 0,12083811
3387; 0,0625; 0,0625; 183,3913043478261; 0,12065219
3388; 0,0625; 0,0625; 184,04347826086956; 0,121081255
3389; 0,0625; 0,0625; 184,04347826086956; 0,12108125
3390; 0,0625; 0,0625; 184,56521739130434; 0,12142448
3391; 0,0625; 0,0625; 184,47826086956522; 0,12136729
3392; 0,0625; 0,0625; 182,2391304347826; 0,11989416
3393; 0,0625; 0,0625; 184,3695652173913; 0,12129579
3394; 0,0625; 0,0625; 184,17391304347825; 0,121167056
3395; 0,0625; 0,0625; 183,1086956521739; 0,12046628
3396; 0,0625; 0,0625; 183,02173913043478; 0,120409064
3397; 0,0625; 0,0625; 183,2173913043478; 0,12053778
3398; 0,0625; 0,0625; 184,45652173913044; 0,121352986
3399; 0,0625; 0,0625; 181,58695652173913; 0,11946512
3400; 0,0625; 0,0625; 184,1086956521739; 0,12112414
3401; 0,0625; 0,0625; 183,69565217391303; 0,12085242
3402; 0,0625; 0,0625; 184,2608695652174; 0,12122427
3403; 0,0625; 0,0625; 183,47826086956522; 0,1207094
3404; 0,0625; 0,0625; 184,52173913043478; 0,121395886
3405; 0,0625; 0,0625; 183,8695652173913; 0,120966814
3406; 0,0625; 0,0625; 184,7173913043478; 0,12152462
3407; 0,0625; 0,0625; 182,82608695652175; 0,120280325
3408; 0,0625; 0,0625; 184,0; 0,121052645
3409; 0,0625; 0,0625; 183,45652173913044; 0,12069509
3410; 0,0625; 0,0625; 184,17391304347825; 0,12116705
3411; 0,0625; 0,0625; 184,0; 0,12105266
3412; 0,0625; 0,0625; 183,56521739130434; 0,12076661
3413; 0,0625; 0,0625; 184,04347826086956; 0,12108125
3414; 0,0625; 0,0625; 184,47826086956522; 0,1213673
3415; 0,0625; 0,0625; 183,45652173913044; 0,12069511
3416; 0,0625; 0,0625; 184,34782608695653; 0,12128149
3417; 0,0625; 0,0625; 182,7173913043478; 0,12020882
3418; 0,0625; 0,0625; 184,6086956521739; 0,1214531
3419; 0,0625; 0,0625; 184,95652173913044; 0,121681936
3420; 0,0625; 0,0625; 184,34782608695653; 0,12128148
3421; 0,0625; 0,0625; 183,95652173913044; 0,12102406
3422; 0,0625; 0,0625; 184,2826086956522; 0,12123855
3423; 0,0625; 0,0625; 183,93478260869566; 0,12100972
3424; 0,0625; 0,0625; 184,19565217391303; 0,12118136
3425; 0,0625; 0,0625; 182,97826086956522; 0,12038045
3426; 0,0625; 0,0625; 182,7391304347826; 0,12022314
3427; 0,0625; 0,0625; 183,67391304347825; 0,12083811
3428; 0,0625; 0,0625; 183,6304347826087; 0,120809525
3429; 0,0625; 0,0625; 184,8695652173913; 0,12162473
3430; 0,0625; 0,0625; 183,15217391304347; 0,12049487
3431; 0,0625; 0,0625; 183,91304347826087; 0,12099544
3432; 0,0625; 0,0625; 184,08695652173913; 0,12110986
3433; 0,0625; 0,0625; 184,0; 0,12105264
3434; 0,0625; 0,0625; 182,97826086956522; 0,12038045
3435; 0,0625; 0,0625; 184,2826086956522; 0,121238574
3436; 0,0625; 0,0625; 184,34782608695653; 0,12128148
3437; 0,0625; 0,0625; 182,3695652173913; 0,119979985
3438; 0,0625; 0,0625; 184,15217391304347; 0,12115277
3439; 0,0625; 0,0625; 183,84782608695653; 0,12095253
3440; 0,0625; 0,0625; 183,82608695652175; 0,12093823
3441; 0,0625; 0,0625; 184,04347826086956; 0,121081255
3442; 0,0625; 0,0625; 186,3913043478261; 0,12262587
3443; 0,0625; 0,0625; 184,3913043478261; 0,12131009
3444; 0,0625; 0,0625; 183,7608695652174; 0,120895326
3445; 0,0625; 0,0625; 183,02173913043478; 0,120409034
3446; 0,0625; 0,0625; 183,7391304347826; 0,12088102
3447; 0,0625; 0,0625; 184,52173913043478; 0,121395886
3448; 0,0625; 0,0625; 181,52173913043478; 0,119422205
3449; 0,0625; 0,0625; 184,58695652173913; 0,121438816
3450; 0,0625; 0,0625; 184,47826086956522; 0,1213673
3451; 0,0625; 0,0625; 182,65217391304347; 0,12016592
3452; 0,0625; 0,0625; 184,3695652173913; 0,121295765
3453; 0,0625; 0,0625; 182,3695652173913; 0,119979985
3454; 0,0625; 0,0625; 184,54347826086956; 0,12141019
3455; 0,0625; 0,0625; 182,7391304347826; 0,12022313
3456; 0,0625; 0,0625; 184,02173913043478; 0,121066935
3457; 0,0625; 0,0625; 184,97826086956522; 0,121696234
3458; 0,0625; 0,0625; 182,95652173913044; 0,12036615
3459; 0,0625; 0,0625; 184,0; 0,12105264
3460; 0,0625; 0,0625; 184,2826086956522; 0,121238574
3461; 0,0625; 0,0625; 184,2608695652174; 0,12122427
3462; 0,0625; 0,0625; 184,7826086956522; 0,12156754
3463; 0,0625; 0,0625; 182,7391304347826; 0,12022312
3464; 0,0625; 0,0625; 184,3913043478261; 0,12131008
3465; 0,0625; 0,0625; 182,8695652173913; 0,120308936
3466; 0,0625; 0,0625; 184,2173913043478; 0,12119566
3467; 0,0625; 0,0625; 183,6086956521739; 0,120795205
3468; 0,0625; 0,0625; 183,58695652173913; 0,120780915
3469; 0,0625; 0,0625; 184,19565217391303; 0,12118136
3470; 0,0625; 0,0625; 184,67391304347825; 0,12149601
3471; 0,0625; 0,0625; 183,3913043478261; 0,12065218
3472; 0,0625; 0,0625; 184,2826086956522; 0,121238574
3473; 0,0625; 0,0625; 182,8913043478261; 0,12032324
3474; 0,0625; 0,0625; 184,43478260869566; 0,12133869
3475; 0,0625; 0,0625; 183,19565217391303; 0,12052346
3476; 0,0625; 0,0625; 183,7173913043478; 0,12086672
3477; 0,0625; 0,0625; 180,19565217391303; 0,11854977
3478; 0,0625; 0,0625; 184,15217391304347; 0,12115277
3479; 0,0625; 0,0625; 184,08695652173913; 0,12110985
3480; 0,0625; 0,0625; 185,47826086956522; 0,12202519
3481; 0,0625; 0,0625; 184,04347826086956; 0,121081255
3482; 0,0625; 0,0625; 184,47826086956522; 0,1213673
3483; 0,0625; 0,0625; 184,45652173913044; 0,121352986
3484; 0,0625; 0,0625; 182,34782608695653; 0,119965695
3485; 0,0625; 0,0625; 183,04347826086956; 0,12042336
3486; 0,0625; 0,0625; 183,54347826086956; 0,12075231
3487; 0,0625; 0,0625; 182,84782608695653; 0,12029463
3488; 0,0625; 0,0625; 184,06521739130434; 0,121095546
3489; 0,0625; 0,0625; 183,97826086956522; 0,121038355
3490; 0,0625; 0,0625; 182,2391304347826; 0,11989416
3491; 0,0625; 0,0625; 184,2826086956522; 0,121238574
3492; 0,0625; 0,0625; 183,6304347826087; 0,12080951
3493; 0,0625; 0,0625; 183,67391304347825; 0,12083811
3494; 0,0625; 0,0625; 184,2391304347826; 0,12120997
3495; 0,0625; 0,0625; 184,5; 0,121381596
3496; 0,0625; 0,0625; 184,6304347826087; 0,12146741
3497; 0,0625; 0,0625; 185,43478260869566; 0,12199658
3498; 0,0625; 0,0625; 182,34782608695653; 0,11996569
3499; 0,0625; 0,0625; 181,52173913043478; 0,1194222
3500; 0,0625; 0,0625; 184,54347826086956; 0,121410206
3501; 0,0625; 0,0625; 182,91304347826087; 0,12033754
3502; 0,0625; 0,0625; 183,2826086956522; 0,120580666
3503; 0,0625; 0,0625; 183,80434782608697; 0,12092394
3504; 0,0625; 0,0625; 184,04347826086956; 0,12108124
3505; 0,0625; 0,0625; 184,0; 0,12105264
3506; 0,0625; 0,0625; 182,7608695652174; 0,12023741
3507; 0,0625; 0,0625; 186,08695652173913; 0,12242565
3508; 0,0625; 0,0625; 183,56521739130434; 0,12076662
3509; 0,0625; 0,0625; 183,32608695652175; 0,120609276
3510; 0,0625; 0,0625; 184,80434782608697; 0,12158182
3511; 0,0625; 0,0625; 182,67391304347825; 0,120180234
3512; 0,0625; 0,0625; 183,1086956521739; 0,120466255
3513; 0,0625; 0,0625; 184,3695652173913; 0,12129579
3514; 0,0625; 0,0625; 182,84782608695653; 0,12029463
3515; 0,0625; 0,0625; 184,91304347826087; 0,12165334
3516; 0,0625; 0,0625; 182,08695652173913; 0,119794086
3517; 0,0625; 0,0625; 183,8913043478261; 0,12098112
3518; 0,0625; 0,0625; 183,47826086956522; 0,12070941
3519; 0,0625; 0,0625; 183,7173913043478; 0,12086673
3520; 0,0625; 0,0625; 183,54347826086956; 0,120752305
3521; 0,0625; 0,0625; 183,6304347826087; 0,12080951
3522; 0,0625; 0,0625; 182,67391304347825; 0,12018021
3523; 0,0625; 0,0625; 184,7391304347826; 0,12153893
3524; 0,0625; 0,0625; 183,34782608695653; 0,12062359
3525; 0,0625; 0,0625; 183,32608695652175; 0,12060928
3526; 0,0625; 0,0625; 181,45652173913044; 0,11937931
3527; 0,0625; 0,0625; 184,1086956521739; 0,12112416
3528; 0,0625; 0,0625; 182,80434782608697; 0,120266035
3529; 0,0625; 0,0625; 183,52173913043478; 0,120738
3530; 0,0625; 0,0625; 185,32608695652175; 0,12192507
3531; 0,0625; 0,0625; 182,8695652173913; 0,12030895
3532; 0,0625; 0,0625; 184,32608695652175; 0,12126718
3533; 0,0625; 0,0625; 183,43478260869566; 0,12068079
3534; 0,0625; 0,0625; 183,7173913043478; 0,120866716
3535; 0,0625; 0,0625; 182,84782608695653; 0,12029463
3536; 0,0625; 0,0625; 185,30434782608697; 0,12191079
3537; 0,0625; 0,0625; 182,8913043478261; 0,12032324
3538; 0,0625; 0,0625; 184,3913043478261; 0,12131009
3539; 0,0625; 0,0625; 181,8695652173913; 0,11965103
3540; 0,0625; 0,0625; 184,97826086956522; 0,121696234
3541; 0,0625; 0,0625; 184,52173913043478; 0,1213959
3542; 0,0625; 0,0625; 184,08695652173913; 0,12110986
3543; 0,0625; 0,0625; 182,47826086956522; 0,12005151
3544; 0,0625; 0,0625; 185,1304347826087; 0,12179636
3545; 0,0625; 0,0625; 183,69565217391303; 0,12085242
3546; 0,0625; 0,0625; 183,8913043478261; 0,12098114
3547; 0,0625; 0,0625; 184,54347826086956; 0,121410206
3548; 0,0625; 0,0625; 183,3695652173913; 0,120637886
3549; 0,0625; 0,0625; 184,04347826086956; 0,12108124
3550; 0,0625; 0,0625; 184,1086956521739; 0,12112416
3551; 0,0625; 0,0625; 183,7173913043478; 0,1208667
3552; 0,0625; 0,0625; 183,08695652173913; 0,12045195
3553; 0,0625; 0,0625; 184,2173913043478; 0,12119567
3554; 0,0625; 0,0625; 184,0; 0,121052645
3555; 0,0625; 0,0625; 183,97826086956522; 0,121038355
3556; 0,0625; 0,0625; 183,82608695652175; 0,12093824
3557; 0,0625; 0,0625; 185,1086956521739; 0,12178202
3558; 0,0625; 0,0625; 182,3695652173913; 0,119979985
3559; 0,0625; 0,0625; 183,93478260869566; 0,121009745
3560; 0,0625; 0,0625; 185,19565217391303; 0,12183926
3561; 0,0625; 0,0625; 183,7173913043478; 0,12086672
3562; 0,0625; 0,0625; 182,6304347826087; 0,120151624
3563; 0,0625; 0,0625; 184,43478260869566; 0,12133869
3564; 0,0625; 0,0625; 183,82608695652175; 0,12093822
3565; 0,0625; 0,0625; 183,7173913043478; 0,120866716
3566; 0,0625; 0,0625; 182,41304347826087; 0,12000857
3567; 0,0625; 0,0625; 185,32608695652175; 0,12192507
3568; 0,0625; 0,0625; 181,34782608695653; 0,1193078
3569; 0,0625; 0,0625; 181,7608695652174; 0,11957953
3570; 0,0625; 0,0625; 184,6086956521739; 0,1214531
3571; 0,0625; 0,0625; 183,80434782608697; 0,12092394
3572; 0,0625; 0,0625; 184,34782608695653; 0,12128148
3573; 0,0625; 0,0625; 184,41304347826087; 0,1213244
3574; 0,0625; 0,0625; 184,7391304347826; 0,12153892
3575; 0,0625; 0,0625; 182,84782608695653; 0,120294645
3576; 0,0625; 0,0625; 184,32608695652175; 0,12126718
3577; 0,0625; 0,0625; 182,3695652173913; 0,119979985
3578; 0,0625; 0,0625; 184,56521739130434; 0,121424496
3579; 0,0625; 0,0625; 183,65217391304347; 0,120823815
3580; 0,0625; 0,0625; 184,45652173913044; 0,121352986
3581; 0,0625; 0,0625; 183,0; 0,12039476
3582; 0,0625; 0,0625; 183,06521739130434; 0,12043767
3583; 0,0625; 0,0625; 184,1304347826087; 0,12113846
3584; 0,0625; 0,0625; 184,02173913043478; 0,12106695
3585; 0,0625; 0,0625; 183,91304347826087; 0,12099544
3586; 0,0625; 0,0625; 183,1304347826087; 0,12048056
3587; 0,0625; 0,0625; 184,5; 0,121381596
3588; 0,0625; 0,0625; 184,52173913043478; 0,12139588
3589; 0,0625; 0,0625; 182,45652173913044; 0,12003719
3590; 0,0625; 0,0625; 184,67391304347825; 0,12149601
3591; 0,0625; 0,0625; 183,93478260869566; 0,12100975
3592; 0,0625; 0,0625; 184,91304347826087; 0,121653326
3593; 0,0625; 0,0625; 182,15217391304347; 0,11983697
3594; 0,0625; 0,0625; 184,43478260869566; 0,12133869
3595; 0,0625; 0,0625; 182,43478260869566; 0,120022886
3596; 0,0625; 0,0625; 184,19565217391303; 0,12118136
3597; 0,0625; 0,0625; 184,2608695652174; 0,12122427
3598; 0,0625; 0,0625; 184,2608695652174; 0,12122427
3599; 0,0625; 0,0625; 184,56521739130434; 0,121424496
3600; 0,0625; 0,0625; 183,3913043478261; 0,12065218
3601; 0,0625; 0,0625; 183,6086956521739; 0,1207952
3602; 0,0625; 0,0625; 184,6304347826087; 0,12146741
3603; 0,0625; 0,0625; 184,19565217391303; 0,121181354
3604; 0,0625; 0,0625; 185,58695652173913; 0,1220967
3605; 0,0625; 0,0625; 184,3913043478261; 0,12131007
3606; 0,0625; 0,0625; 183,6086956521739; 0,120795205
3607; 0,0625; 0,0625; 185,06521739130434; 0,12175346
3608; 0,0625; 0,0625; 183,15217391304347; 0,12049487
3609; 0,0625; 0,0625; 184,80434782608697; 0,12158184
3610; 0,0625; 0,0625; 183,2608695652174; 0,12056639
3611; 0,0625; 0,0625; 184,08695652173913; 0,12110986
3612; 0,0625; 0,0625; 183,19565217391303; 0,12052346
3613; 0,0625; 0,0625; 182,84782608695653; 0,120294645
3614; 0,0625; 0,0625; 183,45652173913044; 0,120695084
3615; 0,0625; 0,0625; 183,65217391304347; 0,12082381
3616; 0,0625; 0,0625; 183,69565217391303; 0,12085241
3617; 0,0625; 0,0625; 184,1304347826087; 0,12113846
3618; 0,0625; 0,0625; 182,47826086956522; 0,120051496
3619; 0,0625; 0,0625; 183,47826086956522; 0,12070939
3620; 0,0625; 0,0625; 183,7608695652174; 0,12089531
3621; 0,0625; 0,0625; 182,2391304347826; 0,11989419
3622; 0,0625; 0,0625; 185,2826086956522; 0,121896476
3623; 0,0625; 0,0625; 184,7608695652174; 0,12155323
3624; 0,0625; 0,0625; 184,6304347826087; 0,121467404
3625; 0,0625; 0,0625; 184,1304347826087; 0,12113846
3626; 0,0625; 0,0625; 182,45652173913044; 0,12003719
3627; 0,0625; 0,0625; 184,06521739130434; 0,12109555
3628; 0,0625; 0,0625; 183,2391304347826; 0,12055206
3629; 0,0625; 0,0625; 183,69565217391303; 0,120852426
3630; 0,0625; 0,0625; 185,52173913043478; 0,12205378
3631; 0,0625; 0,0625; 184,6304347826087; 0,121467404
3632; 0,0625; 0,0625; 183,56521739130434; 0,12076659
3633; 0,0625; 0,0625; 182,7608695652174; 0,120237425
3634; 0,0625; 0,0625; 183,82608695652175; 0,12093822
3635; 0,0625; 0,0625; 184,91304347826087; 0,12165332
3636; 0,0625; 0,0625; 182,91304347826087; 0,12033756
3637; 0,0625; 0,0625; 182,7173913043478; 0,12020882
3638; 0,0625; 0,0625; 183,80434782608697; 0,12092392
3639; 0,0625; 0,0625; 184,06521739130434; 0,12109555
3640; 0,0625; 0,0625; 183,82608695652175; 0,12093824
3641; 0,0625; 0,0625; 182,54347826086956; 0,12009441
3642; 0,0625; 0,0625; 182,04347826086956; 0,11976546
3643; 0,0625; 0,0625; 182,67391304347825; 0,120180234
3644; 0,0625; 0,0625; 184,1086956521739; 0,12112414
3645; 0,0625; 0,0625; 182,7391304347826; 0,12022312
3646; 0,0625; 0,0625; 183,82608695652175; 0,120938204
3647; 0,0625; 0,0625; 184,6304347826087; 0,121467404
3648; 0,0625; 0,0625; 184,04347826086956; 0,12108125
3649; 0,0625; 0,0625; 183,54347826086956; 0,12075231
3650; 0,0625; 0,0625; 184,0; 0,121052645
3651; 0,0625; 0,0625; 185,95652173913044; 0,12233983
3652; 0,0625; 0,0625; 183,7826086956522; 0,12090963
3653; 0,0625; 0,0625; 185,08695652173913; 0,12176775
3654; 0,0625; 0,0625; 184,95652173913044; 0,121681936
3655; 0,0625; 0,0625; 183,65217391304347; 0,120823815
3656; 0,0625; 0,0625; 183,97826086956522; 0,121038355
3657; 0,0625; 0,0625; 184,7391304347826; 0,12153891
3658; 0,0625; 0,0625; 183,17391304347825; 0,12050918
3659; 0,0625; 0,0625; 183,34782608695653; 0,12062359
3660; 0,0625; 0,0625; 183,3913043478261; 0,12065219
3661; 0,0625; 0,0625; 183,02173913043478; 0,12040904
3662; 0,0625; 0,0625; 184,34782608695653; 0,12128147
3663; 0,0625; 0,0625; 184,08695652173913; 0,12110986
3664; 0,0625; 0,0625; 183,52173913043478; 0,120738
3665; 0,0625; 0,0625; 183,2826086956522; 0,12058068
3666; 0,0625; 0,0625; 183,34782608695653; 0,12062359
3667; 0,0625; 0,0625; 183,97826086956522; 0,12103834
3668; 0,0625; 0,0625; 182,67391304347825; 0,120180234
3669; 0,0625; 0,0625; 184,32608695652175; 0,12126718
3670; 0,0625; 0,0625; 183,5; 0,120723695
3671; 0,0625; 0,0625; 184,5; 0,12138158
3672; 0,0625; 0,0625; 183,2826086956522; 0,12058068
3673; 0,0625; 0,0625; 182,41304347826087; 0,1200086
3674; 0,0625; 0,0625; 184,32608695652175; 0,121267185
3675; 0,0625; 0,0625; 183,84782608695653; 0,120952524
3676; 0,0625; 0,0625; 184,45652173913044; 0,12135299
3677; 0,0625; 0,0625; 183,8695652173913; 0,12096683
3678; 0,0625; 0,0625; 181,32608695652175; 0,11929348
3679; 0,0625; 0,0625; 182,1086956521739; 0,11980836
3680; 0,0625; 0,0625; 182,54347826086956; 0,12009441
3681; 0,0625; 0,0625; 183,8913043478261; 0,12098114
3682; 0,0625; 0,0625; 184,06521739130434; 0,12109555
3683; 0,0625; 0,0625; 185,97826086956522; 0,12235414
3684; 0,0625; 0,0625; 184,34782608695653; 0,12128148
3685; 0,0625; 0,0625; 185,1304347826087; 0,12179637
3686; 0,0625; 0,0625; 184,30434782608697; 0,12125288
3687; 0,0625; 0,0625; 183,67391304347825; 0,12083811
3688; 0,0625; 0,0625; 184,67391304347825; 0,121496014
3689; 0,0625; 0,0625; 184,7391304347826; 0,12153893
3690; 0,0625; 0,0625; 184,43478260869566; 0,12133868
3691; 0,0625; 0,0625; 183,41304347826087; 0,1206665
3692; 0,0625; 0,0625; 183,7173913043478; 0,12086672
3693; 0,0625; 0,0625; 184,6086956521739; 0,1214531
3694; 0,0625; 0,0625; 184,30434782608697; 0,12125289
3695; 0,0625; 0,0625; 183,5; 0,12072368
3696; 0,0625; 0,0625; 183,97826086956522; 0,121038355
3697; 0,0625; 0,0625; 184,15217391304347; 0,12115274
3698; 0,0625; 0,0625; 183,67391304347825; 0,12083811
3699; 0,0625; 0,0625; 184,02173913043478; 0,121066965
3700; 0,0625; 0,0625; 183,2391304347826; 0,120552085
3701; 0,0625; 0,0625; 183,84782608695653; 0,12095253
3702; 0,0625; 0,0625; 181,7608695652174; 0,119579524
3703; 0,0625; 0,0625; 185,7173913043478; 0,122182526
3704; 0,0625; 0,0625; 183,0; 0,12039476
3705; 0,0625; 0,0625; 184,2391304347826; 0,12120997
3706; 0,0625; 0,0625; 184,06521739130434; 0,12109556
3707; 0,0625; 0,0625; 185,02173913043478; 0,12172487
3708; 0,0625; 0,0625; 182,67391304347825; 0,12018021
3709; 0,0625; 0,0625; 184,32608695652175; 0,121267185
3710; 0,0625; 0,0625; 183,2608695652174; 0,120566376
3711; 0,0625; 0,0625; 184,8695652173913; 0,12162473
3712; 0,0625; 0,0625; 183,84782608695653; 0,120952524
3713; 0,0625; 0,0625; 184,65217391304347; 0,12148172
3714; 0,0625; 0,0625; 183,7608695652174; 0,120895326
3715; 0,0625; 0,0625; 184,2173913043478; 0,12119566
3716; 0,0625; 0,0625; 182,93478260869566; 0,12035184
3717; 0,0625; 0,0625; 183,8695652173913; 0,12096683
3718; 0,0625; 0,0625; 184,7608695652174; 0,12155321
3719; 0,0625; 0,0625; 182,6304347826087; 0,120151624
3720; 0,0625; 0,0625; 182,2608695652174; 0,119908474
3721; 0,0625; 0,0625; 183,41304347826087; 0,1206665
3722; 0,0625; 0,0625; 185,04347826086956; 0,12173916
3723; 0,0625; 0,0625; 184,45652173913044; 0,12135299
3724; 0,0625; 0,0625; 184,43478260869566; 0,12133868
3725; 0,0625; 0,0625; 184,15217391304347; 0,12115277
3726; 0,0625; 0,0625; 184,08695652173913; 0,121109836
3727; 0,0625; 0,0625; 184,56521739130434; 0,121424496
3728; 0,0625; 0,0625; 182,34782608695653; 0,11996569
3729; 0,0625; 0,0625; 183,58695652173913; 0,12078089
3730; 0,0625; 0,0625; 184,06521739130434; 0,12109555
3731; 0,0625; 0,0625; 184,47826086956522; 0,12136729
3732; 0,0625; 0,0625; 183,56521739130434; 0,12076659
3733; 0,0625; 0,0625; 182,56521739130434; 0,12010871
3734; 0,0625; 0,0625; 184,1304347826087; 0,12113846
3735; 0,0625; 0,0625; 184,04347826086956; 0,12108125
3736; 0,0625; 0,0625; 183,56521739130434; 0,12076661
3737; 0,0625; 0,0625; 184,1304347826087; 0,12113846
3738; 0,0625; 0,0625; 183,7826086956522; 0,12090963
3739; 0,0625; 0,0625; 184,93478260869566; 0,12166763
3740; 0,0625; 0,0625; 183,45652173913044; 0,12069509
3741; 0,0625; 0,0625; 183,93478260869566; 0,12100973
3742; 0,0625; 0,0625; 184,19565217391303; 0,12118136
3743; 0,0625; 0,0625; 183,67391304347825; 0,12083811
3744; 0,0625; 0,0625; 185,06521739130434; 0,121753454
3745; 0,0625; 0,0625; 183,45652173913044; 0,12069511
3746; 0,0625; 0,0625; 182,5; 0,1200658
3747; 0,0625; 0,0625; 184,65217391304347; 0,1214817
3748; 0,0625; 0,0625; 182,7391304347826; 0,12022314
3749; 0,0625; 0,0625; 182,02173913043478; 0,11975114
3750; 0,0625; 0,0625; 181,32608695652175; 0,11929348
3751; 0,0625; 0,0625; 184,2173913043478; 0,12119568
3752; 0,0625; 0,0625; 180,54347826086956; 0,11877861
3753; 0,0625; 0,0625; 183,2173913043478; 0,12053776
3754; 0,0625; 0,0625; 185,41304347826087; 0,12198226
3755; 0,0625; 0,0625; 183,47826086956522; 0,12070939
3756; 0,0625; 0,0625; 182,2608695652174; 0,11990849
3757; 0,0625; 0,0625; 183,69565217391303; 0,12085242
3758; 0,0625; 0,0625; 182,82608695652175; 0,12028034
3759; 0,0625; 0,0625; 183,91304347826087; 0,12099544
3760; 0,0625; 0,0625; 184,17391304347825; 0,121167056
3761; 0,0625; 0,0625; 181,04347826086956; 0,11910757
3762; 0,0625; 0,0625; 184,52173913043478; 0,1213959
3763; 0,0625; 0,0625; 184,43478260869566; 0,12133869
3764; 0,0625; 0,0625; 183,08695652173913; 0,12045195
3765; 0,0625; 0,0625; 183,5; 0,1207237
3766; 0,0625; 0,0625; 182,43478260869566; 0,1200229
3767; 0,0625; 0,0625; 184,2391304347826; 0,121209964
3768; 0,0625; 0,0625; 184,02173913043478; 0,12106695
3769; 0,0625; 0,0625; 184,52173913043478; 0,12139591
3770; 0,0625; 0,0625; 183,7173913043478; 0,120866716
3771; 0,0625; 0,0625; 183,84782608695653; 0,12095253
3772; 0,0625; 0,0625; 184,1304347826087; 0,12113847
3773; 0,0625; 0,0625; 184,0; 0,12105264
3774; 0,0625; 0,0625; 182,91304347826087; 0,12033754
3775; 0,0625; 0,0625; 183,69565217391303; 0,12085242
3776; 0,0625; 0,0625; 184,2608695652174; 0,12122428
3777; 0,0625; 0,0625; 184,15217391304347; 0,121152766
3778; 0,0625; 0,0625; 184,43478260869566; 0,1213387
3779; 0,0625; 0,0625; 182,1304347826087; 0,119822666
3780; 0,0625; 0,0625; 184,5; 0,1213816
3781; 0,0625; 0,0625; 183,47826086956522; 0,12070941
3782; 0,0625; 0,0625; 184,41304347826087; 0,12132438
3783; 0,0625; 0,0625; 183,08695652173913; 0,12045196
3784; 0,0625; 0,0625; 183,54347826086956; 0,120752305
3785; 0,0625; 0,0625; 182,7173913043478; 0,12020882
3786; 0,0625; 0,0625; 185,1086956521739; 0,121782035
3787; 0,0625; 0,0625; 183,93478260869566; 0,121009745
3788; 0,0625; 0,0625; 182,2826086956522; 0,11992278
3789; 0,0625; 0,0625; 184,3913043478261; 0,12131009
3790; 0,0625; 0,0625; 184,17391304347825; 0,12116707
3791; 0,0625; 0,0625; 181,41304347826087; 0,119350694
3792; 0,0625; 0,0625; 185,3695652173913; 0,121953666
3793; 0,0625; 0,0625; 184,43478260869566; 0,12133869
3794; 0,0625; 0,0625; 184,8695652173913; 0,121624716
3795; 0,0625; 0,0625; 183,65217391304347; 0,12082381
3796; 0,0625; 0,0625; 183,52173913043478; 0,120737985
3797; 0,0625; 0,0625; 183,2826086956522; 0,12058067
3798; 0,0625; 0,0625; 184,06521739130434; 0,12109555
3799; 0,0625; 0,0625; 183,69565217391303; 0,12085244
3800; 0,0625; 0,0625; 185,06521739130434; 0,121753454
3801; 0,0625; 0,0625; 184,65217391304347; 0,12148172
3802; 0,0625; 0,0625; 184,0; 0,121052645
3803; 0,0625; 0,0625; 181,7826086956522; 0,11959384
3804; 0,0625; 0,0625; 183,84782608695653; 0,120952524
3805; 0,0625; 0,0625; 184,56521739130434; 0,121424496
3806; 0,0625; 0,0625; 183,69565217391303; 0,120852426
3807; 0,0625; 0,0625; 183,84782608695653; 0,12095253
3808; 0,0625; 0,0625; 184,3913043478261; 0,12131008
3809; 0,0625; 0,0625; 183,5; 0,120723695
3810; 0,0625; 0,0625; 182,47826086956522; 0,12005149
3811; 0,0625; 0,0625; 183,82608695652175; 0,12093823
3812; 0,0625; 0,0625; 182,6304347826087; 0,12015162
3813; 0,0625; 0,0625; 184,80434782608697; 0,121581815
3814; 0,0625; 0,0625; 183,54347826086956; 0,120752305
3815; 0,0625; 0,0625; 183,34782608695653; 0,12062359
3816; 0,0625; 0,0625; 183,15217391304347; 0,12049487
3817; 0,0625; 0,0625; 184,06521739130434; 0,12109555
3818; 0,0625; 0,0625; 183,95652173913044; 0,121024035
3819; 0,0625; 0,0625; 182,7608695652174; 0,12023745
3820; 0,0625; 0,0625; 183,8913043478261; 0,120981134
3821; 0,0625; 0,0625; 183,15217391304347; 0,12049485
3822; 0,0625; 0,0625; 183,47826086956522; 0,1207094
3823; 0,0625; 0,0625; 182,84782608695653; 0,12029463
3824; 0,0625; 0,0625; 184,2608695652174; 0,12122427
3825; 0,0625; 0,0625; 184,06521739130434; 0,12109555
3826; 0,0625; 0,0625; 183,7608695652174; 0,120895326
3827; 0,0625; 0,0625; 183,7608695652174; 0,12089531
3828; 0,0625; 0,0625; 182,97826086956522; 0,120380454
3829; 0,0625; 0,0625; 182,58695652173913; 0,12012301
3830; 0,0625; 0,0625; 184,6304347826087; 0,121467404
3831; 0,0625; 0,0625; 184,19565217391303; 0,12118136
3832; 0,0625; 0,0625; 184,69565217391303; 0,12151031
3833; 0,0625; 0,0625; 182,69565217391303; 0,12019453
3834; 0,0625; 0,0625; 183,56521739130434; 0,12076662
3835; 0,0625; 0,0625; 183,04347826086956; 0,12042335
3836; 0,0625; 0,0625; 183,8913043478261; 0,120981134
3837; 0,0625; 0,0625; 184,19565217391303; 0,12118138
3838; 0,0625; 0,0625; 182,52173913043478; 0,1200801
3839; 0,0625; 0,0625; 183,1304347826087; 0,12048057
3840; 0,0625; 0,0625; 182,84782608695653; 0,12029462
3841; 0,0625; 0,0625; 183,67391304347825; 0,12083811
3842; 0,0625; 0,0625; 183,2826086956522; 0,12058067
3843; 0,0625; 0,0625; 183,8913043478261; 0,120981134
3844; 0,0625; 0,0625; 185,54347826086956; 0,12206811
3845; 0,0625; 0,0625; 183,91304347826087; 0,12099544
3846; 0,0625; 0,0625; 183,58695652173913; 0,120780915
3847; 0,0625; 0,0625; 182,32608695652175; 0,119951405
3848; 0,0625; 0,0625; 180,97826086956522; 0,11906467
3849; 0,0625; 0,0625; 182,30434782608697; 0,1199371
3850; 0,0625; 0,0625; 183,7173913043478; 0,120866716
3851; 0,0625; 0,0625; 184,82608695652175; 0,12159612
3852; 0,0625; 0,0625; 181,56521739130434; 0,119450815
3853; 0,0625; 0,0625; 184,04347826086956; 0,12108125
3854; 0,0625; 0,0625; 184,04347826086956; 0,12108125
3855; 0,0625; 0,0625; 184,08695652173913; 0,121109836
3856; 0,0625; 0,0625; 184,45652173913044; 0,12135299
3857; 0,0625; 0,0625; 184,1086956521739; 0,12112414
3858; 0,0625; 0,0625; 184,5; 0,12138158
3859; 0,0625; 0,0625; 183,2608695652174; 0,120566376
3860; 0,0625; 0,0625; 183,08695652173913; 0,12045196
3861; 0,0625; 0,0625; 182,6086956521739; 0,1201373
3862; 0,0625; 0,0625; 182,7391304347826; 0,12022312
3863; 0,0625; 0,0625; 184,32608695652175; 0,121267185
3864; 0,0625; 0,0625; 183,2608695652174; 0,120566376
3865; 0,0625; 0,0625; 184,2391304347826; 0,121209964
3866; 0,0625; 0,0625; 184,43478260869566; 0,12133869
3867; 0,0625; 0,0625; 183,1086956521739; 0,12046626
3868; 0,0625; 0,0625; 184,2608695652174; 0,12122427
3869; 0,0625; 0,0625; 184,43478260869566; 0,12133869
3870; 0,0625; 0,0625; 184,2608695652174; 0,12122426
3871; 0,0625; 0,0625; 184,0; 0,121052645
3872; 0,0625; 0,0625; 184,04347826086956; 0,121081255
3873; 0,0625; 0,0625; 185,06521739130434; 0,12175345
3874; 0,0625; 0,0625; 183,6086956521739; 0,12079522
3875; 0,0625; 0,0625; 184,06521739130434; 0,12109555
3876; 0,0625; 0,0625; 185,45652173913044; 0,122010894
3877; 0,0625; 0,0625; 183,1086956521739; 0,12046626
3878; 0,0625; 0,0625; 183,52173913043478; 0,12073801
3879; 0,0625; 0,0625; 182,65217391304347; 0,12016592
3880; 0,0625; 0,0625; 183,52173913043478; 0,120737985
3881; 0,0625; 0,0625; 184,04347826086956; 0,121081255
3882; 0,0625; 0,0625; 184,1086956521739; 0,121124156
3883; 0,0625; 0,0625; 182,54347826086956; 0,12009441
3884; 0,0625; 0,0625; 183,67391304347825; 0,12083812
3885; 0,0625; 0,0625; 183,7826086956522; 0,12090963
3886; 0,0625; 0,0625; 183,15217391304347; 0,120494865
3887; 0,0625; 0,0625; 183,58695652173913; 0,120780915
3888; 0,0625; 0,0625; 184,7391304347826; 0,1215389
3889; 0,0625; 0,0625; 184,02173913043478; 0,12106695
3890; 0,0625; 0,0625; 183,17391304347825; 0,12050917
3891; 0,0625; 0,0625; 183,7173913043478; 0,12086672
3892; 0,0625; 0,0625; 184,47826086956522; 0,12136729
3893; 0,0625; 0,0625; 182,7826086956522; 0,12025174
3894; 0,0625; 0,0625; 183,7173913043478; 0,12086673
3895; 0,0625; 0,0625; 182,8913043478261; 0,12032324
3896; 0,0625; 0,0625; 183,5; 0,120723695
3897; 0,0625; 0,0625; 183,5; 0,1207237
3898; 0,0625; 0,0625; 183,6304347826087; 0,12080951
3899; 0,0625; 0,0625; 184,52173913043478; 0,1213959
3900; 0,0625; 0,0625; 184,02173913043478; 0,121066965
3901; 0,0625; 0,0625; 184,04347826086956; 0,12108125
3902; 0,0625; 0,0625; 183,6304347826087; 0,12080953
3903; 0,0625; 0,0625; 182,1086956521739; 0,11980836
3904; 0,0625; 0,0625; 183,69565217391303; 0,120852426
3905; 0,0625; 0,0625; 184,0; 0,12105263
3906; 0,0625; 0,0625; 182,34782608695653; 0,11996569
3907; 0,0625; 0,0625; 184,04347826086956; 0,121081255
3908; 0,0625; 0,0625; 183,47826086956522; 0,1207094
3909; 0,0625; 0,0625; 182,30434782608697; 0,11993708
3910; 0,0625; 0,0625; 184,1086956521739; 0,12112414
3911; 0,0625; 0,0625; 183,8913043478261; 0,120981134
3912; 0,0625; 0,0625; 184,43478260869566; 0,1213387
3913; 0,0625; 0,0625; 184,84782608695653; 0,12161043
3914; 0,0625; 0,0625; 183,3913043478261; 0,1206522
3915; 0,0625; 0,0625; 182,34782608695653; 0,119965695
3916; 0,0625; 0,0625; 183,2608695652174; 0,12056637
3917; 0,0625; 0,0625; 184,2173913043478; 0,12119566
3918; 0,0625; 0,0625; 184,91304347826087; 0,121653326
3919; 0,0625; 0,0625; 184,34782608695653; 0,12128147
3920; 0,0625; 0,0625; 180,93478260869566; 0,11903607
3921; 0,0625; 0,0625; 183,1086956521739; 0,120466255
3922; 0,0625; 0,0625; 183,5; 0,1207237
3923; 0,0625; 0,0625; 184,56521739130434; 0,12142449
3924; 0,0625; 0,0625; 182,58695652173913; 0,12012301
3925; 0,0625; 0,0625; 184,56521739130434; 0,12142451
3926; 0,0625; 0,0625; 183,54347826086956; 0,120752305
3927; 0,0625; 0,0625; 185,67391304347825; 0,1221539
3928; 0,0625; 0,0625; 183,54347826086956; 0,12075231
3929; 0,0625; 0,0625; 183,7391304347826; 0,120881006
3930; 0,0625; 0,0625; 181,45652173913044; 0,119379304
3931; 0,0625; 0,0625; 183,41304347826087; 0,1206665
3932; 0,0625; 0,0625; 183,8913043478261; 0,12098114
3933; 0,0625; 0,0625; 184,2173913043478; 0,12119568
3934; 0,0625; 0,0625; 184,52173913043478; 0,12139591
3935; 0,0625; 0,0625; 184,5; 0,1213816
3936; 0,0625; 0,0625; 184,6086956521739; 0,1214531
3937; 0,0625; 0,0625; 185,52173913043478; 0,12205381
3938; 0,0625; 0,0625; 183,32608695652175; 0,12060928
3939; 0,0625; 0,0625; 183,5; 0,1207237
3940; 0,0625; 0,0625; 183,5; 0,12072372
3941; 0,0625; 0,0625; 180,45652173913044; 0,11872141
3942; 0,0625; 0,0625; 183,7826086956522; 0,12090963
3943; 0,0625; 0,0625; 184,2391304347826; 0,121209964
3944; 0,0625; 0,0625; 183,69565217391303; 0,12085242
3945; 0,0625; 0,0625; 184,6086956521739; 0,12145311
3946; 0,0625; 0,0625; 184,02173913043478; 0,12106694
3947; 0,0625; 0,0625; 185,0; 0,12171054
3948; 0,0625; 0,0625; 182,97826086956522; 0,12038045
3949; 0,0625; 0,0625; 184,34782608695653; 0,12128148
3950; 0,0625; 0,0625; 182,52173913043478; 0,12008012
3951; 0,0625; 0,0625; 184,1304347826087; 0,12113846
3952; 0,0625; 0,0625; 182,7826086956522; 0,12025174
3953; 0,0625; 0,0625; 184,04347826086956; 0,12108124
3954; 0,0625; 0,0625; 183,17391304347825; 0,12050917
3955; 0,0625; 0,0625; 184,2826086956522; 0,12123857
3956; 0,0625; 0,0625; 184,2608695652174; 0,12122426
3957; 0,0625; 0,0625; 184,0; 0,121052645
3958; 0,0625; 0,0625; 184,52173913043478; 0,1213959
3959; 0,0625; 0,0625; 182,95652173913044; 0,12036615
3960; 0,0625; 0,0625; 182,54347826086956; 0,120094426
3961; 0,0625; 0,0625; 184,58695652173913; 0,121438794
3962; 0,0625; 0,0625; 183,8695652173913; 0,12096684
3963; 0,0625; 0,0625; 183,80434782608697; 0,120923944
3964; 0,0625; 0,0625; 184,56521739130434; 0,12142451
3965; 0,0625; 0,0625; 184,17391304347825; 0,121167056
3966; 0,0625; 0,0625; 183,30434782608697; 0,12059498
3967; 0,0625; 0,0625; 183,8695652173913; 0,12096683
3968; 0,0625; 0,0625; 182,7608695652174; 0,120237425
3969; 0,0625; 0,0625; 183,91304347826087; 0,120995425
3970; 0,0625; 0,0625; 182,58695652173913; 0,12012302
3971; 0,0625; 0,0625; 184,1304347826087; 0,12113846
3972; 0,0625; 0,0625; 183,80434782608697; 0,120923944
3973; 0,0625; 0,0625; 182,58695652173913; 0,12012301
3974; 0,0625; 0,0625; 183,91304347826087; 0,12099544
3975; 0,0625; 0,0625; 184,04347826086956; 0,12108124
3976; 0,0625; 0,0625; 183,84782608695653; 0,120952524
3977; 0,0625; 0,0625; 183,7173913043478; 0,120866716
3978; 0,0625; 0,0625; 183,82608695652175; 0,12093823
3979; 0,0625; 0,0625; 184,2173913043478; 0,12119566
3980; 0,0625; 0,0625; 183,91304347826087; 0,12099544
3981; 0,0625; 0,0625; 184,56521739130434; 0,12142449
3982; 0,0625; 0,0625; 183,80434782608697; 0,120923914
3983; 0,0625; 0,0625; 183,58695652173913; 0,120780915
3984; 0,0625; 0,0625; 183,45652173913044; 0,12069511
3985; 0,0625; 0,0625; 183,8913043478261; 0,120981134
3986; 0,0625; 0,0625; 183,6086956521739; 0,1207952
3987; 0,0625; 0,0625; 183,7391304347826; 0,12088102
3988; 0,0625; 0,0625; 184,02173913043478; 0,121066935
3989; 0,0625; 0,0625; 184,3695652173913; 0,121295795
3990; 0,0625; 0,0625; 184,34782608695653; 0,12128148
3991; 0,0625; 0,0625; 183,56521739130434; 0,12076661
3992; 0,0625; 0,0625; 183,52173913043478; 0,120738
3993; 0,0625; 0,0625; 183,7608695652174; 0,12089533
3994; 0,0625; 0,0625; 183,32608695652175; 0,12060928
3995; 0,0625; 0,0625; 182,47826086956522; 0,120051496
3996; 0,0625; 0,0625; 184,69565217391303; 0,12151031
3997; 0,0625; 0,0625; 183,93478260869566; 0,12100973
3998; 0,0625; 0,0625; 184,06521739130434; 0,12109553
3999; 0,0625; 0,0625; 184,54347826086956; 0,12141019
4000; 0,0625; 0,0625; 182,52173913043478; 0,1200801
4001; 0,0625; 0,0625; 182,80434782608697; 0,12026602
4002; 0,0625; 0,0625; 182,6304347826087; 0,12015162
4003; 0,0625; 0,0625; 183,6086956521739; 0,1207952
4004; 0,0625; 0,0625; 184,30434782608697; 0,12125287
4005; 0,0625; 0,0625; 184,5; 0,121381596
4006; 0,0625; 0,0625; 184,7173913043478; 0,1215246
4007; 0,0625; 0,0625; 183,2608695652174; 0,120566376
4008; 0,0625; 0,0625; 182,54347826086956; 0,120094396
4009; 0,0625; 0,0625; 184,32608695652175; 0,121267185
4010; 0,0625; 0,0625; 184,69565217391303; 0,12151031
4011; 0,0625; 0,0625; 184,2391304347826; 0,12120996
4012; 0,0625; 0,0625; 184,80434782608697; 0,12158182
4013; 0,0625; 0,0625; 184,3913043478261; 0,12131008
4014; 0,0625; 0,0625; 184,0; 0,12105263
4015; 0,0625; 0,0625; 184,1086956521739; 0,12112414
4016; 0,0625; 0,0625; 182,43478260869566; 0,120022886
4017; 0,0625; 0,0625; 182,3913043478261; 0,119994305
4018; 0,0625; 0,0625; 184,34782608695653; 0,12128148
4019; 0,0625; 0,0625; 184,3913043478261; 0,12131009
4020; 0,0625; 0,0625; 184,08695652173913; 0,12110986
4021; 0,0625; 0,0625; 183,7826086956522; 0,12090963
4022; 0,0625; 0,0625; 183,91304347826087; 0,12099544
4023; 0,0625; 0,0625; 184,45652173913044; 0,12135299
4024; 0,0625; 0,0625; 183,97826086956522; 0,12103834
4025; 0,0625; 0,0625; 185,0; 0,12171054
4026; 0,0625; 0,0625; 183,3695652173913; 0,120637886
4027; 0,0625; 0,0625; 184,08695652173913; 0,12110986
4028; 0,0625; 0,0625; 184,5; 0,121381596
4029; 0,0625; 0,0625; 183,47826086956522; 0,12070941
4030; 0,0625; 0,0625; 184,2608695652174; 0,12122428
4031; 0,0625; 0,0625; 183,84782608695653; 0,12095255
4032; 0,0625; 0,0625; 184,1086956521739; 0,12112417
4033; 0,0625; 0,0625; 184,30434782608697; 0,12125288
4034; 0,0625; 0,0625; 183,82608695652175; 0,12093823
4035; 0,0625; 0,0625; 184,58695652173913; 0,12143879
4036; 0,0625; 0,0625; 182,6086956521739; 0,12013732
4037; 0,0625; 0,0625; 184,54347826086956; 0,12141019
4038; 0,0625; 0,0625; 182,15217391304347; 0,11983695
4039; 0,0625; 0,0625; 184,2826086956522; 0,12123858
4040; 0,0625; 0,0625; 184,2391304347826; 0,121209964
4041; 0,0625; 0,0625; 183,95652173913044; 0,12102406
4042; 0,0625; 0,0625; 183,97826086956522; 0,121038355
4043; 0,0625; 0,0625; 182,08695652173913; 0,119794056
4044; 0,0625; 0,0625; 184,41304347826087; 0,12132438
4045; 0,0625; 0,0625; 184,5; 0,121381596
4046; 0,0625; 0,0625; 183,45652173913044; 0,12069511
4047; 0,0625; 0,0625; 184,93478260869566; 0,12166763
4048; 0,0625; 0,0625; 181,45652173913044; 0,119379304
4049; 0,0625; 0,0625; 182,3695652173913; 0,119979985
4050; 0,0625; 0,0625; 182,6304347826087; 0,12015162
4051; 0,0625; 0,0625; 183,91304347826087; 0,12099544
4052; 0,0625; 0,0625; 183,43478260869566; 0,12068079
4053; 0,0625; 0,0625; 181,56521739130434; 0,11945083
4054; 0,0625; 0,0625; 184,19565217391303; 0,12118136
4055; 0,0625; 0,0625; 182,3913043478261; 0,11999429
4056; 0,0625; 0,0625; 183,08695652173913; 0,12045197
4057; 0,0625; 0,0625; 184,95652173913044; 0,12168195
4058; 0,0625; 0,0625; 184,47826086956522; 0,12136729
4059; 0,0625; 0,0625; 182,54347826086956; 0,12009441
4060; 0,0625; 0,0625; 183,82608695652175; 0,12093824
4061; 0,0625; 0,0625; 184,43478260869566; 0,12133869
4062; 0,0625; 0,0625; 183,67391304347825; 0,12083812
4063; 0,0625; 0,0625; 185,3695652173913; 0,12195367
4064; 0,0625; 0,0625; 181,47826086956522; 0,11939361
4065; 0,0625; 0,0625; 184,5; 0,121381596
4066; 0,0625; 0,0625; 184,2826086956522; 0,121238574
4067; 0,0625; 0,0625; 184,8913043478261; 0,12163902
4068; 0,0625; 0,0625; 183,65217391304347; 0,12082383
4069; 0,0625; 0,0625; 183,56521739130434; 0,12076661
4070; 0,0625; 0,0625; 183,97826086956522; 0,12103833
4071; 0,0625; 0,0625; 182,56521739130434; 0,12010871
4072; 0,0625; 0,0625; 183,56521739130434; 0,12076661
4073; 0,0625; 0,0625; 183,80434782608697; 0,12092394
4074; 0,0625; 0,0625; 182,32608695652175; 0,11995138
4075; 0,0625; 0,0625; 182,67391304347825; 0,12018021
4076; 0,0625; 0,0625; 184,1304347826087; 0,12113846
4077; 0,0625; 0,0625; 183,6086956521739; 0,120795205
4078; 0,0625; 0,0625; 184,15217391304347; 0,121152766
4079; 0,0625; 0,0625; 184,30434782608697; 0,12125287
4080; 0,0625; 0,0625; 184,2391304347826; 0,12120997
4081; 0,0625; 0,0625; 183,82608695652175; 0,12093822
4082; 0,0625; 0,0625; 184,54347826086956; 0,121410206
4083; 0,0625; 0,0625; 183,30434782608697; 0,120594986
4084; 0,0625; 0,0625; 183,0; 0,12039473
4085; 0,0625; 0,0625; 184,3695652173913; 0,12129577
4086; 0,0625; 0,0625; 182,6086956521739; 0,12013731
4087; 0,0625; 0,0625; 183,65217391304347; 0,1208238
4088; 0,0625; 0,0625; 184,2608695652174; 0,12122427
4089; 0,0625; 0,0625; 184,15217391304347; 0,121152766
4090; 0,0625; 0,0625; 181,2173913043478; 0,11922198
4091; 0,0625; 0,0625; 184,08695652173913; 0,12110986
4092; 0,0625; 0,0625; 184,5; 0,12138158
4093; 0,0625; 0,0625; 183,0; 0,12039474
4094; 0,0625; 0,0625; 183,7826086956522; 0,12090963
4095; 0,0625; 0,0625; 182,95652173913044; 0,12036614
4096; 0,0625; 0,0625; 183,2173913043478; 0,12053776
4097; 0,0625; 0,0625; 182,6304347826087; 0,12015162
4098; 0,0625; 0,0625; 183,56521739130434; 0,120766595
4099; 0,0625; 0,0625; 184,58695652173913; 0,1214388
4100; 0,0625; 0,0625; 184,8695652173913; 0,12162474
4101; 0,0625; 0,0625; 184,30434782608697; 0,12125288
4102; 0,0625; 0,0625; 184,97826086956522; 0,121696256
4103; 0,0625; 0,0625; 183,69565217391303; 0,12085242
4104; 0,0625; 0,0625; 184,2173913043478; 0,12119567
4105; 0,0625; 0,0625; 184,30434782608697; 0,12125289
4106; 0,0625; 0,0625; 184,32608695652175; 0,121267185
4107; 0,0625; 0,0625; 184,97826086956522; 0,121696234
4108; 0,0625; 0,0625; 183,02173913043478; 0,12040906
4109; 0,0625; 0,0625; 183,06521739130434; 0,12043767
4110; 0,0625; 0,0625; 184,30434782608697; 0,12125288
4111; 0,0625; 0,0625; 183,52173913043478; 0,120738
4112; 0,0625; 0,0625; 183,6086956521739; 0,120795205
4113; 0,0625; 0,0625; 183,30434782608697; 0,12059497
4114; 0,0625; 0,0625; 183,52173913043478; 0,120738
4115; 0,0625; 0,0625; 183,2826086956522; 0,12058068
4116; 0,0625; 0,0625; 184,17391304347825; 0,12116707
4117; 0,0625; 0,0625; 183,6086956521739; 0,12079522
4118; 0,0625; 0,0625; 184,41304347826087; 0,12132438
4119; 0,0625; 0,0625; 183,5; 0,120723695
4120; 0,0625; 0,0625; 181,7173913043478; 0,119550936
4121; 0,0625; 0,0625; 181,7826086956522; 0,11959386
4122; 0,0625; 0,0625; 183,69565217391303; 0,120852426
4123; 0,0625; 0,0625; 183,06521739130434; 0,12043765
4124; 0,0625; 0,0625; 183,3913043478261; 0,120652206
4125; 0,0625; 0,0625; 184,06521739130434; 0,12109556
4126; 0,0625; 0,0625; 182,15217391304347; 0,11983696
4127; 0,0625; 0,0625; 182,7608695652174; 0,12023745
4128; 0,0625; 0,0625; 183,45652173913044; 0,12069509
4129; 0,0625; 0,0625; 184,2391304347826; 0,12120997
4130; 0,0625; 0,0625; 184,41304347826087; 0,12132438
4131; 0,0625; 0,0625; 184,2391304347826; 0,121209964
4132; 0,0625; 0,0625; 183,7826086956522; 0,12090963
4133; 0,0625; 0,0625; 183,47826086956522; 0,12070939
4134; 0,0625; 0,0625; 184,7608695652174; 0,12155323
4135; 0,0625; 0,0625; 183,80434782608697; 0,12092392
4136; 0,0625; 0,0625; 183,54347826086956; 0,12075229
4137; 0,0625; 0,0625; 185,43478260869566; 0,12199658
4138; 0,0625; 0,0625; 182,69565217391303; 0,12019451
4139; 0,0625; 0,0625; 181,6086956521739; 0,11947941
4140; 0,0625; 0,0625; 185,0; 0,12171055
4141; 0,0625; 0,0625; 181,45652173913044; 0,119379304
4142; 0,0625; 0,0625; 184,3695652173913; 0,12129577
4143; 0,0625; 0,0625; 185,06521739130434; 0,12175345
4144; 0,0625; 0,0625; 182,2608695652174; 0,11990847
4145; 0,0625; 0,0625; 183,67391304347825; 0,12083811
4146; 0,0625; 0,0625; 183,3695652173913; 0,12063789
4147; 0,0625; 0,0625; 184,41304347826087; 0,1213244
4148; 0,0625; 0,0625; 184,15217391304347; 0,12115277
4149; 0,0625; 0,0625; 183,91304347826087; 0,12099544
4150; 0,0625; 0,0625; 184,0; 0,121052645
4151; 0,0625; 0,0625; 183,34782608695653; 0,12062359
4152; 0,0625; 0,0625; 184,1086956521739; 0,121124156
4153; 0,0625; 0,0625; 184,56521739130434; 0,12142452
4154; 0,0625; 0,0625; 184,06521739130434; 0,121095546
4155; 0,0625; 0,0625; 183,6304347826087; 0,12080951
4156; 0,0625; 0,0625; 184,17391304347825; 0,121167056
4157; 0,0625; 0,0625; 183,17391304347825; 0,12050917
4158; 0,0625; 0,0625; 184,54347826086956; 0,121410206
4159; 0,0625; 0,0625; 184,15217391304347; 0,12115277
4160; 0,0625; 0,0625; 184,0; 0,121052645
4161; 0,0625; 0,0625; 184,1086956521739; 0,121124156
4162; 0,0625; 0,0625; 182,3913043478261; 0,119994305
4163; 0,0625; 0,0625; 182,91304347826087; 0,12033753
4164; 0,0625; 0,0625; 184,32608695652175; 0,12126716
4165; 0,0625; 0,0625; 181,7173913043478; 0,11955092
4166; 0,0625; 0,0625; 183,02173913043478; 0,12040904
4167; 0,0625; 0,0625; 180,41304347826087; 0,11869279
4168; 0,0625; 0,0625; 184,17391304347825; 0,12116705
4169; 0,0625; 0,0625; 183,2826086956522; 0,12058068
4170; 0,0625; 0,0625; 182,82608695652175; 0,12028034
4171; 0,0625; 0,0625; 184,1304347826087; 0,12113846
4172; 0,0625; 0,0625; 184,06521739130434; 0,12109556
4173; 0,0625; 0,0625; 183,30434782608697; 0,120594986
4174; 0,0625; 0,0625; 185,52173913043478; 0,12205379
4175; 0,0625; 0,0625; 183,7173913043478; 0,12086672
4176; 0,0625; 0,0625; 184,17391304347825; 0,12116707
4177; 0,0625; 0,0625; 183,67391304347825; 0,120838106
4178; 0,0625; 0,0625; 183,84782608695653; 0,120952524
4179; 0,0625; 0,0625; 182,1304347826087; 0,11982268
4180; 0,0625; 0,0625; 184,06521739130434; 0,12109555
4181; 0,0625; 0,0625; 184,91304347826087; 0,121653326
4182; 0,0625; 0,0625; 184,1304347826087; 0,12113846
4183; 0,0625; 0,0625; 182,41304347826087; 0,1200086
4184; 0,0625; 0,0625; 183,15217391304347; 0,120494865
4185; 0,0625; 0,0625; 183,8695652173913; 0,12096684
4186; 0,0625; 0,0625; 182,52173913043478; 0,12008009
4187; 0,0625; 0,0625; 184,2391304347826; 0,121209964
4188; 0,0625; 0,0625; 182,54347826086956; 0,1200944
4189; 0,0625; 0,0625; 181,7391304347826; 0,11956524
4190; 0,0625; 0,0625; 184,52173913043478; 0,1213959
4191; 0,0625; 0,0625; 183,84782608695653; 0,120952524
4192; 0,0625; 0,0625; 184,52173913043478; 0,1213959
4193; 0,0625; 0,0625; 183,1086956521739; 0,12046626
4194; 0,0625; 0,0625; 184,8913043478261; 0,12163902
4195; 0,0625; 0,0625; 183,6086956521739; 0,12079523
4196; 0,0625; 0,0625; 185,2391304347826; 0,12186789
4197; 0,0625; 0,0625; 183,3695652173913; 0,12063789
4198; 0,0625; 0,0625; 184,69565217391303; 0,12151031
4199; 0,0625; 0,0625; 181,6304347826087; 0,11949372
4200; 0,0625; 0,0625; 184,6304347826087; 0,12146738
4201; 0,0625; 0,0625; 184,52173913043478; 0,12139591
4202; 0,0625; 0,0625; 182,8695652173913; 0,120308936
4203; 0,0625; 0,0625; 182,2608695652174; 0,1199085
4204; 0,0625; 0,0625; 182,2391304347826; 0,11989416
4205; 0,0625; 0,0625; 184,7826086956522; 0,12156753
4206; 0,0625; 0,0625; 182,8695652173913; 0,12030895
4207; 0,0625; 0,0625; 184,1304347826087; 0,121138446
4208; 0,0625; 0,0625; 183,7826086956522; 0,12090961
4209; 0,0625; 0,0625; 182,84782608695653; 0,12029463
4210; 0,0625; 0,0625; 183,7391304347826; 0,12088102
4211; 0,0625; 0,0625; 183,56521739130434; 0,12076661
4212; 0,0625; 0,0625; 184,52173913043478; 0,12139591
4213; 0,0625; 0,0625; 184,2826086956522; 0,121238574
4214; 0,0625; 0,0625; 183,6086956521739; 0,12079522
4215; 0,0625; 0,0625; 184,1086956521739; 0,121124156
4216; 0,0625; 0,0625; 183,8913043478261; 0,12098114
4217; 0,0625; 0,0625; 182,95652173913044; 0,12036615
4218; 0,0625; 0,0625; 183,34782608695653; 0,12062359
4219; 0,0625; 0,0625; 183,65217391304347; 0,120823815
4220; 0,0625; 0,0625; 184,1304347826087; 0,12113847
4221; 0,0625; 0,0625; 182,8695652173913; 0,12030895
4222; 0,0625; 0,0625; 184,30434782608697; 0,12125287
4223; 0,0625; 0,0625; 183,3913043478261; 0,12065218
4224; 0,0625; 0,0625; 184,2826086956522; 0,121238574
4225; 0,0625; 0,0625; 183,30434782608697; 0,120594986
4226; 0,0625; 0,0625; 184,19565217391303; 0,12118136
4227; 0,0625; 0,0625; 183,67391304347825; 0,12083812
4228; 0,0625; 0,0625; 184,6304347826087; 0,12146743
4229; 0,0625; 0,0625; 181,0; 0,11907896
4230; 0,0625; 0,0625; 184,34782608695653; 0,12128148
4231; 0,0625; 0,0625; 182,2826086956522; 0,11992277
4232; 0,0625; 0,0625; 183,8913043478261; 0,120981134
4233; 0,0625; 0,0625; 184,3913043478261; 0,121310055
4234; 0,0625; 0,0625; 183,2826086956522; 0,12058067
4235; 0,0625; 0,0625; 182,8913043478261; 0,12032324
4236; 0,0625; 0,0625; 184,2826086956522; 0,121238574
4237; 0,0625; 0,0625; 184,04347826086956; 0,12108125
4238; 0,0625; 0,0625; 184,1304347826087; 0,12113846
4239; 0,0625; 0,0625; 183,80434782608697; 0,12092394
4240; 0,0625; 0,0625; 183,6304347826087; 0,12080951
4241; 0,0625; 0,0625; 184,17391304347825; 0,121167056
4242; 0,0625; 0,0625; 183,7391304347826; 0,12088103
4243; 0,0625; 0,0625; 184,95652173913044; 0,121681936
4244; 0,0625; 0,0625; 184,2173913043478; 0,12119567
4245; 0,0625; 0,0625; 185,2173913043478; 0,12185357
4246; 0,0625; 0,0625; 179,97826086956522; 0,11840677
4247; 0,0625; 0,0625; 184,5; 0,121381596
4248; 0,0625; 0,0625; 184,45652173913044; 0,12135297
4249; 0,0625; 0,0625; 183,58695652173913; 0,120780915
4250; 0,0625; 0,0625; 184,3913043478261; 0,12131008
4251; 0,0625; 0,0625; 184,0; 0,12105263
4252; 0,0625; 0,0625; 185,04347826086956; 0,12173914
4253; 0,0625; 0,0625; 184,19565217391303; 0,12118136
4254; 0,0625; 0,0625; 184,19565217391303; 0,12118136
4255; 0,0625; 0,0625; 183,65217391304347; 0,120823815
4256; 0,0625; 0,0625; 185,17391304347825; 0,12182495
4257; 0,0625; 0,0625; 184,19565217391303; 0,12118138
4258; 0,0625; 0,0625; 184,32608695652175; 0,12126718
4259; 0,0625; 0,0625; 184,06521739130434; 0,12109555
4260; 0,0625; 0,0625; 183,93478260869566; 0,121009745
4261; 0,0625; 0,0625; 183,84782608695653; 0,12095255
4262; 0,0625; 0,0625; 182,7391304347826; 0,12022313
4263; 0,0625; 0,0625; 182,54347826086956; 0,12009441
4264; 0,0625; 0,0625; 184,54347826086956; 0,12141019
4265; 0,0625; 0,0625; 181,30434782608697; 0,11927919
4266; 0,0625; 0,0625; 182,80434782608697; 0,120266035
4267; 0,0625; 0,0625; 183,30434782608697; 0,120594986
4268; 0,0625; 0,0625; 183,82608695652175; 0,12093823
4269; 0,0625; 0,0625; 183,43478260869566; 0,12068079
4270; 0,0625; 0,0625; 184,02173913043478; 0,12106695
4271; 0,0625; 0,0625; 183,8913043478261; 0,120981134
4272; 0,0625; 0,0625; 183,8695652173913; 0,12096684
4273; 0,0625; 0,0625; 183,06521739130434; 0,120437644
4274; 0,0625; 0,0625; 182,02173913043478; 0,119751155
4275; 0,0625; 0,0625; 184,47826086956522; 0,1213673
4276; 0,0625; 0,0625; 182,95652173913044; 0,120366156
4277; 0,0625; 0,0625; 182,97826086956522; 0,12038046
4278; 0,0625; 0,0625; 184,0; 0,12105266
4279; 0,0625; 0,0625; 184,15217391304347; 0,12115277
4280; 0,0625; 0,0625; 182,80434782608697; 0,120266035
4281; 0,0625; 0,0625; 184,1086956521739; 0,12112416
4282; 0,0625; 0,0625; 183,69565217391303; 0,12085241
4283; 0,0625; 0,0625; 182,97826086956522; 0,12038045
4284; 0,0625; 0,0625; 183,47826086956522; 0,1207094
4285; 0,0625; 0,0625; 184,2391304347826; 0,12120997
4286; 0,0625; 0,0625; 184,02173913043478; 0,121066965
4287; 0,0625; 0,0625; 183,69565217391303; 0,12085241
4288; 0,0625; 0,0625; 184,0; 0,121052645
4289; 0,0625; 0,0625; 183,02173913043478; 0,12040904
4290; 0,0625; 0,0625; 184,5; 0,121381596
4291; 0,0625; 0,0625; 184,80434782608697; 0,121581815
4292; 0,0625; 0,0625; 184,45652173913044; 0,12135299
4293; 0,0625; 0,0625; 184,30434782608697; 0,12125288
4294; 0,0625; 0,0625; 182,2173913043478; 0,119879864
4295; 0,0625; 0,0625; 184,19565217391303; 0,12118138
4296; 0,0625; 0,0625; 183,65217391304347; 0,120823815
4297; 0,0625; 0,0625; 184,0; 0,12105266
4298; 0,0625; 0,0625; 184,19565217391303; 0,12118135
4299; 0,0625; 0,0625; 183,1304347826087; 0,12048058
4300; 0,0625; 0,0625; 184,06521739130434; 0,12109553
4301; 0,0625; 0,0625; 183,08695652173913; 0,12045196
4302; 0,0625; 0,0625; 184,7608695652174; 0,12155323
4303; 0,0625; 0,0625; 184,80434782608697; 0,12158182
4304; 0,0625; 0,0625; 184,19565217391303; 0,121181354
4305; 0,0625; 0,0625; 184,67391304347825; 0,12149601
4306; 0,0625; 0,0625; 184,04347826086956; 0,121081226
4307; 0,0625; 0,0625; 181,15217391304347; 0,119179085
4308; 0,0625; 0,0625; 182,45652173913044; 0,12003718
4309; 0,0625; 0,0625; 184,58695652173913; 0,121438794
4310; 0,0625; 0,0625; 183,34782608695653; 0,12062358
4311; 0,0625; 0,0625; 184,2391304347826; 0,121209964
4312; 0,0625; 0,0625; 184,5; 0,12138158
4313; 0,0625; 0,0625; 184,52173913043478; 0,12139591
4314; 0,0625; 0,0625; 183,82608695652175; 0,12093824
4315; 0,0625; 0,0625; 182,32608695652175; 0,11995139
4316; 0,0625; 0,0625; 183,58695652173913; 0,120780915
4317; 0,0625; 0,0625; 183,2173913043478; 0,12053776
4318; 0,0625; 0,0625; 183,67391304347825; 0,12083812
4319; 0,0625; 0,0625; 184,47826086956522; 0,121367276
4320; 0,0625; 0,0625; 183,82608695652175; 0,12093824
4321; 0,0625; 0,0625; 183,56521739130434; 0,12076661
4322; 0,0625; 0,0625; 182,5; 0,12006579
4323; 0,0625; 0,0625; 183,7391304347826; 0,120881006
4324; 0,0625; 0,0625; 182,15217391304347; 0,11983697
4325; 0,0625; 0,0625; 183,93478260869566; 0,12100975
4326; 0,0625; 0,0625; 183,2608695652174; 0,12056639
4327; 0,0625; 0,0625; 184,52173913043478; 0,1213959
4328; 0,0625; 0,0625; 183,08695652173913; 0,12045196
4329; 0,0625; 0,0625; 184,65217391304347; 0,12148173
4330; 0,0625; 0,0625; 183,6086956521739; 0,1207952
4331; 0,0625; 0,0625; 183,58695652173913; 0,120780915
4332; 0,0625; 0,0625; 183,6304347826087; 0,12080951
4333; 0,0625; 0,0625; 184,19565217391303; 0,121181354
4334; 0,0625; 0,0625; 184,0; 0,121052645
4335; 0,0625; 0,0625; 182,3695652173913; 0,11998
4336; 0,0625; 0,0625; 184,17391304347825; 0,121167056
4337; 0,0625; 0,0625; 180,2173913043478; 0,118564084
4338; 0,0625; 0,0625; 184,2173913043478; 0,12119567
4339; 0,0625; 0,0625; 184,2173913043478; 0,12119567
4340; 0,0625; 0,0625; 182,58695652173913; 0,120123014
4341; 0,0625; 0,0625; 183,17391304347825; 0,12050917
4342; 0,0625; 0,0625; 184,1086956521739; 0,12112416
4343; 0,0625; 0,0625; 183,7826086956522; 0,12090964
4344; 0,0625; 0,0625; 184,54347826086956; 0,121410206
4345; 0,0625; 0,0625; 184,0; 0,12105266
4346; 0,0625; 0,0625; 184,67391304347825; 0,121496014
4347; 0,0625; 0,0625; 182,3695652173913; 0,11997999
4348; 0,0625; 0,0625; 184,17391304347825; 0,121167056
4349; 0,0625; 0,0625; 182,91304347826087; 0,12033756
4350; 0,0625; 0,0625; 183,6304347826087; 0,1208095
4351; 0,0625; 0,0625; 185,17391304347825; 0,12182495
4352; 0,0625; 0,0625; 184,2608695652174; 0,12122426
4353; 0,0625; 0,0625; 183,7173913043478; 0,120866716
4354; 0,0625; 0,0625; 183,7608695652174; 0,120895326
4355; 0,0625; 0,0625; 184,15217391304347; 0,12115277
4356; 0,0625; 0,0625; 184,7391304347826; 0,12153891
4357; 0,0625; 0,0625; 182,3913043478261; 0,1199943
4358; 0,0625; 0,0625; 183,02173913043478; 0,12040904
4359; 0,0625; 0,0625; 185,2391304347826; 0,121867865
4360; 0,0625; 0,0625; 182,82608695652175; 0,120280325
4361; 0,0625; 0,0625; 184,2826086956522; 0,12123857
4362; 0,0625; 0,0625; 184,56521739130434; 0,12142449
4363; 0,0625; 0,0625; 184,17391304347825; 0,121167056
4364; 0,0625; 0,0625; 182,5; 0,12006579
4365; 0,0625; 0,0625; 182,52173913043478; 0,120080106
4366; 0,0625; 0,0625; 184,93478260869566; 0,12166763
4367; 0,0625; 0,0625; 183,7391304347826; 0,12088102
4368; 0,0625; 0,0625; 184,30434782608697; 0,12125288
4369; 0,0625; 0,0625; 183,45652173913044; 0,12069511
4370; 0,0625; 0,0625; 184,3695652173913; 0,12129577
4371; 0,0625; 0,0625; 182,93478260869566; 0,12035185
4372; 0,0625; 0,0625; 183,95652173913044; 0,121024035
4373; 0,0625; 0,0625; 182,80434782608697; 0,120266035
4374; 0,0625; 0,0625; 184,47826086956522; 0,12136729
4375; 0,0625; 0,0625; 184,43478260869566; 0,12133869
4376; 0,0625; 0,0625; 183,04347826086956; 0,12042336
4377; 0,0625; 0,0625; 183,3913043478261; 0,12065217
4378; 0,0625; 0,0625; 183,17391304347825; 0,120509155
4379; 0,0625; 0,0625; 184,2391304347826; 0,121209964
4380; 0,0625; 0,0625; 184,06521739130434; 0,12109555
4381; 0,0625; 0,0625; 182,7608695652174; 0,12023743
4382; 0,0625; 0,0625; 182,6304347826087; 0,12015162
4383; 0,0625; 0,0625; 182,1086956521739; 0,119808376
4384; 0,0625; 0,0625; 183,97826086956522; 0,121038355
4385; 0,0625; 0,0625; 183,69565217391303; 0,120852426
4386; 0,0625; 0,0625; 184,3695652173913; 0,12129577
4387; 0,0625; 0,0625; 184,2608695652174; 0,12122428
4388; 0,0625; 0,0625; 183,8695652173913; 0,1209668
4389; 0,0625; 0,0625; 185,02173913043478; 0,121724844
4390; 0,0625; 0,0625; 184,30434782608697; 0,12125287
4391; 0,0625; 0,0625; 184,2391304347826; 0,12120997
4392; 0,0625; 0,0625; 183,6304347826087; 0,1208095
4393; 0,0625; 0,0625; 183,7826086956522; 0,12090963
4394; 0,0625; 0,0625; 183,06521739130434; 0,120437644
4395; 0,0625; 0,0625; 184,93478260869566; 0,12166763
4396; 0,0625; 0,0625; 180,32608695652175; 0,1186356
4397; 0,0625; 0,0625; 182,41304347826087; 0,120008595
4398; 0,0625; 0,0625; 182,69565217391303; 0,12019453
4399; 0,0625; 0,0625; 184,0; 0,12105264
4400; 0,0625; 0,0625; 183,45652173913044; 0,12069509
4401; 0,0625; 0,0625; 185,17391304347825; 0,12182497
4402; 0,0625; 0,0625; 183,3695652173913; 0,12063789
4403; 0,0625; 0,0625; 184,58695652173913; 0,121438816
4404; 0,0625; 0,0625; 183,80434782608697; 0,120923914
4405; 0,0625; 0,0625; 184,06521739130434; 0,12109556
4406; 0,0625; 0,0625; 184,6086956521739; 0,12145312
4407; 0,0625; 0,0625; 184,47826086956522; 0,121367276
4408; 0,0625; 0,0625; 183,93478260869566; 0,121009745
4409; 0,0625; 0,0625; 183,91304347826087; 0,12099544
4410; 0,0625; 0,0625; 182,7391304347826; 0,12022313
4411; 0,0625; 0,0625; 184,19565217391303; 0,12118138
4412; 0,0625; 0,0625; 183,67391304347825; 0,12083812
4413; 0,0625; 0,0625; 183,19565217391303; 0,12052346
4414; 0,0625; 0,0625; 183,8695652173913; 0,12096684
4415; 0,0625; 0,0625; 181,82608695652175; 0,11962244
4416; 0,0625; 0,0625; 185,5; 0,12203948
4417; 0,0625; 0,0625; 183,82608695652175; 0,12093822
4418; 0,0625; 0,0625; 183,82608695652175; 0,12093824
4419; 0,0625; 0,0625; 183,8695652173913; 0,12096684
4420; 0,0625; 0,0625; 184,52173913043478; 0,121395886
4421; 0,0625; 0,0625; 184,1086956521739; 0,121124156
4422; 0,0625; 0,0625; 183,19565217391303; 0,12052348
4423; 0,0625; 0,0625; 183,91304347826087; 0,12099544
4424; 0,0625; 0,0625; 183,97826086956522; 0,121038355
4425; 0,0625; 0,0625; 182,8695652173913; 0,12030895
4426; 0,0625; 0,0625; 183,47826086956522; 0,1207094
4427; 0,0625; 0,0625; 183,58695652173913; 0,1207809
4428; 0,0625; 0,0625; 183,97826086956522; 0,12103834
4429; 0,0625; 0,0625; 183,80434782608697; 0,12092392
4430; 0,0625; 0,0625; 184,67391304347825; 0,121496014
4431; 0,0625; 0,0625; 182,95652173913044; 0,120366156
4432; 0,0625; 0,0625; 182,84782608695653; 0,120294645
4433; 0,0625; 0,0625; 182,19565217391303; 0,11986558
4434; 0,0625; 0,0625; 183,69565217391303; 0,12085242
4435; 0,0625; 0,0625; 184,69565217391303; 0,12151031
4436; 0,0625; 0,0625; 184,34782608695653; 0,12128148
4437; 0,0625; 0,0625; 183,80434782608697; 0,12092394
4438; 0,0625; 0,0625; 184,1304347826087; 0,12113846
4439; 0,0625; 0,0625; 183,2826086956522; 0,12058068
4440; 0,0625; 0,0625; 182,1086956521739; 0,119808376
4441; 0,0625; 0,0625; 182,5; 0,1200658
4442; 0,0625; 0,0625; 184,04347826086956; 0,12108125
4443; 0,0625; 0,0625; 183,67391304347825; 0,12083811
4444; 0,0625; 0,0625; 183,0; 0,12039474
4445; 0,0625; 0,0625; 182,7173913043478; 0,12020882
4446; 0,0625; 0,0625; 183,7608695652174; 0,120895326
4447; 0,0625; 0,0625; 184,04347826086956; 0,121081255
4448; 0,0625; 0,0625; 183,84782608695653; 0,120952524
4449; 0,0625; 0,0625; 182,84782608695653; 0,120294645
4450; 0,0625; 0,0625; 183,65217391304347; 0,12082381
4451; 0,0625; 0,0625; 183,41304347826087; 0,1206665
4452; 0,0625; 0,0625; 185,95652173913044; 0,12233984
4453; 0,0625; 0,0625; 183,7173913043478; 0,12086672
4454; 0,0625; 0,0625; 183,93478260869566; 0,12100973
4455; 0,0625; 0,0625; 184,65217391304347; 0,12148171
4456; 0,0625; 0,0625; 184,47826086956522; 0,12136729
4457; 0,0625; 0,0625; 184,5; 0,121381596
4458; 0,0625; 0,0625; 184,04347826086956; 0,12108125
4459; 0,0625; 0,0625; 183,69565217391303; 0,120852426
4460; 0,0625; 0,0625; 184,95652173913044; 0,121681936
4461; 0,0625; 0,0625; 183,91304347826087; 0,12099545
4462; 0,0625; 0,0625; 183,56521739130434; 0,12076661
4463; 0,0625; 0,0625; 184,08695652173913; 0,121109866
4464; 0,0625; 0,0625; 181,30434782608697; 0,119279176
4465; 0,0625; 0,0625; 184,67391304347825; 0,121496014
4466; 0,0625; 0,0625; 183,43478260869566; 0,12068079
4467; 0,0625; 0,0625; 185,0; 0,12171052
4468; 0,0625; 0,0625; 183,6086956521739; 0,120795205
4469; 0,0625; 0,0625; 182,2173913043478; 0,11987988
4470; 0,0625; 0,0625; 181,82608695652175; 0,11962245
4471; 0,0625; 0,0625; 183,93478260869566; 0,12100975
4472; 0,0625; 0,0625; 184,0; 0,121052645
4473; 0,0625; 0,0625; 182,7391304347826; 0,12022313
4474; 0,0625; 0,0625; 182,04347826086956; 0,11976546
4475; 0,0625; 0,0625; 183,7826086956522; 0,12090962
4476; 0,0625; 0,0625; 184,43478260869566; 0,12133866
4477; 0,0625; 0,0625; 184,6304347826087; 0,121467404
4478; 0,0625; 0,0625; 184,3695652173913; 0,12129579
4479; 0,0625; 0,0625; 182,8913043478261; 0,120323256
4480; 0,0625; 0,0625; 182,7826086956522; 0,12025174
4481; 0,0625; 0,0625; 182,17391304347825; 0,119851254
4482; 0,0625; 0,0625; 184,6304347826087; 0,1214674
4483; 0,0625; 0,0625; 183,7173913043478; 0,12086672
4484; 0,0625; 0,0625; 184,04347826086956; 0,12108125
4485; 0,0625; 0,0625; 184,52173913043478; 0,1213959
4486; 0,0625; 0,0625; 184,65217391304347; 0,1214817
4487; 0,0625; 0,0625; 183,56521739130434; 0,12076661
4488; 0,0625; 0,0625; 184,7173913043478; 0,12152462
4489; 0,0625; 0,0625; 183,7173913043478; 0,12086669
4490; 0,0625; 0,0625; 183,84782608695653; 0,120952524
4491; 0,0625; 0,0625; 183,8913043478261; 0,120981134
4492; 0,0625; 0,0625; 180,15217391304347; 0,118521184
4493; 0,0625; 0,0625; 183,7173913043478; 0,12086673
4494; 0,0625; 0,0625; 184,41304347826087; 0,12132438
4495; 0,0625; 0,0625; 184,41304347826087; 0,121324375
4496; 0,0625; 0,0625; 184,41304347826087; 0,1213244
4497; 0,0625; 0,0625; 182,7173913043478; 0,120208815
4498; 0,0625; 0,0625; 182,17391304347825; 0,11985127
4499; 0,0625; 0,0625; 184,04347826086956; 0,12108124
4500; 0,0625; 0,0625; 183,58695652173913; 0,1207809
4501; 0,0625; 0,0625; 183,08695652173913; 0,12045196
4502; 0,0625; 0,0625; 183,1304347826087; 0,12048058
4503; 0,0625; 0,0625; 182,8913043478261; 0,12032324
4504; 0,0625; 0,0625; 184,2391304347826; 0,12120997
4505; 0,0625; 0,0625; 183,7608695652174; 0,12089531
4506; 0,0625; 0,0625; 183,04347826086956; 0,12042336
4507; 0,0625; 0,0625; 184,52173913043478; 0,1213959
4508; 0,0625; 0,0625; 184,02173913043478; 0,12106695
4509; 0,0625; 0,0625; 183,08695652173913; 0,12045197
4510; 0,0625; 0,0625; 182,82608695652175; 0,12028034
4511; 0,0625; 0,0625; 183,54347826086956; 0,12075229
4512; 0,0625; 0,0625; 184,30434782608697; 0,12125286
4513; 0,0625; 0,0625; 182,8913043478261; 0,12032323
4514; 0,0625; 0,0625; 185,02173913043478; 0,12172484
4515; 0,0625; 0,0625; 183,8913043478261; 0,120981134
4516; 0,0625; 0,0625; 185,08695652173913; 0,12176776
4517; 0,0625; 0,0625; 184,82608695652175; 0,121596105
4518; 0,0625; 0,0625; 184,2608695652174; 0,12122426
4519; 0,0625; 0,0625; 182,56521739130434; 0,12010871
4520; 0,0625; 0,0625; 184,2826086956522; 0,12123858
4521; 0,0625; 0,0625; 182,2608695652174; 0,11990849
4522; 0,0625; 0,0625; 183,54347826086956; 0,12075231
4523; 0,0625; 0,0625; 185,08695652173913; 0,12176776
4524; 0,0625; 0,0625; 184,41304347826087; 0,1213244
4525; 0,0625; 0,0625; 182,7173913043478; 0,120208845
4526; 0,0625; 0,0625; 183,32608695652175; 0,12060928
4527; 0,0625; 0,0625; 181,52173913043478; 0,1194222
4528; 0,0625; 0,0625; 184,65217391304347; 0,12148172
4529; 0,0625; 0,0625; 184,6086956521739; 0,12145312
4530; 0,0625; 0,0625; 184,30434782608697; 0,12125288
4531; 0,0625; 0,0625; 184,2391304347826; 0,12120999
4532; 0,0625; 0,0625; 182,7173913043478; 0,12020882
4533; 0,0625; 0,0625; 184,3913043478261; 0,12131008
4534; 0,0625; 0,0625; 184,6086956521739; 0,12145309
4535; 0,0625; 0,0625; 184,02173913043478; 0,12106695
4536; 0,0625; 0,0625; 184,47826086956522; 0,1213673
4537; 0,0625; 0,0625; 184,08695652173913; 0,12110986
4538; 0,0625; 0,0625; 184,58695652173913; 0,1214388
4539; 0,0625; 0,0625; 183,7608695652174; 0,12089533
4540; 0,0625; 0,0625; 184,2608695652174; 0,12122427
4541; 0,0625; 0,0625; 184,0; 0,121052645
4542; 0,0625; 0,0625; 184,2608695652174; 0,12122428
4543; 0,0625; 0,0625; 184,02173913043478; 0,12106695
4544; 0,0625; 0,0625; 183,82608695652175; 0,12093823
4545; 0,0625; 0,0625; 183,82608695652175; 0,12093823
4546; 0,0625; 0,0625; 183,30434782608697; 0,120594986
4547; 0,0625; 0,0625; 183,54347826086956; 0,12075231
4548; 0,0625; 0,0625; 183,06521739130434; 0,12043765
4549; 0,0625; 0,0625; 184,04347826086956; 0,12108125
4550; 0,0625; 0,0625; 184,2826086956522; 0,121238574
4551; 0,0625; 0,0625; 184,7173913043478; 0,12152462
4552; 0,0625; 0,0625; 185,56521739130434; 0,1220824
4553; 0,0625; 0,0625; 183,69565217391303; 0,12085242
4554; 0,0625; 0,0625; 184,08695652173913; 0,12110986
4555; 0,0625; 0,0625; 184,41304347826087; 0,1213244
4556; 0,0625; 0,0625; 183,41304347826087; 0,12066648
4557; 0,0625; 0,0625; 184,1304347826087; 0,12113846
4558; 0,0625; 0,0625; 183,56521739130434; 0,12076661
4559; 0,0625; 0,0625; 182,82608695652175; 0,120280325
4560; 0,0625; 0,0625; 183,2391304347826; 0,120552056
4561; 0,0625; 0,0625; 182,17391304347825; 0,11985128
4562; 0,0625; 0,0625; 183,82608695652175; 0,12093823
4563; 0,0625; 0,0625; 183,69565217391303; 0,12085242
4564; 0,0625; 0,0625; 184,8913043478261; 0,12163902
4565; 0,0625; 0,0625; 184,0; 0,12105264
4566; 0,0625; 0,0625; 184,19565217391303; 0,121181354
4567; 0,0625; 0,0625; 180,7391304347826; 0,11890735
4568; 0,0625; 0,0625; 184,84782608695653; 0,12161041
4569; 0,0625; 0,0625; 182,43478260869566; 0,12002291
4570; 0,0625; 0,0625; 183,34782608695653; 0,120623596
4571; 0,0625; 0,0625; 183,97826086956522; 0,12103834
4572; 0,0625; 0,0625; 184,65217391304347; 0,1214817
4573; 0,0625; 0,0625; 181,56521739130434; 0,119450815
4574; 0,0625; 0,0625; 183,58695652173913; 0,1207809
4575; 0,0625; 0,0625; 185,08695652173913; 0,12176775
4576; 0,0625; 0,0625; 182,5; 0,120065816
4577; 0,0625; 0,0625; 183,54347826086956; 0,120752305
4578; 0,0625; 0,0625; 184,7608695652174; 0,12155321
4579; 0,0625; 0,0625; 184,54347826086956; 0,121410206
4580; 0,0625; 0,0625; 183,06521739130434; 0,12043765
4581; 0,0625; 0,0625; 183,32608695652175; 0,12060929
4582; 0,0625; 0,0625; 182,6304347826087; 0,12015162
4583; 0,0625; 0,0625; 181,5; 0,1194079
4584; 0,0625; 0,0625; 183,5; 0,120723695
4585; 0,0625; 0,0625; 184,08695652173913; 0,12110986
4586; 0,0625; 0,0625; 182,2826086956522; 0,11992277
4587; 0,0625; 0,0625; 184,69565217391303; 0,1215103
4588; 0,0625; 0,0625; 183,04347826086956; 0,12042336
4589; 0,0625; 0,0625; 182,54347826086956; 0,12009441
4590; 0,0625; 0,0625; 184,47826086956522; 0,12136729
4591; 0,0625; 0,0625; 184,2608695652174; 0,12122427
4592; 0,0625; 0,0625; 183,7391304347826; 0,12088103
4593; 0,0625; 0,0625; 185,17391304347825; 0,12182496
4594; 0,0625; 0,0625; 182,82608695652175; 0,12028034
4595; 0,0625; 0,0625; 184,2391304347826; 0,121209964
4596; 0,0625; 0,0625; 180,54347826086956; 0,11877862
4597; 0,0625; 0,0625; 183,7173913043478; 0,120866716
4598; 0,0625; 0,0625; 183,41304347826087; 0,1206665
4599; 0,0625; 0,0625; 184,04347826086956; 0,12108125
4600; 0,0625; 0,0625; 184,69565217391303; 0,12151031
4601; 0,0625; 0,0625; 184,1086956521739; 0,12112416
4602; 0,0625; 0,0625; 183,15217391304347; 0,12049487
4603; 0,0625; 0,0625; 184,80434782608697; 0,121581815
4604; 0,0625; 0,0625; 183,8695652173913; 0,12096683
4605; 0,0625; 0,0625; 183,7608695652174; 0,12089533
4606; 0,0625; 0,0625; 182,65217391304347; 0,12016592
4607; 0,0625; 0,0625; 183,43478260869566; 0,12068078
4608; 0,0625; 0,0625; 184,04347826086956; 0,12108125
4609; 0,0625; 0,0625; 184,65217391304347; 0,12148171
4610; 0,0625; 0,0625; 183,5; 0,12072368
4611; 0,0625; 0,0625; 180,95652173913044; 0,119050376
4612; 0,0625; 0,0625; 182,95652173913044; 0,120366156
4613; 0,0625; 0,0625; 184,34782608695653; 0,12128149
4614; 0,0625; 0,0625; 182,8913043478261; 0,12032324
4615; 0,0625; 0,0625; 181,41304347826087; 0,1193507
4616; 0,0625; 0,0625; 184,52173913043478; 0,1213959
4617; 0,0625; 0,0625; 183,93478260869566; 0,12100975
4618; 0,0625; 0,0625; 183,7391304347826; 0,12088102
4619; 0,0625; 0,0625; 184,04347826086956; 0,12108125
4620; 0,0625; 0,0625; 183,3913043478261; 0,12065219
4621; 0,0625; 0,0625; 182,2391304347826; 0,119894184
4622; 0,0625; 0,0625; 184,08695652173913; 0,12110985
4623; 0,0625; 0,0625; 183,97826086956522; 0,121038355
4624; 0,0625; 0,0625; 184,54347826086956; 0,121410206
4625; 0,0625; 0,0625; 182,56521739130434; 0,12010871
4626; 0,0625; 0,0625; 183,6086956521739; 0,120795205
4627; 0,0625; 0,0625; 184,47826086956522; 0,1213673
4628; 0,0625; 0,0625; 182,58695652173913; 0,12012302
4629; 0,0625; 0,0625; 183,84782608695653; 0,12095255
4630; 0,0625; 0,0625; 184,2608695652174; 0,12122428
4631; 0,0625; 0,0625; 184,32608695652175; 0,12126718
4632; 0,0625; 0,0625; 183,8695652173913; 0,12096684
4633; 0,0625; 0,0625; 184,17391304347825; 0,12116707
4634; 0,0625; 0,0625; 184,2173913043478; 0,12119568
4635; 0,0625; 0,0625; 183,6086956521739; 0,1207952
4636; 0,0625; 0,0625; 182,93478260869566; 0,12035184
4637; 0,0625; 0,0625; 184,45652173913044; 0,12135301
4638; 0,0625; 0,0625; 183,69565217391303; 0,12085242
4639; 0,0625; 0,0625; 182,67391304347825; 0,12018023
4640; 0,0625; 0,0625; 183,34782608695653; 0,12062358
4641; 0,0625; 0,0625; 183,84782608695653; 0,120952524
4642; 0,0625; 0,0625; 184,06521739130434; 0,121095546
4643; 0,0625; 0,0625; 185,08695652173913; 0,12176775
4644; 0,0625; 0,0625; 184,17391304347825; 0,121167056
4645; 0,0625; 0,0625; 182,56521739130434; 0,120108716
4646; 0,0625; 0,0625; 184,52173913043478; 0,1213959
4647; 0,0625; 0,0625; 184,56521739130434; 0,12142451
4648; 0,0625; 0,0625; 184,17391304347825; 0,12116708
4649; 0,0625; 0,0625; 179,91304347826087; 0,11836385
4650; 0,0625; 0,0625; 184,7173913043478; 0,12152462
4651; 0,0625; 0,0625; 185,02173913043478; 0,12172485
4652; 0,0625; 0,0625; 182,47826086956522; 0,12005151
4653; 0,0625; 0,0625; 184,2826086956522; 0,121238574
4654; 0,0625; 0,0625; 182,93478260869566; 0,12035184
4655; 0,0625; 0,0625; 183,32608695652175; 0,12060928
4656; 0,0625; 0,0625; 183,91304347826087; 0,12099542
4657; 0,0625; 0,0625; 183,8695652173913; 0,12096684
4658; 0,0625; 0,0625; 183,7608695652174; 0,120895326
4659; 0,0625; 0,0625; 183,2391304347826; 0,120552085
4660; 0,0625; 0,0625; 184,19565217391303; 0,12118136
4661; 0,0625; 0,0625; 184,0; 0,121052645
4662; 0,0625; 0,0625; 183,45652173913044; 0,120695084
4663; 0,0625; 0,0625; 184,54347826086956; 0,12141019
4664; 0,0625; 0,0625; 183,7826086956522; 0,12090963
4665; 0,0625; 0,0625; 184,7173913043478; 0,12152462
4666; 0,0625; 0,0625; 184,04347826086956; 0,12108124
4667; 0,0625; 0,0625; 182,0; 0,11973685
4668; 0,0625; 0,0625; 183,67391304347825; 0,12083811
4669; 0,0625; 0,0625; 183,82608695652175; 0,12093823
4670; 0,0625; 0,0625; 184,04347826086956; 0,12108125
4671; 0,0625; 0,0625; 182,30434782608697; 0,119937085
4672; 0,0625; 0,0625; 181,93478260869566; 0,11969395
4673; 0,0625; 0,0625; 184,0; 0,12105264
4674; 0,0625; 0,0625; 184,8695652173913; 0,121624716
4675; 0,0625; 0,0625; 183,91304347826087; 0,120995425
4676; 0,0625; 0,0625; 183,43478260869566; 0,12068078
4677; 0,0625; 0,0625; 184,2826086956522; 0,121238574
4678; 0,0625; 0,0625; 182,56521739130434; 0,12010871
4679; 0,0625; 0,0625; 183,17391304347825; 0,120509155
4680; 0,0625; 0,0625; 183,52173913043478; 0,120738
4681; 0,0625; 0,0625; 183,7826086956522; 0,12090964
4682; 0,0625; 0,0625; 184,17391304347825; 0,12116705
4683; 0,0625; 0,0625; 183,52173913043478; 0,120737985
4684; 0,0625; 0,0625; 183,52173913043478; 0,12073801
4685; 0,0625; 0,0625; 182,04347826086956; 0,119765446
4686; 0,0625; 0,0625; 184,47826086956522; 0,12136729
4687; 0,0625; 0,0625; 182,84782608695653; 0,12029463
4688; 0,0625; 0,0625; 183,97826086956522; 0,121038355
4689; 0,0625; 0,0625; 184,7608695652174; 0,12155321
4690; 0,0625; 0,0625; 184,6086956521739; 0,12145311
4691; 0,0625; 0,0625; 183,8913043478261; 0,12098114
4692; 0,0625; 0,0625; 184,5; 0,1213816
4693; 0,0625; 0,0625; 182,34782608695653; 0,119965695
4694; 0,0625; 0,0625; 184,2608695652174; 0,12122425
4695; 0,0625; 0,0625; 184,17391304347825; 0,12116705
4696; 0,0625; 0,0625; 184,08695652173913; 0,12110986
4697; 0,0625; 0,0625; 183,7391304347826; 0,12088102
4698; 0,0625; 0,0625; 183,8913043478261; 0,12098116
4699; 0,0625; 0,0625; 182,7391304347826; 0,12022312
4700; 0,0625; 0,0625; 183,84782608695653; 0,12095255
4701; 0,0625; 0,0625; 184,2173913043478; 0,12119567
4702; 0,0625; 0,0625; 184,32608695652175; 0,121267185
4703; 0,0625; 0,0625; 184,1304347826087; 0,12113847
4704; 0,0625; 0,0625; 183,6304347826087; 0,120809525
4705; 0,0625; 0,0625; 184,06521739130434; 0,12109556
4706; 0,0625; 0,0625; 184,52173913043478; 0,121395886
4707; 0,0625; 0,0625; 184,58695652173913; 0,121438816
4708; 0,0625; 0,0625; 184,41304347826087; 0,121324375
4709; 0,0625; 0,0625; 184,15217391304347; 0,121152766
4710; 0,0625; 0,0625; 184,17391304347825; 0,12116707
4711; 0,0625; 0,0625; 184,54347826086956; 0,121410206
4712; 0,0625; 0,0625; 183,91304347826087; 0,12099544
4713; 0,0625; 0,0625; 183,58695652173913; 0,120780915
4714; 0,0625; 0,0625; 184,06521739130434; 0,12109555
4715; 0,0625; 0,0625; 182,3695652173913; 0,11997999
4716; 0,0625; 0,0625; 182,5; 0,12006579
4717; 0,0625; 0,0625; 182,69565217391303; 0,12019454
4718; 0,0625; 0,0625; 185,2608695652174; 0,12188217
4719; 0,0625; 0,0625; 183,7173913043478; 0,120866716
4720; 0,0625; 0,0625; 182,1304347826087; 0,119822666
4721; 0,0625; 0,0625; 184,2826086956522; 0,121238574
4722; 0,0625; 0,0625; 182,2826086956522; 0,11992277
4723; 0,0625; 0,0625; 184,1086956521739; 0,121124156
4724; 0,0625; 0,0625; 183,0; 0,12039476
4725; 0,0625; 0,0625; 183,34782608695653; 0,12062358
4726; 0,0625; 0,0625; 182,69565217391303; 0,12019451
4727; 0,0625; 0,0625; 182,2608695652174; 0,11990849
4728; 0,0625; 0,0625; 183,45652173913044; 0,12069511
4729; 0,0625; 0,0625; 181,5; 0,119407915
4730; 0,0625; 0,0625; 184,2173913043478; 0,12119566
4731; 0,0625; 0,0625; 182,34782608695653; 0,11996568
4732; 0,0625; 0,0625; 184,41304347826087; 0,121324375
4733; 0,0625; 0,0625; 184,2826086956522; 0,121238574
4734; 0,0625; 0,0625; 182,97826086956522; 0,12038046
4735; 0,0625; 0,0625; 183,47826086956522; 0,1207094
4736; 0,0625; 0,0625; 184,91304347826087; 0,12165334
4737; 0,0625; 0,0625; 182,2391304347826; 0,119894184
4738; 0,0625; 0,0625; 184,08695652173913; 0,12110985
4739; 0,0625; 0,0625; 184,3695652173913; 0,12129577
4740; 0,0625; 0,0625; 183,2608695652174; 0,120566376
4741; 0,0625; 0,0625; 182,6086956521739; 0,12013731
4742; 0,0625; 0,0625; 181,2826086956522; 0,11926489
4743; 0,0625; 0,0625; 183,32608695652175; 0,12060928
4744; 0,0625; 0,0625; 183,7826086956522; 0,12090963
4745; 0,0625; 0,0625; 180,56521739130434; 0,118792914
4746; 0,0625; 0,0625; 183,93478260869566; 0,121009745
4747; 0,0625; 0,0625; 184,30434782608697; 0,12125288
4748; 0,0625; 0,0625; 182,32608695652175; 0,11995139
4749; 0,0625; 0,0625; 182,7173913043478; 0,12020882
4750; 0,0625; 0,0625; 183,7173913043478; 0,120866716
4751; 0,0625; 0,0625; 184,41304347826087; 0,12132438
4752; 0,0625; 0,0625; 182,82608695652175; 0,12028035
4753; 0,0625; 0,0625; 184,2826086956522; 0,121238574
4754; 0,0625; 0,0625; 184,17391304347825; 0,12116707
4755; 0,0625; 0,0625; 184,8913043478261; 0,12163902
4756; 0,0625; 0,0625; 183,7826086956522; 0,12090962
4757; 0,0625; 0,0625; 182,80434782608697; 0,12026604
4758; 0,0625; 0,0625; 184,2826086956522; 0,121238574
4759; 0,0625; 0,0625; 183,30434782608697; 0,12059498
4760; 0,0625; 0,0625; 183,7391304347826; 0,12088103
4761; 0,0625; 0,0625; 183,5; 0,1207237
4762; 0,0625; 0,0625; 185,0; 0,12171053
4763; 0,0625; 0,0625; 184,34782608695653; 0,12128148
4764; 0,0625; 0,0625; 181,5; 0,1194079
4765; 0,0625; 0,0625; 183,69565217391303; 0,12085241
4766; 0,0625; 0,0625; 183,43478260869566; 0,1206808
4767; 0,0625; 0,0625; 184,2391304347826; 0,121209964
4768; 0,0625; 0,0625; 183,5; 0,1207237
4769; 0,0625; 0,0625; 184,34782608695653; 0,12128147
4770; 0,0625; 0,0625; 183,95652173913044; 0,12102405
4771; 0,0625; 0,0625; 181,6304347826087; 0,11949372
4772; 0,0625; 0,0625; 184,3913043478261; 0,12131008
4773; 0,0625; 0,0625; 184,19565217391303; 0,12118136
4774; 0,0625; 0,0625; 184,0; 0,12105264
4775; 0,0625; 0,0625; 182,69565217391303; 0,12019453
4776; 0,0625; 0,0625; 184,7608695652174; 0,12155323
4777; 0,0625; 0,0625; 184,45652173913044; 0,121352986
4778; 0,0625; 0,0625; 184,45652173913044; 0,12135299
4779; 0,0625; 0,0625; 184,32608695652175; 0,12126718
4780; 0,0625; 0,0625; 184,43478260869566; 0,12133869
4781; 0,0625; 0,0625; 183,7173913043478; 0,120866716
4782; 0,0625; 0,0625; 183,0; 0,12039475
4783; 0,0625; 0,0625; 184,32608695652175; 0,121267185
4784; 0,0625; 0,0625; 183,84782608695653; 0,12095253
4785; 0,0625; 0,0625; 181,54347826086956; 0,1194365
4786; 0,0625; 0,0625; 183,95652173913044; 0,12102406
4787; 0,0625; 0,0625; 182,65217391304347; 0,12016591
4788; 0,0625; 0,0625; 183,91304347826087; 0,12099544
4789; 0,0625; 0,0625; 182,58695652173913; 0,120123014
4790; 0,0625; 0,0625; 182,65217391304347; 0,12016592
4791; 0,0625; 0,0625; 184,7608695652174; 0,12155323
4792; 0,0625; 0,0625; 182,17391304347825; 0,11985128
4793; 0,0625; 0,0625; 183,80434782608697; 0,12092392
4794; 0,0625; 0,0625; 184,02173913043478; 0,12106691
4795; 0,0625; 0,0625; 182,67391304347825; 0,120180234
4796; 0,0625; 0,0625; 183,95652173913044; 0,12102402
4797; 0,0625; 0,0625; 185,02173913043478; 0,12172485
4798; 0,0625; 0,0625; 183,7608695652174; 0,120895326
4799; 0,0625; 0,0625; 183,93478260869566; 0,121009745
4800; 0,0625; 0,0625; 184,04347826086956; 0,121081255
4801; 0,0625; 0,0625; 184,43478260869566; 0,12133869
4802; 0,0625; 0,0625; 183,41304347826087; 0,12066648
4803; 0,0625; 0,0625; 183,97826086956522; 0,121038355
4804; 0,0625; 0,0625; 183,7391304347826; 0,12088103
4805; 0,0625; 0,0625; 184,7173913043478; 0,121524625
4806; 0,0625; 0,0625; 184,32608695652175; 0,12126718
4807; 0,0625; 0,0625; 183,54347826086956; 0,120752305
4808; 0,0625; 0,0625; 182,17391304347825; 0,11985128
4809; 0,0625; 0,0625; 182,47826086956522; 0,120051496
4810; 0,0625; 0,0625; 184,54347826086956; 0,12141019
4811; 0,0625; 0,0625; 184,06521739130434; 0,121095546
4812; 0,0625; 0,0625; 184,58695652173913; 0,121438794
4813; 0,0625; 0,0625; 183,95652173913044; 0,121024035
4814; 0,0625; 0,0625; 183,3695652173913; 0,120637886
4815; 0,0625; 0,0625; 183,82608695652175; 0,12093823
4816; 0,0625; 0,0625; 184,56521739130434; 0,12142449
4817; 0,0625; 0,0625; 183,91304347826087; 0,12099545
4818; 0,0625; 0,0625; 185,2826086956522; 0,12189646
4819; 0,0625; 0,0625; 184,69565217391303; 0,1215103
4820; 0,0625; 0,0625; 184,34782608695653; 0,12128149
4821; 0,0625; 0,0625; 183,52173913043478; 0,12073801
4822; 0,0625; 0,0625; 183,2173913043478; 0,12053778
4823; 0,0625; 0,0625; 183,7826086956522; 0,12090963
4824; 0,0625; 0,0625; 182,6086956521739; 0,12013732
4825; 0,0625; 0,0625; 184,04347826086956; 0,121081255
4826; 0,0625; 0,0625; 184,3695652173913; 0,12129579
4827; 0,0625; 0,0625; 184,04347826086956; 0,12108125
4828; 0,0625; 0,0625; 184,06521739130434; 0,121095546
4829; 0,0625; 0,0625; 185,0; 0,12171054
4830; 0,0625; 0,0625; 182,1086956521739; 0,119808376
4831; 0,0625; 0,0625; 184,82608695652175; 0,12159612
4832; 0,0625; 0,0625; 184,45652173913044; 0,12135299
4833; 0,0625; 0,0625; 184,8913043478261; 0,12163904
4834; 0,0625; 0,0625; 183,06521739130434; 0,12043767
4835; 0,0625; 0,0625; 181,43478260869566; 0,119365
4836; 0,0625; 0,0625; 184,69565217391303; 0,1215103
4837; 0,0625; 0,0625; 182,3913043478261; 0,119994305
4838; 0,0625; 0,0625; 184,34782608695653; 0,12128148
4839; 0,0625; 0,0625; 181,2391304347826; 0,11923628
4840; 0,0625; 0,0625; 184,91304347826087; 0,12165332
4841; 0,0625; 0,0625; 184,91304347826087; 0,12165334
4842; 0,0625; 0,0625; 184,30434782608697; 0,12125287
4843; 0,0625; 0,0625; 184,54347826086956; 0,121410206
4844; 0,0625; 0,0625; 184,45652173913044; 0,121352986
4845; 0,0625; 0,0625; 182,84782608695653; 0,120294645
4846; 0,0625; 0,0625; 184,5; 0,12138157
4847; 0,0625; 0,0625; 182,7391304347826; 0,12022313
4848; 0,0625; 0,0625; 184,2826086956522; 0,121238574
4849; 0,0625; 0,0625; 183,5; 0,120723695
4850; 0,0625; 0,0625; 180,82608695652175; 0,11896456
4851; 0,0625; 0,0625; 182,8695652173913; 0,120308936
4852; 0,0625; 0,0625; 184,43478260869566; 0,12133869
4853; 0,0625; 0,0625; 183,52173913043478; 0,12073801
4854; 0,0625; 0,0625; 184,6086956521739; 0,1214531
4855; 0,0625; 0,0625; 183,6086956521739; 0,1207952
4856; 0,0625; 0,0625; 183,97826086956522; 0,12103834
4857; 0,0625; 0,0625; 184,34782608695653; 0,12128149
4858; 0,0625; 0,0625; 183,2173913043478; 0,12053778
4859; 0,0625; 0,0625; 184,04347826086956; 0,12108124
4860; 0,0625; 0,0625; 183,7391304347826; 0,12088102
4861; 0,0625; 0,0625; 184,41304347826087; 0,12132438
4862; 0,0625; 0,0625; 185,95652173913044; 0,12233983
4863; 0,0625; 0,0625; 184,67391304347825; 0,121496014
4864; 0,0625; 0,0625; 184,7391304347826; 0,12153891
4865; 0,0625; 0,0625; 184,54347826086956; 0,12141018
4866; 0,0625; 0,0625; 184,2826086956522; 0,12123858
4867; 0,0625; 0,0625; 184,02173913043478; 0,12106694
4868; 0,0625; 0,0625; 184,19565217391303; 0,12118136
4869; 0,0625; 0,0625; 183,69565217391303; 0,12085242
4870; 0,0625; 0,0625; 183,30434782608697; 0,120594986
4871; 0,0625; 0,0625; 184,2173913043478; 0,12119567
4872; 0,0625; 0,0625; 182,02173913043478; 0,11975116
4873; 0,0625; 0,0625; 183,69565217391303; 0,12085242
4874; 0,0625; 0,0625; 184,65217391304347; 0,1214817
4875; 0,0625; 0,0625; 183,58695652173913; 0,1207809
4876; 0,0625; 0,0625; 183,7826086956522; 0,12090964
4877; 0,0625; 0,0625; 182,43478260869566; 0,120022886
4878; 0,0625; 0,0625; 183,7173913043478; 0,12086672
4879; 0,0625; 0,0625; 184,34782608695653; 0,12128149
4880; 0,0625; 0,0625; 182,6086956521739; 0,12013732
4881; 0,0625; 0,0625; 183,02173913043478; 0,12040904
4882; 0,0625; 0,0625; 183,95652173913044; 0,12102405
4883; 0,0625; 0,0625; 183,1086956521739; 0,120466255
4884; 0,0625; 0,0625; 184,97826086956522; 0,121696234
4885; 0,0625; 0,0625; 182,52173913043478; 0,120080106
4886; 0,0625; 0,0625; 184,56521739130434; 0,121424496
4887; 0,0625; 0,0625; 183,67391304347825; 0,12083812
4888; 0,0625; 0,0625; 184,5; 0,121381596
4889; 0,0625; 0,0625; 184,58695652173913; 0,1214388
4890; 0,0625; 0,0625; 182,6304347826087; 0,1201516
4891; 0,0625; 0,0625; 183,2391304347826; 0,12055207
4892; 0,0625; 0,0625; 183,91304347826087; 0,12099545
4893; 0,0625; 0,0625; 184,06521739130434; 0,12109555
4894; 0,0625; 0,0625; 185,17391304347825; 0,12182496
4895; 0,0625; 0,0625; 184,3695652173913; 0,12129579
4896; 0,0625; 0,0625; 183,69565217391303; 0,12085242
4897; 0,0625; 0,0625; 184,15217391304347; 0,121152766
4898; 0,0625; 0,0625; 185,2391304347826; 0,121867865
4899; 0,0625; 0,0625; 184,1304347826087; 0,12113847
4900; 0,0625; 0,0625; 183,32608695652175; 0,12060928
4901; 0,0625; 0,0625; 184,8913043478261; 0,12163904
4902; 0,0625; 0,0625; 183,54347826086956; 0,120752305
4903; 0,0625; 0,0625; 184,02173913043478; 0,12106694
4904; 0,0625; 0,0625; 184,56521739130434; 0,121424496
4905; 0,0625; 0,0625; 183,97826086956522; 0,121038355
4906; 0,0625; 0,0625; 183,80434782608697; 0,12092394
4907; 0,0625; 0,0625; 184,1086956521739; 0,12112416
4908; 0,0625; 0,0625; 184,56521739130434; 0,12142451
4909; 0,0625; 0,0625; 184,7826086956522; 0,12156752
4910; 0,0625; 0,0625; 183,6304347826087; 0,120809525
4911; 0,0625; 0,0625; 184,65217391304347; 0,12148171
4912; 0,0625; 0,0625; 184,19565217391303; 0,12118138
4913; 0,0625; 0,0625; 183,8695652173913; 0,12096683
4914; 0,0625; 0,0625; 183,04347826086956; 0,12042336
4915; 0,0625; 0,0625; 183,84782608695653; 0,12095253
4916; 0,0625; 0,0625; 184,06521739130434; 0,12109555
4917; 0,0625; 0,0625; 183,2608695652174; 0,120566376
4918; 0,0625; 0,0625; 183,95652173913044; 0,12102405
4919; 0,0625; 0,0625; 184,93478260869566; 0,12166762
4920; 0,0625; 0,0625; 183,82608695652175; 0,12093822
4921; 0,0625; 0,0625; 184,34782608695653; 0,12128149
4922; 0,0625; 0,0625; 183,47826086956522; 0,1207094
4923; 0,0625; 0,0625; 181,30434782608697; 0,1192792
4924; 0,0625; 0,0625; 183,95652173913044; 0,121024035
4925; 0,0625; 0,0625; 183,82608695652175; 0,120938204
4926; 0,0625; 0,0625; 184,93478260869566; 0,121667646
4927; 0,0625; 0,0625; 183,58695652173913; 0,120780915
4928; 0,0625; 0,0625; 183,58695652173913; 0,120780915
4929; 0,0625; 0,0625; 184,84782608695653; 0,12161043
4930; 0,0625; 0,0625; 185,06521739130434; 0,12175346
4931; 0,0625; 0,0625; 182,69565217391303; 0,12019452
4932; 0,0625; 0,0625; 184,67391304347825; 0,12149602
4933; 0,0625; 0,0625; 183,95652173913044; 0,121024035
4934; 0,0625; 0,0625; 184,1086956521739; 0,12112414
4935; 0,0625; 0,0625; 183,34782608695653; 0,12062358
4936; 0,0625; 0,0625; 183,58695652173913; 0,120780915
4937; 0,0625; 0,0625; 182,6304347826087; 0,12015163
4938; 0,0625; 0,0625; 184,0; 0,12105266
4939; 0,0625; 0,0625; 186,1304347826087; 0,12245426
4940; 0,0625; 0,0625; 183,65217391304347; 0,120823815
4941; 0,0625; 0,0625; 182,6304347826087; 0,1201516
4942; 0,0625; 0,0625; 183,91304347826087; 0,12099544
4943; 0,0625; 0,0625; 183,47826086956522; 0,12070941
4944; 0,0625; 0,0625; 183,8913043478261; 0,120981134
4945; 0,0625; 0,0625; 183,84782608695653; 0,12095251
4946; 0,0625; 0,0625; 183,91304347826087; 0,12099544
4947; 0,0625; 0,0625; 182,19565217391303; 0,119865574
4948; 0,0625; 0,0625; 182,54347826086956; 0,12009441
4949; 0,0625; 0,0625; 183,47826086956522; 0,12070939
4950; 0,0625; 0,0625; 182,80434782608697; 0,12026602
4951; 0,0625; 0,0625; 185,1304347826087; 0,12179636
4952; 0,0625; 0,0625; 183,1086956521739; 0,12046628
4953; 0,0625; 0,0625; 184,7173913043478; 0,1215246
4954; 0,0625; 0,0625; 185,2391304347826; 0,12186785
4955; 0,0625; 0,0625; 184,02173913043478; 0,12106695
4956; 0,0625; 0,0625; 182,3913043478261; 0,11999429
4957; 0,0625; 0,0625; 184,84782608695653; 0,12161041
4958; 0,0625; 0,0625; 182,34782608695653; 0,119965695
4959; 0,0625; 0,0625; 183,2391304347826; 0,12055207
4960; 0,0625; 0,0625; 182,0; 0,11973685
4961; 0,0625; 0,0625; 184,45652173913044; 0,121352986
4962; 0,0625; 0,0625; 185,3695652173913; 0,12195367
4963; 0,0625; 0,0625; 184,41304347826087; 0,1213244
4964; 0,0625; 0,0625; 183,54347826086956; 0,12075231
4965; 0,0625; 0,0625; 184,2608695652174; 0,12122428
4966; 0,0625; 0,0625; 183,93478260869566; 0,121009745
4967; 0,0625; 0,0625; 184,08695652173913; 0,12110986
4968; 0,0625; 0,0625; 183,91304347826087; 0,12099544
4969; 0,0625; 0,0625; 181,67391304347825; 0,119522326
4970; 0,0625; 0,0625; 185,45652173913044; 0,12201087
4971; 0,0625; 0,0625; 182,97826086956522; 0,12038046
4972; 0,0625; 0,0625; 184,06521739130434; 0,12109556
4973; 0,0625; 0,0625; 183,2173913043478; 0,12053778
4974; 0,0625; 0,0625; 184,97826086956522; 0,12169623
4975; 0,0625; 0,0625; 184,06521739130434; 0,12109555
4976; 0,0625; 0,0625; 184,1086956521739; 0,121124156
4977; 0,0625; 0,0625; 184,2391304347826; 0,121209964
4978; 0,0625; 0,0625; 183,6086956521739; 0,120795205
4979; 0,0625; 0,0625; 182,41304347826087; 0,120008595
4980; 0,0625; 0,0625; 183,6304347826087; 0,1208095
4981; 0,0625; 0,0625; 182,7608695652174; 0,12023743
4982; 0,0625; 0,0625; 184,04347826086956; 0,121081255
4983; 0,0625; 0,0625; 182,7173913043478; 0,12020882
4984; 0,0625; 0,0625; 186,7608695652174; 0,122869015
4985; 0,0625; 0,0625; 183,17391304347825; 0,12050915
4986; 0,0625; 0,0625; 183,6304347826087; 0,120809525
4987; 0,0625; 0,0625; 183,6304347826087; 0,1208095
4988; 0,0625; 0,0625; 184,47826086956522; 0,1213673
4989; 0,0625; 0,0625; 184,1304347826087; 0,12113846
4990; 0,0625; 0,0625; 184,32608695652175; 0,12126718
4991; 0,0625; 0,0625; 184,02173913043478; 0,12106694
4992; 0,0625; 0,0625; 182,84782608695653; 0,12029463
4993; 0,0625; 0,0625; 184,34782608695653; 0,12128148
4994; 0,0625; 0,0625; 184,5; 0,1213816
4995; 0,0625; 0,0625; 185,17391304347825; 0,12182497
4996; 0,0625; 0,0625; 183,8695652173913; 0,12096684
4997; 0,0625; 0,0625; 183,65217391304347; 0,12082381
4998; 0,0625; 0,0625; 183,6304347826087; 0,120809495
4999; 0,0625; 0,0625; 184,2391304347826; 0,12120997
5000; 0,0625; 0,0625; 182,93478260869566; 0,12035185
5001; 0,0625; 0,0625; 183,43478260869566; 0,12068079
5002; 0,0625; 0,0625; 182,2826086956522; 0,11992277
5003; 0,0625; 0,0625; 182,43478260869566; 0,1200229
5004; 0,0625; 0,0625; 183,30434782608697; 0,12059498
5005; 0,0625; 0,0625; 183,6086956521739; 0,1207952
5006; 0,0625; 0,0625; 184,3913043478261; 0,12131009
5007; 0,0625; 0,0625; 184,41304347826087; 0,1213244
5008; 0,0625; 0,0625; 183,67391304347825; 0,12083811
5009; 0,0625; 0,0625; 183,67391304347825; 0,120838106
5010; 0,0625; 0,0625; 182,91304347826087; 0,120337546
5011; 0,0625; 0,0625; 183,7826086956522; 0,12090963
5012; 0,0625; 0,0625; 184,56521739130434; 0,121424496
5013; 0,0625; 0,0625; 183,93478260869566; 0,121009745
5014; 0,0625; 0,0625; 183,45652173913044; 0,120695084
5015; 0,0625; 0,0625; 183,84782608695653; 0,12095253
5016; 0,0625; 0,0625; 182,8695652173913; 0,12030895
5017; 0,0625; 0,0625; 184,08695652173913; 0,12110986
5018; 0,0625; 0,0625; 184,2608695652174; 0,12122426
5019; 0,0625; 0,0625; 183,97826086956522; 0,12103834
5020; 0,0625; 0,0625; 184,2391304347826; 0,121209964
5021; 0,0625; 0,0625; 181,32608695652175; 0,119293496
5022; 0,0625; 0,0625; 184,0; 0,121052645
5023; 0,0625; 0,0625; 184,47826086956522; 0,12136729
5024; 0,0625; 0,0625; 182,7391304347826; 0,12022313
5025; 0,0625; 0,0625; 183,8913043478261; 0,120981134
5026; 0,0625; 0,0625; 184,2391304347826; 0,12120996
5027; 0,0625; 0,0625; 184,69565217391303; 0,12151032
5028; 0,0625; 0,0625; 184,8913043478261; 0,12163904
5029; 0,0625; 0,0625; 183,7826086956522; 0,12090963
5030; 0,0625; 0,0625; 184,06521739130434; 0,121095546
5031; 0,0625; 0,0625; 181,95652173913044; 0,11970825
5032; 0,0625; 0,0625; 183,0; 0,12039475
5033; 0,0625; 0,0625; 184,67391304347825; 0,121496014
5034; 0,0625; 0,0625; 184,30434782608697; 0,12125288
5035; 0,0625; 0,0625; 183,3913043478261; 0,12065219
5036; 0,0625; 0,0625; 183,58695652173913; 0,120780915
5037; 0,0625; 0,0625; 184,8695652173913; 0,121624716
5038; 0,0625; 0,0625; 184,7173913043478; 0,1215246
5039; 0,0625; 0,0625; 184,08695652173913; 0,12110985
5040; 0,0625; 0,0625; 184,56521739130434; 0,121424496
5041; 0,0625; 0,0625; 183,95652173913044; 0,12102405
5042; 0,0625; 0,0625; 183,17391304347825; 0,12050918
5043; 0,0625; 0,0625; 182,52173913043478; 0,120080106
5044; 0,0625; 0,0625; 183,7173913043478; 0,120866716
5045; 0,0625; 0,0625; 183,06521739130434; 0,12043767
5046; 0,0625; 0,0625; 183,69565217391303; 0,12085241
5047; 0,0625; 0,0625; 184,43478260869566; 0,12133869
5048; 0,0625; 0,0625; 182,1086956521739; 0,11980836
5049; 0,0625; 0,0625; 182,8913043478261; 0,12032324
5050; 0,0625; 0,0625; 184,1304347826087; 0,12113846
5051; 0,0625; 0,0625; 183,34782608695653; 0,120623596
5052; 0,0625; 0,0625; 183,6086956521739; 0,120795205
5053; 0,0625; 0,0625; 182,3913043478261; 0,11999429
5054; 0,0625; 0,0625; 184,54347826086956; 0,121410206
5055; 0,0625; 0,0625; 183,84782608695653; 0,120952524
5056; 0,0625; 0,0625; 184,17391304347825; 0,121167056
5057; 0,0625; 0,0625; 183,56521739130434; 0,12076661
5058; 0,0625; 0,0625; 182,2826086956522; 0,11992278
5059; 0,0625; 0,0625; 184,2173913043478; 0,12119567
5060; 0,0625; 0,0625; 182,43478260869566; 0,1200229
5061; 0,0625; 0,0625; 185,02173913043478; 0,121724844
5062; 0,0625; 0,0625; 183,7173913043478; 0,12086672
5063; 0,0625; 0,0625; 182,08695652173913; 0,119794056
5064; 0,0625; 0,0625; 184,08695652173913; 0,12110985
5065; 0,0625; 0,0625; 183,54347826086956; 0,12075229
5066; 0,0625; 0,0625; 183,95652173913044; 0,12102405
5067; 0,0625; 0,0625; 183,97826086956522; 0,12103834
5068; 0,0625; 0,0625; 184,84782608695653; 0,12161043
5069; 0,0625; 0,0625; 182,6304347826087; 0,12015162
5070; 0,0625; 0,0625; 184,41304347826087; 0,121324375
5071; 0,0625; 0,0625; 180,93478260869566; 0,11903607
5072; 0,0625; 0,0625; 185,67391304347825; 0,1221539
5073; 0,0625; 0,0625; 184,08695652173913; 0,12110986
5074; 0,0625; 0,0625; 184,32608695652175; 0,12126716
5075; 0,0625; 0,0625; 183,56521739130434; 0,120766595
5076; 0,0625; 0,0625; 184,17391304347825; 0,12116707
5077; 0,0625; 0,0625; 183,69565217391303; 0,120852396
5078; 0,0625; 0,0625; 184,0; 0,121052645
5079; 0,0625; 0,0625; 183,7391304347826; 0,12088103
5080; 0,0625; 0,0625; 185,47826086956522; 0,12202519
5081; 0,0625; 0,0625; 183,84782608695653; 0,12095253
5082; 0,0625; 0,0625; 184,2608695652174; 0,12122427
5083; 0,0625; 0,0625; 183,17391304347825; 0,12050918
5084; 0,0625; 0,0625; 184,7826086956522; 0,12156752
5085; 0,0625; 0,0625; 183,7391304347826; 0,12088103
5086; 0,0625; 0,0625; 182,58695652173913; 0,12012302
5087; 0,0625; 0,0625; 184,2173913043478; 0,12119567
5088; 0,0625; 0,0625; 181,82608695652175; 0,11962244
5089; 0,0625; 0,0625; 183,56521739130434; 0,12076661
5090; 0,0625; 0,0625; 183,7826086956522; 0,12090961
5091; 0,0625; 0,0625; 184,02173913043478; 0,12106695
5092; 0,0625; 0,0625; 184,6086956521739; 0,12145311
5093; 0,0625; 0,0625; 184,04347826086956; 0,121081255
5094; 0,0625; 0,0625; 184,3913043478261; 0,12131008
5095; 0,0625; 0,0625; 185,19565217391303; 0,121839255
5096; 0,0625; 0,0625; 185,17391304347825; 0,121824935
5097; 0,0625; 0,0625; 184,30434782608697; 0,12125288
5098; 0,0625; 0,0625; 183,04347826086956; 0,12042335
5099; 0,0625; 0,0625; 182,67391304347825; 0,12018021
5100; 0,0625; 0,0625; 185,6086956521739; 0,12211101
5101; 0,0625; 0,0625; 183,69565217391303; 0,120852426
5102; 0,0625; 0,0625; 183,6304347826087; 0,120809495
5103; 0,0625; 0,0625; 182,02173913043478; 0,11975116
5104; 0,0625; 0,0625; 185,54347826086956; 0,12206811
5105; 0,0625; 0,0625; 182,97826086956522; 0,12038045
5106; 0,0625; 0,0625; 183,8695652173913; 0,12096683
5107; 0,0625; 0,0625; 184,0; 0,12105266
5108; 0,0625; 0,0625; 184,5; 0,12138158
5109; 0,0625; 0,0625; 183,8695652173913; 0,12096684
5110; 0,0625; 0,0625; 183,19565217391303; 0,12052346
5111; 0,0625; 0,0625; 184,34782608695653; 0,12128147
5112; 0,0625; 0,0625; 184,56521739130434; 0,121424496
5113; 0,0625; 0,0625; 184,3913043478261; 0,12131007
5114; 0,0625; 0,0625; 184,65217391304347; 0,12148172
5115; 0,0625; 0,0625; 184,84782608695653; 0,12161041
5116; 0,0625; 0,0625; 184,6304347826087; 0,121467404
5117; 0,0625; 0,0625; 182,52173913043478; 0,120080106
5118; 0,0625; 0,0625; 182,1304347826087; 0,119822666
5119; 0,0625; 0,0625; 183,30434782608697; 0,12059497
5120; 0,0625; 0,0625; 184,3913043478261; 0,12131008
5121; 0,0625; 0,0625; 182,6304347826087; 0,12015162
5122; 0,0625; 0,0625; 184,6304347826087; 0,12146741
5123; 0,0625; 0,0625; 184,52173913043478; 0,121395886
5124; 0,0625; 0,0625; 183,67391304347825; 0,12083811
5125; 0,0625; 0,0625; 182,69565217391303; 0,12019452
5126; 0,0625; 0,0625; 184,3913043478261; 0,12131009
5127; 0,0625; 0,0625; 183,5; 0,120723695
5128; 0,0625; 0,0625; 184,7173913043478; 0,12152462
5129; 0,0625; 0,0625; 183,80434782608697; 0,12092394
5130; 0,0625; 0,0625; 183,06521739130434; 0,12043765
5131; 0,0625; 0,0625; 184,04347826086956; 0,121081255
5132; 0,0625; 0,0625; 182,32608695652175; 0,119951375
5133; 0,0625; 0,0625; 183,5; 0,1207237
5134; 0,0625; 0,0625; 183,7173913043478; 0,1208667
5135; 0,0625; 0,0625; 184,3695652173913; 0,121295795
5136; 0,0625; 0,0625; 183,2608695652174; 0,12056636
5137; 0,0625; 0,0625; 183,19565217391303; 0,12052346
5138; 0,0625; 0,0625; 184,04347826086956; 0,121081255
5139; 0,0625; 0,0625; 183,7391304347826; 0,120881036
5140; 0,0625; 0,0625; 184,7173913043478; 0,12152462
5141; 0,0625; 0,0625; 183,8913043478261; 0,12098112
5142; 0,0625; 0,0625; 184,1304347826087; 0,12113846
5143; 0,0625; 0,0625; 184,7608695652174; 0,12155323
5144; 0,0625; 0,0625; 184,04347826086956; 0,12108125
5145; 0,0625; 0,0625; 182,8913043478261; 0,12032323
5146; 0,0625; 0,0625; 184,1086956521739; 0,12112417
5147; 0,0625; 0,0625; 183,95652173913044; 0,12102405
5148; 0,0625; 0,0625; 183,80434782608697; 0,120923944
5149; 0,0625; 0,0625; 184,1086956521739; 0,12112414
5150; 0,0625; 0,0625; 182,1086956521739; 0,119808376
5151; 0,0625; 0,0625; 183,84782608695653; 0,1209525
5152; 0,0625; 0,0625; 182,2391304347826; 0,11989419
5153; 0,0625; 0,0625; 182,7826086956522; 0,12025174
5154; 0,0625; 0,0625; 184,7173913043478; 0,12152462
5155; 0,0625; 0,0625; 184,1304347826087; 0,12113847
5156; 0,0625; 0,0625; 184,5; 0,12138158
5157; 0,0625; 0,0625; 182,5; 0,1200658
5158; 0,0625; 0,0625; 184,1086956521739; 0,12112416
5159; 0,0625; 0,0625; 182,69565217391303; 0,12019453
5160; 0,0625; 0,0625; 182,47826086956522; 0,12005151
5161; 0,0625; 0,0625; 184,7173913043478; 0,121524625
5162; 0,0625; 0,0625; 183,34782608695653; 0,12062358
5163; 0,0625; 0,0625; 184,34782608695653; 0,12128149
5164; 0,0625; 0,0625; 184,2173913043478; 0,12119567
5165; 0,0625; 0,0625; 183,67391304347825; 0,12083811
5166; 0,0625; 0,0625; 183,91304347826087; 0,12099545
5167; 0,0625; 0,0625; 184,1304347826087; 0,121138446
5168; 0,0625; 0,0625; 183,7173913043478; 0,1208667
5169; 0,0625; 0,0625; 184,54347826086956; 0,12141018
5170; 0,0625; 0,0625; 184,3913043478261; 0,1213101
5171; 0,0625; 0,0625; 182,7826086956522; 0,12025173
5172; 0,0625; 0,0625; 183,65217391304347; 0,120823815
5173; 0,0625; 0,0625; 185,52173913043478; 0,12205378
5174; 0,0625; 0,0625; 184,45652173913044; 0,12135299
5175; 0,0625; 0,0625; 182,47826086956522; 0,120051496
5176; 0,0625; 0,0625; 183,1304347826087; 0,12048058
5177; 0,0625; 0,0625; 184,2826086956522; 0,12123858
5178; 0,0625; 0,0625; 183,93478260869566; 0,121009745
5179; 0,0625; 0,0625; 182,08695652173913; 0,11979407
5180; 0,0625; 0,0625; 184,43478260869566; 0,12133869
5181; 0,0625; 0,0625; 185,54347826086956; 0,122068085
5182; 0,0625; 0,0625; 183,5; 0,1207237
5183; 0,0625; 0,0625; 183,0; 0,12039475
5184; 0,0625; 0,0625; 183,7826086956522; 0,12090962
5185; 0,0625; 0,0625; 185,2173913043478; 0,12185356
5186; 0,0625; 0,0625; 184,67391304347825; 0,12149601
5187; 0,0625; 0,0625; 185,2391304347826; 0,12186785
5188; 0,0625; 0,0625; 184,3913043478261; 0,12131009
5189; 0,0625; 0,0625; 184,08695652173913; 0,12110985
5190; 0,0625; 0,0625; 183,67391304347825; 0,120838106
5191; 0,0625; 0,0625; 183,2173913043478; 0,12053778
5192; 0,0625; 0,0625; 184,34782608695653; 0,12128149
5193; 0,0625; 0,0625; 182,7173913043478; 0,12020882
5194; 0,0625; 0,0625; 184,41304347826087; 0,1213244
5195; 0,0625; 0,0625; 184,8913043478261; 0,12163901
5196; 0,0625; 0,0625; 184,32608695652175; 0,121267155
5197; 0,0625; 0,0625; 182,5; 0,1200658
5198; 0,0625; 0,0625; 185,17391304347825; 0,12182497
5199; 0,0625; 0,0625; 184,2608695652174; 0,12122428
5200; 0,0625; 0,0625; 184,32608695652175; 0,121267185
5201; 0,0625; 0,0625; 184,02173913043478; 0,12106695
5202; 0,0625; 0,0625; 184,1304347826087; 0,12113847
5203; 0,0625; 0,0625; 182,95652173913044; 0,12036614
5204; 0,0625; 0,0625; 184,08695652173913; 0,12110986
5205; 0,0625; 0,0625; 185,02173913043478; 0,121724844
5206; 0,0625; 0,0625; 183,8913043478261; 0,12098114
5207; 0,0625; 0,0625; 184,06521739130434; 0,12109555
5208; 0,0625; 0,0625; 183,69565217391303; 0,120852426
5209; 0,0625; 0,0625; 184,7391304347826; 0,12153893
5210; 0,0625; 0,0625; 183,30434782608697; 0,12059498
5211; 0,0625; 0,0625; 183,97826086956522; 0,12103833
5212; 0,0625; 0,0625; 184,58695652173913; 0,1214388
5213; 0,0625; 0,0625; 184,3913043478261; 0,12131009
5214; 0,0625; 0,0625; 183,7608695652174; 0,120895326
5215; 0,0625; 0,0625; 183,04347826086956; 0,12042336
5216; 0,0625; 0,0625; 184,7826086956522; 0,12156752
5217; 0,0625; 0,0625; 183,95652173913044; 0,121024035
5218; 0,0625; 0,0625; 183,2608695652174; 0,12056639
5219; 0,0625; 0,0625; 180,0; 0,11842108
5220; 0,0625; 0,0625; 184,19565217391303; 0,12118138
5221; 0,0625; 0,0625; 183,17391304347825; 0,120509155
5222; 0,0625; 0,0625; 185,2826086956522; 0,12189648
5223; 0,0625; 0,0625; 182,8913043478261; 0,12032324
5224; 0,0625; 0,0625; 181,15217391304347; 0,11917906
5225; 0,0625; 0,0625; 183,32608695652175; 0,12060926
5226; 0,0625; 0,0625; 184,1086956521739; 0,12112414
5227; 0,0625; 0,0625; 180,1304347826087; 0,11850688
5228; 0,0625; 0,0625; 184,2826086956522; 0,12123858
5229; 0,0625; 0,0625; 183,67391304347825; 0,12083811
5230; 0,0625; 0,0625; 183,69565217391303; 0,12085242
5231; 0,0625; 0,0625; 184,19565217391303; 0,121181354
5232; 0,0625; 0,0625; 184,15217391304347; 0,12115275
5233; 0,0625; 0,0625; 184,54347826086956; 0,12141019
5234; 0,0625; 0,0625; 184,2391304347826; 0,12120996
5235; 0,0625; 0,0625; 184,41304347826087; 0,12132438
5236; 0,0625; 0,0625; 184,1304347826087; 0,12113846
5237; 0,0625; 0,0625; 184,3913043478261; 0,1213101
5238; 0,0625; 0,0625; 182,32608695652175; 0,11995138
5239; 0,0625; 0,0625; 183,17391304347825; 0,12050917
5240; 0,0625; 0,0625; 182,34782608695653; 0,11996569
5241; 0,0625; 0,0625; 184,17391304347825; 0,121167056
5242; 0,0625; 0,0625; 184,15217391304347; 0,121152766
5243; 0,0625; 0,0625; 184,1086956521739; 0,121124156
5244; 0,0625; 0,0625; 183,6086956521739; 0,12079519
5245; 0,0625; 0,0625; 184,41304347826087; 0,12132438
5246; 0,0625; 0,0625; 182,43478260869566; 0,1200229
5247; 0,0625; 0,0625; 183,34782608695653; 0,12062359
5248; 0,0625; 0,0625; 184,3695652173913; 0,12129577
5249; 0,0625; 0,0625; 183,93478260869566; 0,121009715
5250; 0,0625; 0,0625; 184,1086956521739; 0,12112416
5251; 0,0625; 0,0625; 184,04347826086956; 0,12108127
5252; 0,0625; 0,0625; 184,3695652173913; 0,12129577
5253; 0,0625; 0,0625; 182,52173913043478; 0,1200801
5254; 0,0625; 0,0625; 183,7173913043478; 0,12086673
5255; 0,0625; 0,0625; 183,32608695652175; 0,120609276
5256; 0,0625; 0,0625; 183,97826086956522; 0,12103834
5257; 0,0625; 0,0625; 183,6086956521739; 0,120795205
5258; 0,0625; 0,0625; 184,30434782608697; 0,12125288
5259; 0,0625; 0,0625; 182,67391304347825; 0,12018023
5260; 0,0625; 0,0625; 184,1304347826087; 0,12113847
5261; 0,0625; 0,0625; 183,41304347826087; 0,1206665
5262; 0,0625; 0,0625; 181,52173913043478; 0,119422205
5263; 0,0625; 0,0625; 182,7173913043478; 0,12020882
5264; 0,0625; 0,0625; 183,6086956521739; 0,1207952
5265; 0,0625; 0,0625; 183,7391304347826; 0,120881
5266; 0,0625; 0,0625; 181,58695652173913; 0,119465105
5267; 0,0625; 0,0625; 184,15217391304347; 0,121152766
5268; 0,0625; 0,0625; 183,84782608695653; 0,12095255
5269; 0,0625; 0,0625; 185,2608695652174; 0,12188217
5270; 0,0625; 0,0625; 183,97826086956522; 0,121038355
5271; 0,0625; 0,0625; 183,41304347826087; 0,120666504
5272; 0,0625; 0,0625; 182,80434782608697; 0,120266035
5273; 0,0625; 0,0625; 183,32608695652175; 0,12060929
5274; 0,0625; 0,0625; 184,2173913043478; 0,12119568
5275; 0,0625; 0,0625; 184,2391304347826; 0,121209964
5276; 0,0625; 0,0625; 184,17391304347825; 0,12116705
5277; 0,0625; 0,0625; 183,69565217391303; 0,12085242
5278; 0,0625; 0,0625; 182,32608695652175; 0,119951375
5279; 0,0625; 0,0625; 182,7826086956522; 0,12025173
5280; 0,0625; 0,0625; 184,02173913043478; 0,12106694
5281; 0,0625; 0,0625; 183,69565217391303; 0,12085242
5282; 0,0625; 0,0625; 183,7826086956522; 0,12090963
5283; 0,0625; 0,0625; 183,30434782608697; 0,120594986
5284; 0,0625; 0,0625; 184,04347826086956; 0,12108125
5285; 0,0625; 0,0625; 184,04347826086956; 0,121081255
5286; 0,0625; 0,0625; 183,41304347826087; 0,120666474
5287; 0,0625; 0,0625; 184,2608695652174; 0,12122427
5288; 0,0625; 0,0625; 185,1086956521739; 0,12178204
5289; 0,0625; 0,0625; 182,80434782608697; 0,12026601
5290; 0,0625; 0,0625; 184,2173913043478; 0,12119566
5291; 0,0625; 0,0625; 183,8695652173913; 0,12096685
5292; 0,0625; 0,0625; 183,67391304347825; 0,12083811
5293; 0,0625; 0,0625; 184,2826086956522; 0,12123858
5294; 0,0625; 0,0625; 184,0; 0,121052645
5295; 0,0625; 0,0625; 180,8913043478261; 0,11900746
5296; 0,0625; 0,0625; 183,91304347826087; 0,12099542
5297; 0,0625; 0,0625; 182,52173913043478; 0,1200801
5298; 0,0625; 0,0625; 184,2826086956522; 0,12123858
5299; 0,0625; 0,0625; 182,54347826086956; 0,12009441
5300; 0,0625; 0,0625; 184,2173913043478; 0,12119567
5301; 0,0625; 0,0625; 185,5; 0,12203948
5302; 0,0625; 0,0625; 181,7391304347826; 0,11956524
5303; 0,0625; 0,0625; 184,15217391304347; 0,121152766
5304; 0,0625; 0,0625; 182,6304347826087; 0,120151624
5305; 0,0625; 0,0625; 183,3695652173913; 0,120637886
5306; 0,0625; 0,0625; 184,34782608695653; 0,12128149
5307; 0,0625; 0,0625; 184,3695652173913; 0,121295795
5308; 0,0625; 0,0625; 184,6086956521739; 0,12145312
5309; 0,0625; 0,0625; 183,2391304347826; 0,12055206
5310; 0,0625; 0,0625; 183,47826086956522; 0,12070941
5311; 0,0625; 0,0625; 184,1304347826087; 0,12113847
5312; 0,0625; 0,0625; 184,7391304347826; 0,12153892
5313; 0,0625; 0,0625; 183,32608695652175; 0,12060929
5314; 0,0625; 0,0625; 184,84782608695653; 0,1216104
5315; 0,0625; 0,0625; 183,7391304347826; 0,12088103
5316; 0,0625; 0,0625; 185,6086956521739; 0,122110985
5317; 0,0625; 0,0625; 184,1304347826087; 0,12113846
5318; 0,0625; 0,0625; 183,91304347826087; 0,120995425
5319; 0,0625; 0,0625; 184,3913043478261; 0,12131008
5320; 0,0625; 0,0625; 184,54347826086956; 0,12141018
5321; 0,0625; 0,0625; 184,06521739130434; 0,12109556
5322; 0,0625; 0,0625; 182,04347826086956; 0,11976547
5323; 0,0625; 0,0625; 183,97826086956522; 0,12103834
5324; 0,0625; 0,0625; 184,56521739130434; 0,12142449
5325; 0,0625; 0,0625; 183,82608695652175; 0,12093823
5326; 0,0625; 0,0625; 183,32608695652175; 0,12060929
5327; 0,0625; 0,0625; 184,2608695652174; 0,12122427
5328; 0,0625; 0,0625; 182,15217391304347; 0,119836986
5329; 0,0625; 0,0625; 183,97826086956522; 0,12103833
5330; 0,0625; 0,0625; 183,97826086956522; 0,12103834
5331; 0,0625; 0,0625; 183,95652173913044; 0,12102405
5332; 0,0625; 0,0625; 183,2173913043478; 0,120537765
5333; 0,0625; 0,0625; 184,41304347826087; 0,12132438
5334; 0,0625; 0,0625; 183,7608695652174; 0,12089531
5335; 0,0625; 0,0625; 184,3695652173913; 0,12129579
5336; 0,0625; 0,0625; 183,7173913043478; 0,12086672
5337; 0,0625; 0,0625; 184,32608695652175; 0,12126718
5338; 0,0625; 0,0625; 184,30434782608697; 0,12125289
5339; 0,0625; 0,0625; 182,32608695652175; 0,119951375
5340; 0,0625; 0,0625; 184,95652173913044; 0,121681936
5341; 0,0625; 0,0625; 184,30434782608697; 0,12125288
5342; 0,0625; 0,0625; 184,41304347826087; 0,12132438
5343; 0,0625; 0,0625; 181,45652173913044; 0,11937931
5344; 0,0625; 0,0625; 182,34782608695653; 0,119965695
5345; 0,0625; 0,0625; 184,6086956521739; 0,1214531
5346; 0,0625; 0,0625; 183,82608695652175; 0,12093823
5347; 0,0625; 0,0625; 183,8913043478261; 0,120981134
5348; 0,0625; 0,0625; 184,34782608695653; 0,12128148
5349; 0,0625; 0,0625; 183,2826086956522; 0,12058067
5350; 0,0625; 0,0625; 182,84782608695653; 0,12029463
5351; 0,0625; 0,0625; 184,84782608695653; 0,121610425
5352; 0,0625; 0,0625; 184,2391304347826; 0,121209964
5353; 0,0625; 0,0625; 184,41304347826087; 0,12132438
5354; 0,0625; 0,0625; 181,5; 0,1194079
5355; 0,0625; 0,0625; 184,2173913043478; 0,12119568
5356; 0,0625; 0,0625; 182,7391304347826; 0,12022313
5357; 0,0625; 0,0625; 183,7608695652174; 0,120895326
5358; 0,0625; 0,0625; 183,04347826086956; 0,12042335
5359; 0,0625; 0,0625; 182,43478260869566; 0,120022886
5360; 0,0625; 0,0625; 183,97826086956522; 0,121038325
5361; 0,0625; 0,0625; 185,02173913043478; 0,121724844
5362; 0,0625; 0,0625; 184,2608695652174; 0,12122427
5363; 0,0625; 0,0625; 184,52173913043478; 0,12139591
5364; 0,0625; 0,0625; 182,32608695652175; 0,11995139
5365; 0,0625; 0,0625; 184,67391304347825; 0,12149601
5366; 0,0625; 0,0625; 181,7826086956522; 0,11959384
5367; 0,0625; 0,0625; 181,15217391304347; 0,119179085
5368; 0,0625; 0,0625; 184,45652173913044; 0,12135299
5369; 0,0625; 0,0625; 182,5; 0,1200658
5370; 0,0625; 0,0625; 182,45652173913044; 0,12003719
5371; 0,0625; 0,0625; 183,65217391304347; 0,120823815
5372; 0,0625; 0,0625; 184,2826086956522; 0,121238574
5373; 0,0625; 0,0625; 185,52173913043478; 0,12205379
5374; 0,0625; 0,0625; 183,91304347826087; 0,12099544
5375; 0,0625; 0,0625; 183,58695652173913; 0,120780915
5376; 0,0625; 0,0625; 180,2608695652174; 0,118592694
5377; 0,0625; 0,0625; 184,06521739130434; 0,12109555
5378; 0,0625; 0,0625; 183,2826086956522; 0,12058067
5379; 0,0625; 0,0625; 183,45652173913044; 0,12069509
5380; 0,0625; 0,0625; 183,91304347826087; 0,120995425
5381; 0,0625; 0,0625; 184,2826086956522; 0,121238574
5382; 0,0625; 0,0625; 182,82608695652175; 0,120280325
5383; 0,0625; 0,0625; 184,43478260869566; 0,12133869
5384; 0,0625; 0,0625; 184,84782608695653; 0,12161041
5385; 0,0625; 0,0625; 183,32608695652175; 0,12060929
5386; 0,0625; 0,0625; 184,6086956521739; 0,1214531
5387; 0,0625; 0,0625; 184,2391304347826; 0,12120999
5388; 0,0625; 0,0625; 184,7826086956522; 0,12156753
5389; 0,0625; 0,0625; 184,34782608695653; 0,12128148
5390; 0,0625; 0,0625; 183,84782608695653; 0,120952524
5391; 0,0625; 0,0625; 183,45652173913044; 0,120695084
5392; 0,0625; 0,0625; 182,19565217391303; 0,119865574
5393; 0,0625; 0,0625; 184,56521739130434; 0,12142451
5394; 0,0625; 0,0625; 183,6304347826087; 0,1208095
5395; 0,0625; 0,0625; 183,7173913043478; 0,12086672
5396; 0,0625; 0,0625; 180,67391304347825; 0,11886443
5397; 0,0625; 0,0625; 185,2608695652174; 0,121882156
5398; 0,0625; 0,0625; 183,2173913043478; 0,120537765
5399; 0,0625; 0,0625; 183,65217391304347; 0,12082383
5400; 0,0625; 0,0625; 181,17391304347825; 0,11919339
5401; 0,0625; 0,0625; 184,04347826086956; 0,12108125
5402; 0,0625; 0,0625; 184,52173913043478; 0,1213959
5403; 0,0625; 0,0625; 184,52173913043478; 0,12139588
5404; 0,0625; 0,0625; 183,8695652173913; 0,12096683
5405; 0,0625; 0,0625; 184,08695652173913; 0,121109836
5406; 0,0625; 0,0625; 183,69565217391303; 0,12085242
5407; 0,0625; 0,0625; 183,58695652173913; 0,12078092
5408; 0,0625; 0,0625; 184,43478260869566; 0,12133868
5409; 0,0625; 0,0625; 182,80434782608697; 0,120266035
5410; 0,0625; 0,0625; 184,17391304347825; 0,12116704
5411; 0,0625; 0,0625; 185,54347826086956; 0,12206809
5412; 0,0625; 0,0625; 183,30434782608697; 0,12059498
5413; 0,0625; 0,0625; 183,91304347826087; 0,12099545
5414; 0,0625; 0,0625; 182,0; 0,119736865
5415; 0,0625; 0,0625; 184,17391304347825; 0,121167056
5416; 0,0625; 0,0625; 182,08695652173913; 0,11979408
5417; 0,0625; 0,0625; 183,43478260869566; 0,12068079
5418; 0,0625; 0,0625; 183,17391304347825; 0,12050917
5419; 0,0625; 0,0625; 184,19565217391303; 0,12118136
5420; 0,0625; 0,0625; 183,06521739130434; 0,12043767
5421; 0,0625; 0,0625; 181,3695652173913; 0,11932209
5422; 0,0625; 0,0625; 182,43478260869566; 0,120022886
5423; 0,0625; 0,0625; 183,15217391304347; 0,12049484
5424; 0,0625; 0,0625; 181,91304347826087; 0,11967966
5425; 0,0625; 0,0625; 184,34782608695653; 0,12128147
5426; 0,0625; 0,0625; 184,8695652173913; 0,121624716
5427; 0,0625; 0,0625; 184,34782608695653; 0,12128148
5428; 0,0625; 0,0625; 184,30434782608697; 0,12125287
5429; 0,0625; 0,0625; 183,7826086956522; 0,12090962
5430; 0,0625; 0,0625; 183,3695652173913; 0,12063787
5431; 0,0625; 0,0625; 183,47826086956522; 0,120709375
5432; 0,0625; 0,0625; 183,58695652173913; 0,120780915
5433; 0,0625; 0,0625; 184,0; 0,121052645
5434; 0,0625; 0,0625; 181,34782608695653; 0,1193078
5435; 0,0625; 0,0625; 184,30434782608697; 0,12125288
5436; 0,0625; 0,0625; 183,8695652173913; 0,12096683
5437; 0,0625; 0,0625; 183,93478260869566; 0,121009745
5438; 0,0625; 0,0625; 183,56521739130434; 0,12076661
5439; 0,0625; 0,0625; 184,1086956521739; 0,121124156
5440; 0,0625; 0,0625; 184,17391304347825; 0,12116707
5441; 0,0625; 0,0625; 184,04347826086956; 0,12108124
5442; 0,0625; 0,0625; 184,17391304347825; 0,12116707
5443; 0,0625; 0,0625; 182,82608695652175; 0,12028035
5444; 0,0625; 0,0625; 181,69565217391303; 0,11953663
5445; 0,0625; 0,0625; 184,0; 0,12105264
5446; 0,0625; 0,0625; 183,95652173913044; 0,121024035
5447; 0,0625; 0,0625; 183,06521739130434; 0,12043765
5448; 0,0625; 0,0625; 184,7173913043478; 0,121524595
5449; 0,0625; 0,0625; 184,3695652173913; 0,12129579
5450; 0,0625; 0,0625; 183,7391304347826; 0,120881006
5451; 0,0625; 0,0625; 184,08695652173913; 0,121109836
5452; 0,0625; 0,0625; 183,52173913043478; 0,12073802
5453; 0,0625; 0,0625; 184,30434782608697; 0,12125288
5454; 0,0625; 0,0625; 183,2173913043478; 0,120537765
5455; 0,0625; 0,0625; 183,82608695652175; 0,12093824
5456; 0,0625; 0,0625; 184,2173913043478; 0,12119567
5457; 0,0625; 0,0625; 184,84782608695653; 0,121610425
5458; 0,0625; 0,0625; 183,7608695652174; 0,12089533
5459; 0,0625; 0,0625; 182,45652173913044; 0,120037206
5460; 0,0625; 0,0625; 182,80434782608697; 0,120266035
5461; 0,0625; 0,0625; 183,84782608695653; 0,12095255
5462; 0,0625; 0,0625; 184,56521739130434; 0,12142449
5463; 0,0625; 0,0625; 182,7608695652174; 0,120237425
5464; 0,0625; 0,0625; 182,97826086956522; 0,12038046
5465; 0,0625; 0,0625; 183,95652173913044; 0,121024035
5466; 0,0625; 0,0625; 184,80434782608697; 0,12158182
5467; 0,0625; 0,0625; 184,17391304347825; 0,12116705
5468; 0,0625; 0,0625; 183,54347826086956; 0,12075229
5469; 0,0625; 0,0625; 184,1086956521739; 0,121124156
5470; 0,0625; 0,0625; 182,2173913043478; 0,11987988
5471; 0,0625; 0,0625; 183,8913043478261; 0,12098114
5472; 0,0625; 0,0625; 184,65217391304347; 0,12148171
5473; 0,0625; 0,0625; 183,6086956521739; 0,120795205
5474; 0,0625; 0,0625; 184,06521739130434; 0,12109556
5475; 0,0625; 0,0625; 183,7391304347826; 0,12088103
5476; 0,0625; 0,0625; 183,91304347826087; 0,12099546
5477; 0,0625; 0,0625; 183,52173913043478; 0,120738
5478; 0,0625; 0,0625; 184,19565217391303; 0,12118136
5479; 0,0625; 0,0625; 182,32608695652175; 0,11995139
5480; 0,0625; 0,0625; 184,08695652173913; 0,12110985
5481; 0,0625; 0,0625; 184,1304347826087; 0,121138446
5482; 0,0625; 0,0625; 184,84782608695653; 0,12161043
5483; 0,0625; 0,0625; 183,8913043478261; 0,12098111
5484; 0,0625; 0,0625; 183,93478260869566; 0,12100973
5485; 0,0625; 0,0625; 184,82608695652175; 0,12159614
5486; 0,0625; 0,0625; 184,2826086956522; 0,12123858
5487; 0,0625; 0,0625; 184,2391304347826; 0,12120997
5488; 0,0625; 0,0625; 182,67391304347825; 0,120180234
5489; 0,0625; 0,0625; 184,6086956521739; 0,12145311
5490; 0,0625; 0,0625; 183,8913043478261; 0,120981134
5491; 0,0625; 0,0625; 184,17391304347825; 0,12116707
5492; 0,0625; 0,0625; 184,2391304347826; 0,12120997
5493; 0,0625; 0,0625; 183,43478260869566; 0,12068079
5494; 0,0625; 0,0625; 183,6304347826087; 0,12080951
5495; 0,0625; 0,0625; 183,97826086956522; 0,12103834
5496; 0,0625; 0,0625; 183,65217391304347; 0,12082383
5497; 0,0625; 0,0625; 183,3913043478261; 0,12065219
5498; 0,0625; 0,0625; 184,58695652173913; 0,121438816
5499; 0,0625; 0,0625; 183,80434782608697; 0,12092394
5500; 0,0625; 0,0625; 183,91304347826087; 0,120995425
5501; 0,0625; 0,0625; 184,7173913043478; 0,12152462
5502; 0,0625; 0,0625; 184,2826086956522; 0,12123857
5503; 0,0625; 0,0625; 183,65217391304347; 0,12082381
5504; 0,0625; 0,0625; 184,17391304347825; 0,12116705
5505; 0,0625; 0,0625; 183,6304347826087; 0,120809495
5506; 0,0625; 0,0625; 183,08695652173913; 0,12045197
5507; 0,0625; 0,0625; 183,6304347826087; 0,12080951
5508; 0,0625; 0,0625; 184,47826086956522; 0,12136729
5509; 0,0625; 0,0625; 183,80434782608697; 0,12092392
5510; 0,0625; 0,0625; 182,43478260869566; 0,1200229
5511; 0,0625; 0,0625; 181,7391304347826; 0,11956524
5512; 0,0625; 0,0625; 183,52173913043478; 0,120737985
5513; 0,0625; 0,0625; 182,0; 0,119736865
5514; 0,0625; 0,0625; 183,19565217391303; 0,120523475
5515; 0,0625; 0,0625; 184,15217391304347; 0,12115277
5516; 0,0625; 0,0625; 182,82608695652175; 0,12028035
5517; 0,0625; 0,0625; 182,2173913043478; 0,11987986
5518; 0,0625; 0,0625; 184,80434782608697; 0,12158182
5519; 0,0625; 0,0625; 183,91304347826087; 0,12099545
5520; 0,0625; 0,0625; 182,15217391304347; 0,11983696
5521; 0,0625; 0,0625; 185,15217391304347; 0,12181065
5522; 0,0625; 0,0625; 183,69565217391303; 0,120852426
5523; 0,0625; 0,0625; 182,2173913043478; 0,11987989
5524; 0,0625; 0,0625; 181,82608695652175; 0,11962244
5525; 0,0625; 0,0625; 183,56521739130434; 0,120766595
5526; 0,0625; 0,0625; 182,93478260869566; 0,12035184
5527; 0,0625; 0,0625; 184,19565217391303; 0,12118136
5528; 0,0625; 0,0625; 183,2173913043478; 0,120537765
5529; 0,0625; 0,0625; 184,7608695652174; 0,12155319
5530; 0,0625; 0,0625; 184,08695652173913; 0,12110986
5531; 0,0625; 0,0625; 184,1086956521739; 0,121124156
5532; 0,0625; 0,0625; 184,58695652173913; 0,1214388
5533; 0,0625; 0,0625; 182,30434782608697; 0,11993707
5534; 0,0625; 0,0625; 182,5; 0,12006579
5535; 0,0625; 0,0625; 182,97826086956522; 0,120380454
5536; 0,0625; 0,0625; 183,1304347826087; 0,12048056
5537; 0,0625; 0,0625; 182,7173913043478; 0,120208815
5538; 0,0625; 0,0625; 183,58695652173913; 0,1207809
5539; 0,0625; 0,0625; 184,2826086956522; 0,121238574
5540; 0,0625; 0,0625; 185,0; 0,12171054
5541; 0,0625; 0,0625; 182,5; 0,120065816
5542; 0,0625; 0,0625; 183,93478260869566; 0,121009745
5543; 0,0625; 0,0625; 184,34782608695653; 0,12128148
5544; 0,0625; 0,0625; 184,1086956521739; 0,121124156
5545; 0,0625; 0,0625; 184,8913043478261; 0,121639036
5546; 0,0625; 0,0625; 183,6304347826087; 0,12080951
5547; 0,0625; 0,0625; 183,02173913043478; 0,120409064
5548; 0,0625; 0,0625; 184,95652173913044; 0,12168196
5549; 0,0625; 0,0625; 184,1304347826087; 0,12113846
5550; 0,0625; 0,0625; 184,32608695652175; 0,12126718
5551; 0,0625; 0,0625; 184,3695652173913; 0,12129579
5552; 0,0625; 0,0625; 184,47826086956522; 0,12136729
5553; 0,0625; 0,0625; 183,2391304347826; 0,12055206
5554; 0,0625; 0,0625; 184,1304347826087; 0,121138446
5555; 0,0625; 0,0625; 183,65217391304347; 0,120823815
5556; 0,0625; 0,0625; 184,6304347826087; 0,121467404
5557; 0,0625; 0,0625; 184,0; 0,12105264
5558; 0,0625; 0,0625; 181,08695652173913; 0,11913617
5559; 0,0625; 0,0625; 184,3913043478261; 0,12131009
5560; 0,0625; 0,0625; 183,80434782608697; 0,12092394
5561; 0,0625; 0,0625; 183,56521739130434; 0,12076659
5562; 0,0625; 0,0625; 184,56521739130434; 0,12142451
5563; 0,0625; 0,0625; 183,3913043478261; 0,1206522
5564; 0,0625; 0,0625; 184,2608695652174; 0,12122427
5565; 0,0625; 0,0625; 182,6304347826087; 0,120151624
5566; 0,0625; 0,0625; 183,06521739130434; 0,12043765
5567; 0,0625; 0,0625; 182,34782608695653; 0,119965695
5568; 0,0625; 0,0625; 182,47826086956522; 0,12005152
5569; 0,0625; 0,0625; 184,47826086956522; 0,12136729
5570; 0,0625; 0,0625; 183,65217391304347; 0,120823815
5571; 0,0625; 0,0625; 183,91304347826087; 0,12099544
5572; 0,0625; 0,0625; 183,43478260869566; 0,12068078
5573; 0,0625; 0,0625; 182,58695652173913; 0,120123014
5574; 0,0625; 0,0625; 183,08695652173913; 0,12045195
5575; 0,0625; 0,0625; 183,2826086956522; 0,12058067
5576; 0,0625; 0,0625; 183,8913043478261; 0,12098114
5577; 0,0625; 0,0625; 183,06521739130434; 0,120437644
5578; 0,0625; 0,0625; 182,82608695652175; 0,12028035
5579; 0,0625; 0,0625; 183,7391304347826; 0,12088102
5580; 0,0625; 0,0625; 181,08695652173913; 0,11913618
5581; 0,0625; 0,0625; 183,30434782608697; 0,12059498
5582; 0,0625; 0,0625; 182,1304347826087; 0,11982266
5583; 0,0625; 0,0625; 180,80434782608697; 0,118950255
5584; 0,0625; 0,0625; 183,17391304347825; 0,12050917
5585; 0,0625; 0,0625; 185,1086956521739; 0,121782064
5586; 0,0625; 0,0625; 183,65217391304347; 0,12082381
5587; 0,0625; 0,0625; 181,43478260869566; 0,11936501
5588; 0,0625; 0,0625; 183,95652173913044; 0,121024035
5589; 0,0625; 0,0625; 184,0; 0,12105264
5590; 0,0625; 0,0625; 182,47826086956522; 0,120051496
5591; 0,0625; 0,0625; 184,2173913043478; 0,12119568
5592; 0,0625; 0,0625; 183,91304347826087; 0,120995425
5593; 0,0625; 0,0625; 182,80434782608697; 0,120266035
5594; 0,0625; 0,0625; 184,1304347826087; 0,12113846
5595; 0,0625; 0,0625; 184,34782608695653; 0,12128148
5596; 0,0625; 0,0625; 184,0; 0,12105266
5597; 0,0625; 0,0625; 185,04347826086956; 0,12173916
5598; 0,0625; 0,0625; 183,04347826086956; 0,12042336
5599; 0,0625; 0,0625; 184,0; 0,12105266
5600; 0,0625; 0,0625; 184,3695652173913; 0,12129577
5601; 0,0625; 0,0625; 185,7608695652174; 0,12221112
5602; 0,0625; 0,0625; 185,15217391304347; 0,12181063
5603; 0,0625; 0,0625; 183,82608695652175; 0,12093822
5604; 0,0625; 0,0625; 182,2173913043478; 0,11987988
5605; 0,0625; 0,0625; 183,8913043478261; 0,12098114
5606; 0,0625; 0,0625; 182,8695652173913; 0,12030893
5607; 0,0625; 0,0625; 181,7826086956522; 0,11959383
5608; 0,0625; 0,0625; 183,54347826086956; 0,120752305
5609; 0,0625; 0,0625; 182,82608695652175; 0,12028034
5610; 0,0625; 0,0625; 185,02173913043478; 0,12172484
5611; 0,0625; 0,0625; 184,82608695652175; 0,12159614
5612; 0,0625; 0,0625; 183,34782608695653; 0,120623596
5613; 0,0625; 0,0625; 183,97826086956522; 0,12103834
5614; 0,0625; 0,0625; 182,65217391304347; 0,12016592
5615; 0,0625; 0,0625; 183,95652173913044; 0,121024035
5616; 0,0625; 0,0625; 184,06521739130434; 0,12109555
5617; 0,0625; 0,0625; 184,97826086956522; 0,12169623
5618; 0,0625; 0,0625; 184,1086956521739; 0,12112416
5619; 0,0625; 0,0625; 183,84782608695653; 0,12095255
5620; 0,0625; 0,0625; 183,6086956521739; 0,12079522
5621; 0,0625; 0,0625; 183,6304347826087; 0,1208095
5622; 0,0625; 0,0625; 182,80434782608697; 0,12026602
5623; 0,0625; 0,0625; 183,91304347826087; 0,120995425
5624; 0,0625; 0,0625; 184,8695652173913; 0,12162474
5625; 0,0625; 0,0625; 183,19565217391303; 0,12052345
5626; 0,0625; 0,0625; 184,32608695652175; 0,121267185
5627; 0,0625; 0,0625; 183,7608695652174; 0,12089533
5628; 0,0625; 0,0625; 185,69565217391303; 0,12216819
5629; 0,0625; 0,0625; 183,1304347826087; 0,12048057
5630; 0,0625; 0,0625; 183,97826086956522; 0,121038355
5631; 0,0625; 0,0625; 182,52173913043478; 0,120080106
5632; 0,0625; 0,0625; 182,93478260869566; 0,12035184
5633; 0,0625; 0,0625; 184,34782608695653; 0,12128148
5634; 0,0625; 0,0625; 184,93478260869566; 0,121667646
5635; 0,0625; 0,0625; 183,95652173913044; 0,12102406
5636; 0,0625; 0,0625; 183,6304347826087; 0,1208095
5637; 0,0625; 0,0625; 183,84782608695653; 0,12095255
5638; 0,0625; 0,0625; 182,93478260869566; 0,120351836
5639; 0,0625; 0,0625; 183,91304347826087; 0,12099545
5640; 0,0625; 0,0625; 185,1304347826087; 0,12179636
5641; 0,0625; 0,0625; 183,45652173913044; 0,120695084
5642; 0,0625; 0,0625; 183,56521739130434; 0,12076661
5643; 0,0625; 0,0625; 184,34782608695653; 0,12128149
5644; 0,0625; 0,0625; 182,1086956521739; 0,119808376
5645; 0,0625; 0,0625; 183,6304347826087; 0,120809525
5646; 0,0625; 0,0625; 183,91304347826087; 0,12099544
5647; 0,0625; 0,0625; 184,1304347826087; 0,12113846
5648; 0,0625; 0,0625; 182,7826086956522; 0,12025173
5649; 0,0625; 0,0625; 184,0; 0,12105263
5650; 0,0625; 0,0625; 183,80434782608697; 0,12092392
5651; 0,0625; 0,0625; 183,95652173913044; 0,12102405
5652; 0,0625; 0,0625; 183,1304347826087; 0,12048056
5653; 0,0625; 0,0625; 181,7826086956522; 0,11959385
5654; 0,0625; 0,0625; 183,47826086956522; 0,1207094
5655; 0,0625; 0,0625; 183,69565217391303; 0,12085241
5656; 0,0625; 0,0625; 184,7608695652174; 0,12155321
5657; 0,0625; 0,0625; 183,6304347826087; 0,120809495
5658; 0,0625; 0,0625; 182,1304347826087; 0,11982266
5659; 0,0625; 0,0625; 183,43478260869566; 0,1206808
5660; 0,0625; 0,0625; 183,8913043478261; 0,12098112
5661; 0,0625; 0,0625; 183,54347826086956; 0,12075231
5662; 0,0625; 0,0625; 184,3913043478261; 0,12131009
5663; 0,0625; 0,0625; 182,8913043478261; 0,12032323
5664; 0,0625; 0,0625; 183,95652173913044; 0,12102405
5665; 0,0625; 0,0625; 184,97826086956522; 0,121696234
5666; 0,0625; 0,0625; 184,3695652173913; 0,12129579
5667; 0,0625; 0,0625; 183,2391304347826; 0,12055206
5668; 0,0625; 0,0625; 183,47826086956522; 0,1207094
5669; 0,0625; 0,0625; 184,19565217391303; 0,12118138
5670; 0,0625; 0,0625; 184,1086956521739; 0,12112416
5671; 0,0625; 0,0625; 183,04347826086956; 0,12042336
5672; 0,0625; 0,0625; 183,8913043478261; 0,12098116
5673; 0,0625; 0,0625; 184,6304347826087; 0,12146741
5674; 0,0625; 0,0625; 183,93478260869566; 0,121009745
5675; 0,0625; 0,0625; 183,2826086956522; 0,12058067
5676; 0,0625; 0,0625; 183,6086956521739; 0,120795205
5677; 0,0625; 0,0625; 182,2608695652174; 0,11990849
5678; 0,0625; 0,0625; 183,67391304347825; 0,12083811
5679; 0,0625; 0,0625; 181,06521739130434; 0,119121864
5680; 0,0625; 0,0625; 184,97826086956522; 0,121696234
5681; 0,0625; 0,0625; 184,3695652173913; 0,12129577
5682; 0,0625; 0,0625; 183,08695652173913; 0,12045196
5683; 0,0625; 0,0625; 184,1086956521739; 0,12112414
5684; 0,0625; 0,0625; 184,6086956521739; 0,12145311
5685; 0,0625; 0,0625; 182,69565217391303; 0,12019452
5686; 0,0625; 0,0625; 182,91304347826087; 0,12033754
5687; 0,0625; 0,0625; 185,2608695652174; 0,12188217
5688; 0,0625; 0,0625; 183,58695652173913; 0,1207809
5689; 0,0625; 0,0625; 182,47826086956522; 0,12005151
5690; 0,0625; 0,0625; 185,17391304347825; 0,12182496
5691; 0,0625; 0,0625; 184,6304347826087; 0,121467404
5692; 0,0625; 0,0625; 182,2608695652174; 0,11990849
5693; 0,0625; 0,0625; 183,7173913043478; 0,120866716
5694; 0,0625; 0,0625; 181,04347826086956; 0,11910756
5695; 0,0625; 0,0625; 183,5; 0,1207237
5696; 0,0625; 0,0625; 183,2608695652174; 0,12056639
5697; 0,0625; 0,0625; 184,1086956521739; 0,121124156
5698; 0,0625; 0,0625; 183,2608695652174; 0,12056636
5699; 0,0625; 0,0625; 184,15217391304347; 0,121152766
5700; 0,0625; 0,0625; 183,82608695652175; 0,12093823
5701; 0,0625; 0,0625; 184,3695652173913; 0,121295795
5702; 0,0625; 0,0625; 184,2608695652174; 0,12122428
5703; 0,0625; 0,0625; 182,41304347826087; 0,1200086
5704; 0,0625; 0,0625; 183,93478260869566; 0,12100973
5705; 0,0625; 0,0625; 184,7173913043478; 0,12152462
5706; 0,0625; 0,0625; 183,5; 0,120723695
5707; 0,0625; 0,0625; 184,43478260869566; 0,12133869
5708; 0,0625; 0,0625; 182,93478260869566; 0,120351836
5709; 0,0625; 0,0625; 183,7826086956522; 0,12090963
5710; 0,0625; 0,0625; 184,06521739130434; 0,12109555
5711; 0,0625; 0,0625; 184,3913043478261; 0,12131009
5712; 0,0625; 0,0625; 183,6304347826087; 0,12080951
5713; 0,0625; 0,0625; 184,2826086956522; 0,121238574
5714; 0,0625; 0,0625; 184,3695652173913; 0,12129579
5715; 0,0625; 0,0625; 185,2391304347826; 0,121867865
5716; 0,0625; 0,0625; 185,34782608695653; 0,121939376
5717; 0,0625; 0,0625; 184,54347826086956; 0,121410206
5718; 0,0625; 0,0625; 184,1304347826087; 0,12113846
5719; 0,0625; 0,0625; 183,02173913043478; 0,12040906
5720; 0,0625; 0,0625; 183,43478260869566; 0,1206808
5721; 0,0625; 0,0625; 182,02173913043478; 0,11975116
5722; 0,0625; 0,0625; 183,43478260869566; 0,12068079
5723; 0,0625; 0,0625; 182,65217391304347; 0,12016591
5724; 0,0625; 0,0625; 182,7608695652174; 0,12023741
5725; 0,0625; 0,0625; 182,3695652173913; 0,11997999
5726; 0,0625; 0,0625; 183,02173913043478; 0,12040906
5727; 0,0625; 0,0625; 183,2826086956522; 0,12058067
5728; 0,0625; 0,0625; 184,30434782608697; 0,12125288
5729; 0,0625; 0,0625; 183,15217391304347; 0,12049487
5730; 0,0625; 0,0625; 184,93478260869566; 0,12166763
5731; 0,0625; 0,0625; 182,67391304347825; 0,12018023
5732; 0,0625; 0,0625; 183,1304347826087; 0,12048057
5733; 0,0625; 0,0625; 184,32608695652175; 0,121267185
5734; 0,0625; 0,0625; 184,65217391304347; 0,12148171
5735; 0,0625; 0,0625; 183,97826086956522; 0,12103834
5736; 0,0625; 0,0625; 183,91304347826087; 0,12099545
5737; 0,0625; 0,0625; 183,47826086956522; 0,1207094
5738; 0,0625; 0,0625; 183,7826086956522; 0,12090963
5739; 0,0625; 0,0625; 184,04347826086956; 0,121081255
5740; 0,0625; 0,0625; 183,15217391304347; 0,120494865
5741; 0,0625; 0,0625; 184,30434782608697; 0,12125288
5742; 0,0625; 0,0625; 183,6304347826087; 0,120809495
5743; 0,0625; 0,0625; 184,84782608695653; 0,12161041
5744; 0,0625; 0,0625; 183,69565217391303; 0,12085241
5745; 0,0625; 0,0625; 183,7608695652174; 0,120895326
5746; 0,0625; 0,0625; 183,8695652173913; 0,12096684
5747; 0,0625; 0,0625; 182,56521739130434; 0,12010871
5748; 0,0625; 0,0625; 184,58695652173913; 0,12143877
5749; 0,0625; 0,0625; 183,80434782608697; 0,12092394
5750; 0,0625; 0,0625; 182,7173913043478; 0,12020884
5751; 0,0625; 0,0625; 185,0; 0,12171055
5752; 0,0625; 0,0625; 183,67391304347825; 0,12083811
5753; 0,0625; 0,0625; 183,8695652173913; 0,12096684
5754; 0,0625; 0,0625; 183,95652173913044; 0,121024035
5755; 0,0625; 0,0625; 184,7608695652174; 0,121553235
5756; 0,0625; 0,0625; 184,2826086956522; 0,121238574
5757; 0,0625; 0,0625; 184,08695652173913; 0,12110986
5758; 0,0625; 0,0625; 183,65217391304347; 0,120823815
5759; 0,0625; 0,0625; 183,56521739130434; 0,120766595
5760; 0,0625; 0,0625; 184,54347826086956; 0,12141019
5761; 0,0625; 0,0625; 183,95652173913044; 0,12102403
5762; 0,0625; 0,0625; 183,84782608695653; 0,12095253
5763; 0,0625; 0,0625; 185,08695652173913; 0,12176775
5764; 0,0625; 0,0625; 184,17391304347825; 0,121167056
5765; 0,0625; 0,0625; 183,08695652173913; 0,12045195
5766; 0,0625; 0,0625; 184,17391304347825; 0,12116707
5767; 0,0625; 0,0625; 184,6086956521739; 0,1214531
5768; 0,0625; 0,0625; 183,6086956521739; 0,12079519
5769; 0,0625; 0,0625; 184,6304347826087; 0,12146741
5770; 0,0625; 0,0625; 181,30434782608697; 0,119279176
5771; 0,0625; 0,0625; 184,7608695652174; 0,12155323
5772; 0,0625; 0,0625; 182,95652173913044; 0,12036613
5773; 0,0625; 0,0625; 182,56521739130434; 0,120108716
5774; 0,0625; 0,0625; 184,17391304347825; 0,121167056
5775; 0,0625; 0,0625; 182,56521739130434; 0,12010871
5776; 0,0625; 0,0625; 184,69565217391303; 0,12151031
5777; 0,0625; 0,0625; 183,1304347826087; 0,12048057
5778; 0,0625; 0,0625; 183,02173913043478; 0,120409064
5779; 0,0625; 0,0625; 181,02173913043478; 0,11909328
5780; 0,0625; 0,0625; 182,67391304347825; 0,12018023
5781; 0,0625; 0,0625; 184,69565217391303; 0,12151029
5782; 0,0625; 0,0625; 182,3913043478261; 0,11999429
5783; 0,0625; 0,0625; 184,2391304347826; 0,12120997
5784; 0,0625; 0,0625; 184,3695652173913; 0,12129577
5785; 0,0625; 0,0625; 183,34782608695653; 0,12062358
5786; 0,0625; 0,0625; 184,30434782608697; 0,12125287
5787; 0,0625; 0,0625; 184,34782608695653; 0,12128148
5788; 0,0625; 0,0625; 183,97826086956522; 0,12103834
5789; 0,0625; 0,0625; 184,3695652173913; 0,12129579
5790; 0,0625; 0,0625; 183,15217391304347; 0,12049487
5791; 0,0625; 0,0625; 181,97826086956522; 0,11972255
5792; 0,0625; 0,0625; 183,02173913043478; 0,12040906
5793; 0,0625; 0,0625; 183,8913043478261; 0,12098116
5794; 0,0625; 0,0625; 183,93478260869566; 0,12100972
5795; 0,0625; 0,0625; 183,6304347826087; 0,1208095
5796; 0,0625; 0,0625; 184,54347826086956; 0,121410206
5797; 0,0625; 0,0625; 182,2173913043478; 0,119879864
5798; 0,0625; 0,0625; 184,32608695652175; 0,12126718
5799; 0,0625; 0,0625; 184,6086956521739; 0,12145309
5800; 0,0625; 0,0625; 184,3913043478261; 0,12131007
5801; 0,0625; 0,0625; 182,6304347826087; 0,120151624
5802; 0,0625; 0,0625; 181,69565217391303; 0,11953663
5803; 0,0625; 0,0625; 183,82608695652175; 0,12093824
5804; 0,0625; 0,0625; 184,02173913043478; 0,12106694
5805; 0,0625; 0,0625; 182,8695652173913; 0,120308936
5806; 0,0625; 0,0625; 183,2826086956522; 0,120580666
5807; 0,0625; 0,0625; 184,58695652173913; 0,121438816
5808; 0,0625; 0,0625; 184,65217391304347; 0,12148172
5809; 0,0625; 0,0625; 182,82608695652175; 0,12028035
5810; 0,0625; 0,0625; 183,8913043478261; 0,120981134
5811; 0,0625; 0,0625; 183,6304347826087; 0,12080951
5812; 0,0625; 0,0625; 184,2826086956522; 0,121238574
5813; 0,0625; 0,0625; 184,0; 0,12105264
5814; 0,0625; 0,0625; 184,0; 0,121052645
5815; 0,0625; 0,0625; 184,7608695652174; 0,12155321
5816; 0,0625; 0,0625; 183,6086956521739; 0,12079522
5817; 0,0625; 0,0625; 183,3913043478261; 0,12065219
5818; 0,0625; 0,0625; 182,8695652173913; 0,12030893
5819; 0,0625; 0,0625; 184,19565217391303; 0,121181354
5820; 0,0625; 0,0625; 183,08695652173913; 0,12045197
5821; 0,0625; 0,0625; 183,52173913043478; 0,120738
5822; 0,0625; 0,0625; 183,82608695652175; 0,12093822
5823; 0,0625; 0,0625; 184,5; 0,1213816
5824; 0,0625; 0,0625; 183,95652173913044; 0,12102406
5825; 0,0625; 0,0625; 184,02173913043478; 0,12106695
5826; 0,0625; 0,0625; 182,5; 0,1200658
5827; 0,0625; 0,0625; 183,93478260869566; 0,121009745
5828; 0,0625; 0,0625; 183,84782608695653; 0,12095253
5829; 0,0625; 0,0625; 184,67391304347825; 0,121496014
5830; 0,0625; 0,0625; 184,02173913043478; 0,12106694
5831; 0,0625; 0,0625; 182,7391304347826; 0,12022313
5832; 0,0625; 0,0625; 181,7608695652174; 0,11957953
5833; 0,0625; 0,0625; 181,3695652173913; 0,119322106
5834; 0,0625; 0,0625; 184,15217391304347; 0,12115275
5835; 0,0625; 0,0625; 184,06521739130434; 0,12109555
5836; 0,0625; 0,0625; 183,3913043478261; 0,12065219
5837; 0,0625; 0,0625; 184,19565217391303; 0,121181354
5838; 0,0625; 0,0625; 183,43478260869566; 0,12068079
5839; 0,0625; 0,0625; 182,8913043478261; 0,120323256
5840; 0,0625; 0,0625; 184,17391304347825; 0,121167056
5841; 0,0625; 0,0625; 182,17391304347825; 0,11985128
5842; 0,0625; 0,0625; 183,69565217391303; 0,12085242
5843; 0,0625; 0,0625; 182,43478260869566; 0,1200229
5844; 0,0625; 0,0625; 184,34782608695653; 0,12128149
5845; 0,0625; 0,0625; 181,97826086956522; 0,119722545
5846; 0,0625; 0,0625; 183,15217391304347; 0,12049487
5847; 0,0625; 0,0625; 184,08695652173913; 0,121109836
5848; 0,0625; 0,0625; 183,3913043478261; 0,1206522
5849; 0,0625; 0,0625; 182,93478260869566; 0,12035184
5850; 0,0625; 0,0625; 184,2391304347826; 0,121209964
5851; 0,0625; 0,0625; 183,2391304347826; 0,12055206
5852; 0,0625; 0,0625; 183,02173913043478; 0,120409064
5853; 0,0625; 0,0625; 182,97826086956522; 0,120380454
5854; 0,0625; 0,0625; 180,41304347826087; 0,1186928
5855; 0,0625; 0,0625; 183,65217391304347; 0,120823815
5856; 0,0625; 0,0625; 184,1304347826087; 0,12113846
5857; 0,0625; 0,0625; 184,32608695652175; 0,12126718
5858; 0,0625; 0,0625; 184,34782608695653; 0,12128147
5859; 0,0625; 0,0625; 183,2826086956522; 0,12058067
5860; 0,0625; 0,0625; 183,7608695652174; 0,12089533
5861; 0,0625; 0,0625; 184,65217391304347; 0,12148171
5862; 0,0625; 0,0625; 183,32608695652175; 0,12060928
5863; 0,0625; 0,0625; 184,02173913043478; 0,12106692
5864; 0,0625; 0,0625; 183,82608695652175; 0,12093823
5865; 0,0625; 0,0625; 183,6086956521739; 0,120795205
5866; 0,0625; 0,0625; 184,06521739130434; 0,12109553
5867; 0,0625; 0,0625; 182,7608695652174; 0,12023745
5868; 0,0625; 0,0625; 180,34782608695653; 0,118649885
5869; 0,0625; 0,0625; 184,45652173913044; 0,12135297
5870; 0,0625; 0,0625; 181,1086956521739; 0,11915048
5871; 0,0625; 0,0625; 183,2826086956522; 0,12058067
5872; 0,0625; 0,0625; 185,41304347826087; 0,12198229
5873; 0,0625; 0,0625; 184,3695652173913; 0,12129577
5874; 0,0625; 0,0625; 183,30434782608697; 0,12059498
5875; 0,0625; 0,0625; 183,93478260869566; 0,12100977
5876; 0,0625; 0,0625; 184,43478260869566; 0,1213387
5877; 0,0625; 0,0625; 181,58695652173913; 0,11946511
5878; 0,0625; 0,0625; 183,7391304347826; 0,12088103
5879; 0,0625; 0,0625; 184,7173913043478; 0,1215246
5880; 0,0625; 0,0625; 184,1304347826087; 0,12113847
5881; 0,0625; 0,0625; 182,95652173913044; 0,12036615
5882; 0,0625; 0,0625; 183,7826086956522; 0,12090964
5883; 0,0625; 0,0625; 183,65217391304347; 0,12082381
5884; 0,0625; 0,0625; 184,08695652173913; 0,12110986
5885; 0,0625; 0,0625; 182,3913043478261; 0,11999429
5886; 0,0625; 0,0625; 183,6086956521739; 0,12079522
5887; 0,0625; 0,0625; 182,95652173913044; 0,120366156
5888; 0,0625; 0,0625; 181,15217391304347; 0,119179085
5889; 0,0625; 0,0625; 183,1304347826087; 0,12048057
5890; 0,0625; 0,0625; 184,41304347826087; 0,121324375
5891; 0,0625; 0,0625; 184,41304347826087; 0,1213244
5892; 0,0625; 0,0625; 181,6304347826087; 0,11949372
5893; 0,0625; 0,0625; 183,7826086956522; 0,12090964
5894; 0,0625; 0,0625; 183,7608695652174; 0,12089531
5895; 0,0625; 0,0625; 184,6086956521739; 0,12145309
5896; 0,0625; 0,0625; 183,82608695652175; 0,12093823
5897; 0,0625; 0,0625; 183,7608695652174; 0,120895326
5898; 0,0625; 0,0625; 183,32608695652175; 0,120609276
5899; 0,0625; 0,0625; 182,80434782608697; 0,12026604
5900; 0,0625; 0,0625; 183,95652173913044; 0,121024035
5901; 0,0625; 0,0625; 183,65217391304347; 0,120823815
5902; 0,0625; 0,0625; 184,91304347826087; 0,12165334
5903; 0,0625; 0,0625; 183,93478260869566; 0,121009745
5904; 0,0625; 0,0625; 182,5; 0,1200658
5905; 0,0625; 0,0625; 185,34782608695653; 0,12193936
5906; 0,0625; 0,0625; 183,7608695652174; 0,12089534
5907; 0,0625; 0,0625; 183,43478260869566; 0,1206808
5908; 0,0625; 0,0625; 182,84782608695653; 0,120294645
5909; 0,0625; 0,0625; 184,34782608695653; 0,12128148
5910; 0,0625; 0,0625; 183,1086956521739; 0,12046626
5911; 0,0625; 0,0625; 182,08695652173913; 0,119794056
5912; 0,0625; 0,0625; 185,43478260869566; 0,12199659
5913; 0,0625; 0,0625; 184,82608695652175; 0,12159612
5914; 0,0625; 0,0625; 184,2826086956522; 0,12123858
5915; 0,0625; 0,0625; 182,34782608695653; 0,11996569
5916; 0,0625; 0,0625; 183,8913043478261; 0,120981134
5917; 0,0625; 0,0625; 185,47826086956522; 0,12202519
5918; 0,0625; 0,0625; 184,34782608695653; 0,12128148
5919; 0,0625; 0,0625; 183,7826086956522; 0,12090963
5920; 0,0625; 0,0625; 184,5; 0,121381596
5921; 0,0625; 0,0625; 183,45652173913044; 0,120695084
5922; 0,0625; 0,0625; 182,2391304347826; 0,119894184
5923; 0,0625; 0,0625; 183,0; 0,12039476
5924; 0,0625; 0,0625; 183,97826086956522; 0,12103833
5925; 0,0625; 0,0625; 183,0; 0,12039475
5926; 0,0625; 0,0625; 180,2608695652174; 0,11859268
5927; 0,0625; 0,0625; 182,80434782608697; 0,120266035
5928; 0,0625; 0,0625; 184,02173913043478; 0,12106695
5929; 0,0625; 0,0625; 180,80434782608697; 0,118950255
5930; 0,0625; 0,0625; 183,52173913043478; 0,12073798
5931; 0,0625; 0,0625; 183,7826086956522; 0,12090963
5932; 0,0625; 0,0625; 184,32608695652175; 0,12126718
5933; 0,0625; 0,0625; 184,56521739130434; 0,121424496
5934; 0,0625; 0,0625; 182,5; 0,12006582
5935; 0,0625; 0,0625; 183,3913043478261; 0,12065219
5936; 0,0625; 0,0625; 184,32608695652175; 0,121267185
5937; 0,0625; 0,0625; 183,8695652173913; 0,12096683
5938; 0,0625; 0,0625; 184,19565217391303; 0,12118136
5939; 0,0625; 0,0625; 182,95652173913044; 0,12036615
5940; 0,0625; 0,0625; 184,06521739130434; 0,121095546
5941; 0,0625; 0,0625; 182,7608695652174; 0,12023743
5942; 0,0625; 0,0625; 183,47826086956522; 0,1207094
5943; 0,0625; 0,0625; 184,3913043478261; 0,12131009
5944; 0,0625; 0,0625; 184,32608695652175; 0,121267185
5945; 0,0625; 0,0625; 183,93478260869566; 0,12100973
5946; 0,0625; 0,0625; 181,69565217391303; 0,11953663
5947; 0,0625; 0,0625; 183,17391304347825; 0,12050917
5948; 0,0625; 0,0625; 184,04347826086956; 0,121081255
5949; 0,0625; 0,0625; 184,1304347826087; 0,121138446
5950; 0,0625; 0,0625; 184,2608695652174; 0,12122428
5951; 0,0625; 0,0625; 183,8695652173913; 0,12096684
5952; 0,0625; 0,0625; 184,30434782608697; 0,12125287
5953; 0,0625; 0,0625; 183,82608695652175; 0,12093824
5954; 0,0625; 0,0625; 183,69565217391303; 0,12085242
5955; 0,0625; 0,0625; 185,54347826086956; 0,12206809
5956; 0,0625; 0,0625; 183,7608695652174; 0,120895326
5957; 0,0625; 0,0625; 184,3695652173913; 0,121295795
5958; 0,0625; 0,0625; 185,2608695652174; 0,121882156
5959; 0,0625; 0,0625; 184,2173913043478; 0,12119567
5960; 0,0625; 0,0625; 183,6304347826087; 0,1208095
5961; 0,0625; 0,0625; 181,43478260869566; 0,11936501
5962; 0,0625; 0,0625; 184,45652173913044; 0,12135299
5963; 0,0625; 0,0625; 184,80434782608697; 0,12158182
5964; 0,0625; 0,0625; 182,02173913043478; 0,119751155
5965; 0,0625; 0,0625; 184,2608695652174; 0,12122428
5966; 0,0625; 0,0625; 184,56521739130434; 0,12142449
5967; 0,0625; 0,0625; 182,6304347826087; 0,120151624
5968; 0,0625; 0,0625; 183,8695652173913; 0,12096683
5969; 0,0625; 0,0625; 184,7173913043478; 0,12152462
5970; 0,0625; 0,0625; 184,30434782608697; 0,12125287
5971; 0,0625; 0,0625; 184,1304347826087; 0,12113846
5972; 0,0625; 0,0625; 185,06521739130434; 0,12175343
5973; 0,0625; 0,0625; 183,56521739130434; 0,120766595
5974; 0,0625; 0,0625; 183,91304347826087; 0,12099544
5975; 0,0625; 0,0625; 183,17391304347825; 0,12050917
5976; 0,0625; 0,0625; 183,58695652173913; 0,1207809
5977; 0,0625; 0,0625; 184,17391304347825; 0,12116707
5978; 0,0625; 0,0625; 184,93478260869566; 0,121667646
5979; 0,0625; 0,0625; 183,65217391304347; 0,12082381
5980; 0,0625; 0,0625; 183,7826086956522; 0,12090962
5981; 0,0625; 0,0625; 183,97826086956522; 0,12103834
5982; 0,0625; 0,0625; 184,17391304347825; 0,12116707
5983; 0,0625; 0,0625; 182,69565217391303; 0,12019452
5984; 0,0625; 0,0625; 183,2391304347826; 0,12055207
5985; 0,0625; 0,0625; 184,5; 0,121381596
5986; 0,0625; 0,0625; 182,54347826086956; 0,120094426
5987; 0,0625; 0,0625; 182,69565217391303; 0,12019453
5988; 0,0625; 0,0625; 183,5; 0,120723695
5989; 0,0625; 0,0625; 183,91304347826087; 0,120995425
5990; 0,0625; 0,0625; 182,6086956521739; 0,12013732
5991; 0,0625; 0,0625; 184,32608695652175; 0,12126719
5992; 0,0625; 0,0625; 183,2826086956522; 0,12058067
5993; 0,0625; 0,0625; 183,69565217391303; 0,12085242
5994; 0,0625; 0,0625; 183,93478260869566; 0,12100975
5995; 0,0625; 0,0625; 182,45652173913044; 0,12003721
5996; 0,0625; 0,0625; 183,7391304347826; 0,12088102
5997; 0,0625; 0,0625; 184,1304347826087; 0,12113846
5998; 0,0625; 0,0625; 183,2826086956522; 0,120580696
5999; 0,0625; 0,0625; 184,93478260869566; 0,12166763
6000; 0,0625; 0,0625; 180,84782608695653; 0,11897885
6001; 0,0625; 0,0625; 184,08695652173913; 0,12110986
6002; 0,0625; 0,0625; 182,2173913043478; 0,119879864
6003; 0,0625; 0,0625; 183,08695652173913; 0,12045196
6004; 0,0625; 0,0625; 184,54347826086956; 0,12141019
6005; 0,0625; 0,0625; 179,7826086956522; 0,11827805
6006; 0,0625; 0,0625; 185,0; 0,12171055
6007; 0,0625; 0,0625; 182,82608695652175; 0,120280325
6008; 0,0625; 0,0625; 184,0; 0,12105266
6009; 0,0625; 0,0625; 184,6086956521739; 0,1214531
6010; 0,0625; 0,0625; 183,1304347826087; 0,12048056
6011; 0,0625; 0,0625; 184,06521739130434; 0,12109555
6012; 0,0625; 0,0625; 183,19565217391303; 0,12052346
6013; 0,0625; 0,0625; 184,04347826086956; 0,12108125
6014; 0,0625; 0,0625; 184,02173913043478; 0,12106694
6015; 0,0625; 0,0625; 182,3695652173913; 0,11997997
6016; 0,0625; 0,0625; 182,04347826086956; 0,11976547
6017; 0,0625; 0,0625; 183,8913043478261; 0,12098112
6018; 0,0625; 0,0625; 184,32608695652175; 0,12126718
6019; 0,0625; 0,0625; 183,3695652173913; 0,1206379
6020; 0,0625; 0,0625; 184,3913043478261; 0,12131008
6021; 0,0625; 0,0625; 184,32608695652175; 0,12126718
6022; 0,0625; 0,0625; 184,02173913043478; 0,12106695
6023; 0,0625; 0,0625; 183,97826086956522; 0,12103833
6024; 0,0625; 0,0625; 183,30434782608697; 0,12059497
6025; 0,0625; 0,0625; 180,41304347826087; 0,1186928
6026; 0,0625; 0,0625; 182,7608695652174; 0,12023741
6027; 0,0625; 0,0625; 185,93478260869566; 0,12232553
6028; 0,0625; 0,0625; 184,45652173913044; 0,12135299
6029; 0,0625; 0,0625; 183,65217391304347; 0,120823815
6030; 0,0625; 0,0625; 184,82608695652175; 0,12159612
6031; 0,0625; 0,0625; 183,97826086956522; 0,12103834
6032; 0,0625; 0,0625; 184,52173913043478; 0,1213959
6033; 0,0625; 0,0625; 183,84782608695653; 0,12095253
6034; 0,0625; 0,0625; 183,69565217391303; 0,12085242
6035; 0,0625; 0,0625; 183,5; 0,1207237
6036; 0,0625; 0,0625; 184,7391304347826; 0,12153891
6037; 0,0625; 0,0625; 183,47826086956522; 0,12070939
6038; 0,0625; 0,0625; 183,08695652173913; 0,12045197
6039; 0,0625; 0,0625; 184,45652173913044; 0,121352986
6040; 0,0625; 0,0625; 184,2608695652174; 0,12122427
6041; 0,0625; 0,0625; 184,47826086956522; 0,1213673
6042; 0,0625; 0,0625; 183,08695652173913; 0,12045193
6043; 0,0625; 0,0625; 184,65217391304347; 0,12148171
6044; 0,0625; 0,0625; 183,56521739130434; 0,12076661
6045; 0,0625; 0,0625; 183,69565217391303; 0,12085241
6046; 0,0625; 0,0625; 183,2608695652174; 0,120566376
6047; 0,0625; 0,0625; 184,19565217391303; 0,12118136
6048; 0,0625; 0,0625; 183,67391304347825; 0,12083812
6049; 0,0625; 0,0625; 183,7608695652174; 0,12089533
6050; 0,0625; 0,0625; 183,58695652173913; 0,12078092
6051; 0,0625; 0,0625; 183,32608695652175; 0,120609276
6052; 0,0625; 0,0625; 183,80434782608697; 0,12092392
6053; 0,0625; 0,0625; 182,56521739130434; 0,120108716
6054; 0,0625; 0,0625; 183,7608695652174; 0,120895326
6055; 0,0625; 0,0625; 183,2391304347826; 0,120552085
6056; 0,0625; 0,0625; 181,93478260869566; 0,11969395
6057; 0,0625; 0,0625; 182,47826086956522; 0,12005151
6058; 0,0625; 0,0625; 184,17391304347825; 0,12116708
6059; 0,0625; 0,0625; 183,80434782608697; 0,12092392
6060; 0,0625; 0,0625; 183,45652173913044; 0,12069509
6061; 0,0625; 0,0625; 182,3695652173913; 0,119979985
6062; 0,0625; 0,0625; 183,43478260869566; 0,12068079
6063; 0,0625; 0,0625; 184,1304347826087; 0,12113846
6064; 0,0625; 0,0625; 184,3913043478261; 0,12131008
6065; 0,0625; 0,0625; 181,32608695652175; 0,119293496
6066; 0,0625; 0,0625; 185,45652173913044; 0,12201089
6067; 0,0625; 0,0625; 183,30434782608697; 0,120594986
6068; 0,0625; 0,0625; 184,32608695652175; 0,12126718
6069; 0,0625; 0,0625; 183,80434782608697; 0,12092394
6070; 0,0625; 0,0625; 183,80434782608697; 0,12092394
6071; 0,0625; 0,0625; 184,17391304347825; 0,12116707
6072; 0,0625; 0,0625; 183,93478260869566; 0,12100973
6073; 0,0625; 0,0625; 183,7608695652174; 0,120895326
6074; 0,0625; 0,0625; 180,8695652173913; 0,11899315
6075; 0,0625; 0,0625; 183,2391304347826; 0,120552085
6076; 0,0625; 0,0625; 184,17391304347825; 0,121167056
6077; 0,0625; 0,0625; 181,82608695652175; 0,11962245
6078; 0,0625; 0,0625; 183,30434782608697; 0,120595
6079; 0,0625; 0,0625; 183,0; 0,12039475
6080; 0,0625; 0,0625; 182,56521739130434; 0,12010871
6081; 0,0625; 0,0625; 183,41304347826087; 0,1206665
6082; 0,0625; 0,0625; 184,08695652173913; 0,12110985
6083; 0,0625; 0,0625; 183,17391304347825; 0,12050915
6084; 0,0625; 0,0625; 183,7173913043478; 0,12086672
6085; 0,0625; 0,0625; 180,80434782608697; 0,11895024
6086; 0,0625; 0,0625; 184,2391304347826; 0,121209964
6087; 0,0625; 0,0625; 183,6086956521739; 0,120795205
6088; 0,0625; 0,0625; 183,91304347826087; 0,120995425
6089; 0,0625; 0,0625; 184,91304347826087; 0,12165332
6090; 0,0625; 0,0625; 184,93478260869566; 0,12166762
6091; 0,0625; 0,0625; 183,97826086956522; 0,12103834
6092; 0,0625; 0,0625; 184,32608695652175; 0,12126718
6093; 0,0625; 0,0625; 183,6304347826087; 0,120809525
6094; 0,0625; 0,0625; 184,15217391304347; 0,12115275
6095; 0,0625; 0,0625; 181,15217391304347; 0,119179085
6096; 0,0625; 0,0625; 184,0; 0,12105266
6097; 0,0625; 0,0625; 183,7391304347826; 0,12088102
6098; 0,0625; 0,0625; 184,47826086956522; 0,12136729
6099; 0,0625; 0,0625; 183,32608695652175; 0,12060928
6100; 0,0625; 0,0625; 182,6304347826087; 0,12015162
6101; 0,0625; 0,0625; 182,7173913043478; 0,12020882
6102; 0,0625; 0,0625; 183,82608695652175; 0,12093823
6103; 0,0625; 0,0625; 184,0; 0,12105264
6104; 0,0625; 0,0625; 184,08695652173913; 0,12110986
6105; 0,0625; 0,0625; 184,32608695652175; 0,12126718
6106; 0,0625; 0,0625; 183,67391304347825; 0,120838106
6107; 0,0625; 0,0625; 184,17391304347825; 0,12116707
6108; 0,0625; 0,0625; 181,58695652173913; 0,11946512
6109; 0,0625; 0,0625; 183,45652173913044; 0,12069509
6110; 0,0625; 0,0625; 183,95652173913044; 0,12102405
6111; 0,0625; 0,0625; 184,04347826086956; 0,121081255
6112; 0,0625; 0,0625; 182,2391304347826; 0,11989417
6113; 0,0625; 0,0625; 183,7391304347826; 0,12088102
6114; 0,0625; 0,0625; 183,06521739130434; 0,120437644
6115; 0,0625; 0,0625; 184,2608695652174; 0,12122427
6116; 0,0625; 0,0625; 183,7826086956522; 0,12090961
6117; 0,0625; 0,0625; 182,65217391304347; 0,12016592
6118; 0,0625; 0,0625; 183,65217391304347; 0,12082381
6119; 0,0625; 0,0625; 184,17391304347825; 0,12116707
6120; 0,0625; 0,0625; 184,7391304347826; 0,12153892
6121; 0,0625; 0,0625; 184,2826086956522; 0,121238574
6122; 0,0625; 0,0625; 183,2608695652174; 0,120566376
6123; 0,0625; 0,0625; 181,93478260869566; 0,119693965
6124; 0,0625; 0,0625; 182,97826086956522; 0,120380454
6125; 0,0625; 0,0625; 183,2173913043478; 0,12053778
6126; 0,0625; 0,0625; 184,08695652173913; 0,12110986
6127; 0,0625; 0,0625; 184,2173913043478; 0,12119566
6128; 0,0625; 0,0625; 183,7173913043478; 0,12086672
6129; 0,0625; 0,0625; 183,7826086956522; 0,12090962
6130; 0,0625; 0,0625; 184,67391304347825; 0,12149601
6131; 0,0625; 0,0625; 183,6086956521739; 0,12079522
6132; 0,0625; 0,0625; 184,52173913043478; 0,1213959
6133; 0,0625; 0,0625; 182,58695652173913; 0,12012302
6134; 0,0625; 0,0625; 184,04347826086956; 0,12108125
6135; 0,0625; 0,0625; 183,2608695652174; 0,120566376
6136; 0,0625; 0,0625; 182,65217391304347; 0,12016591
6137; 0,0625; 0,0625; 184,54347826086956; 0,12141019
6138; 0,0625; 0,0625; 183,84782608695653; 0,12095253
6139; 0,0625; 0,0625; 183,17391304347825; 0,12050918
6140; 0,0625; 0,0625; 184,34782608695653; 0,12128149
6141; 0,0625; 0,0625; 180,6086956521739; 0,11882151
6142; 0,0625; 0,0625; 184,02173913043478; 0,12106695
6143; 0,0625; 0,0625; 184,69565217391303; 0,12151031
6144; 0,0625; 0,0625; 183,7391304347826; 0,120881
6145; 0,0625; 0,0625; 183,93478260869566; 0,12100973
6146; 0,0625; 0,0625; 183,43478260869566; 0,1206808
6147; 0,0625; 0,0625; 184,19565217391303; 0,12118136
6148; 0,0625; 0,0625; 184,43478260869566; 0,12133868
6149; 0,0625; 0,0625; 183,7608695652174; 0,12089531
6150; 0,0625; 0,0625; 183,56521739130434; 0,120766595
6151; 0,0625; 0,0625; 184,30434782608697; 0,12125288
6152; 0,0625; 0,0625; 183,8913043478261; 0,120981134
6153; 0,0625; 0,0625; 185,1304347826087; 0,12179634
6154; 0,0625; 0,0625; 184,2391304347826; 0,12120996
6155; 0,0625; 0,0625; 184,41304347826087; 0,12132438
6156; 0,0625; 0,0625; 184,2608695652174; 0,12122428
6157; 0,0625; 0,0625; 182,82608695652175; 0,120280325
6158; 0,0625; 0,0625; 183,30434782608697; 0,12059498
6159; 0,0625; 0,0625; 183,2608695652174; 0,12056639
6160; 0,0625; 0,0625; 184,2173913043478; 0,12119566
6161; 0,0625; 0,0625; 182,7608695652174; 0,12023741
6162; 0,0625; 0,0625; 181,04347826086956; 0,11910757
6163; 0,0625; 0,0625; 184,32608695652175; 0,121267185
6164; 0,0625; 0,0625; 183,7173913043478; 0,1208667
6165; 0,0625; 0,0625; 186,15217391304347; 0,12246855
6166; 0,0625; 0,0625; 184,2391304347826; 0,12120997
6167; 0,0625; 0,0625; 184,3695652173913; 0,12129579
6168; 0,0625; 0,0625; 184,6086956521739; 0,12145309
6169; 0,0625; 0,0625; 182,65217391304347; 0,12016592
6170; 0,0625; 0,0625; 184,3913043478261; 0,12131008
6171; 0,0625; 0,0625; 184,3913043478261; 0,12131009
6172; 0,0625; 0,0625; 183,97826086956522; 0,12103833
6173; 0,0625; 0,0625; 182,43478260869566; 0,12002291
6174; 0,0625; 0,0625; 184,82608695652175; 0,12159612
6175; 0,0625; 0,0625; 184,2826086956522; 0,121238574
6176; 0,0625; 0,0625; 182,2391304347826; 0,119894184
6177; 0,0625; 0,0625; 184,04347826086956; 0,121081255
6178; 0,0625; 0,0625; 184,06521739130434; 0,12109555
6179; 0,0625; 0,0625; 183,2391304347826; 0,12055206
6180; 0,0625; 0,0625; 183,6086956521739; 0,120795205
6181; 0,0625; 0,0625; 183,95652173913044; 0,12102403
6182; 0,0625; 0,0625; 183,56521739130434; 0,120766595
6183; 0,0625; 0,0625; 184,3913043478261; 0,12131009
6184; 0,0625; 0,0625; 183,7391304347826; 0,120881
6185; 0,0625; 0,0625; 183,43478260869566; 0,12068079
6186; 0,0625; 0,0625; 182,7608695652174; 0,12023743
6187; 0,0625; 0,0625; 183,43478260869566; 0,1206808
6188; 0,0625; 0,0625; 184,0; 0,121052645
6189; 0,0625; 0,0625; 183,58695652173913; 0,120780915
6190; 0,0625; 0,0625; 182,52173913043478; 0,12008012
6191; 0,0625; 0,0625; 183,3913043478261; 0,1206522
6192; 0,0625; 0,0625; 183,30434782608697; 0,12059498
6193; 0,0625; 0,0625; 183,95652173913044; 0,12102405
6194; 0,0625; 0,0625; 181,7608695652174; 0,119579546
6195; 0,0625; 0,0625; 181,5; 0,119407885
6196; 0,0625; 0,0625; 183,2391304347826; 0,12055207
6197; 0,0625; 0,0625; 184,0; 0,12105263
6198; 0,0625; 0,0625; 184,1304347826087; 0,121138446
6199; 0,0625; 0,0625; 184,1086956521739; 0,12112416
6200; 0,0625; 0,0625; 184,0; 0,12105264
6201; 0,0625; 0,0625; 184,3695652173913; 0,12129579
6202; 0,0625; 0,0625; 184,45652173913044; 0,12135301
6203; 0,0625; 0,0625; 184,34782608695653; 0,12128148
6204; 0,0625; 0,0625; 183,19565217391303; 0,12052345
6205; 0,0625; 0,0625; 183,82608695652175; 0,12093823
6206; 0,0625; 0,0625; 184,1086956521739; 0,121124156
6207; 0,0625; 0,0625; 183,43478260869566; 0,1206808
6208; 0,0625; 0,0625; 183,91304347826087; 0,12099545
6209; 0,0625; 0,0625; 182,8695652173913; 0,12030895
6210; 0,0625; 0,0625; 183,2391304347826; 0,12055207
6211; 0,0625; 0,0625; 184,0; 0,12105266
6212; 0,0625; 0,0625; 184,3913043478261; 0,12131009
6213; 0,0625; 0,0625; 183,32608695652175; 0,120609276
6214; 0,0625; 0,0625; 182,6086956521739; 0,12013731
6215; 0,0625; 0,0625; 182,6086956521739; 0,12013732
6216; 0,0625; 0,0625; 184,2391304347826; 0,12120997
6217; 0,0625; 0,0625; 183,95652173913044; 0,12102405
6218; 0,0625; 0,0625; 184,30434782608697; 0,12125288
6219; 0,0625; 0,0625; 182,67391304347825; 0,120180234
6220; 0,0625; 0,0625; 183,7608695652174; 0,120895326
6221; 0,0625; 0,0625; 184,2391304347826; 0,121209964
6222; 0,0625; 0,0625; 184,08695652173913; 0,12110985
6223; 0,0625; 0,0625; 183,08695652173913; 0,12045195
6224; 0,0625; 0,0625; 182,5; 0,120065816
6225; 0,0625; 0,0625; 184,52173913043478; 0,1213959
6226; 0,0625; 0,0625; 183,69565217391303; 0,12085241
6227; 0,0625; 0,0625; 184,19565217391303; 0,12118138
6228; 0,0625; 0,0625; 184,43478260869566; 0,12133869
6229; 0,0625; 0,0625; 183,5; 0,1207237
6230; 0,0625; 0,0625; 182,7608695652174; 0,12023743
6231; 0,0625; 0,0625; 183,47826086956522; 0,12070939
6232; 0,0625; 0,0625; 182,17391304347825; 0,11985128
6233; 0,0625; 0,0625; 184,69565217391303; 0,12151031
6234; 0,0625; 0,0625; 183,58695652173913; 0,1207809
6235; 0,0625; 0,0625; 184,3695652173913; 0,12129579
6236; 0,0625; 0,0625; 183,8695652173913; 0,12096683
6237; 0,0625; 0,0625; 183,45652173913044; 0,12069509
6238; 0,0625; 0,0625; 183,02173913043478; 0,12040904
6239; 0,0625; 0,0625; 181,58695652173913; 0,11946511
6240; 0,0625; 0,0625; 183,95652173913044; 0,12102405
6241; 0,0625; 0,0625; 184,30434782608697; 0,12125288
6242; 0,0625; 0,0625; 182,8913043478261; 0,12032324
6243; 0,0625; 0,0625; 184,47826086956522; 0,12136729
6244; 0,0625; 0,0625; 184,47826086956522; 0,1213673
6245; 0,0625; 0,0625; 183,7173913043478; 0,120866716
6246; 0,0625; 0,0625; 182,47826086956522; 0,120051496
6247; 0,0625; 0,0625; 183,1086956521739; 0,12046626
6248; 0,0625; 0,0625; 183,7826086956522; 0,12090963
6249; 0,0625; 0,0625; 183,5; 0,1207237
6250; 0,0625; 0,0625; 184,3695652173913; 0,12129579
6251; 0,0625; 0,0625; 183,3695652173913; 0,120637886
6252; 0,0625; 0,0625; 183,65217391304347; 0,12082381
6253; 0,0625; 0,0625; 183,0; 0,12039474
6254; 0,0625; 0,0625; 186,1086956521739; 0,12243994
6255; 0,0625; 0,0625; 182,56521739130434; 0,1201087
6256; 0,0625; 0,0625; 184,84782608695653; 0,121610425
6257; 0,0625; 0,0625; 183,1086956521739; 0,12046626
6258; 0,0625; 0,0625; 184,1304347826087; 0,12113846
6259; 0,0625; 0,0625; 184,1304347826087; 0,12113846
6260; 0,0625; 0,0625; 184,3913043478261; 0,1213101
6261; 0,0625; 0,0625; 183,93478260869566; 0,12100975
6262; 0,0625; 0,0625; 183,02173913043478; 0,12040906
6263; 0,0625; 0,0625; 184,3913043478261; 0,12131009
6264; 0,0625; 0,0625; 184,84782608695653; 0,121610425
6265; 0,0625; 0,0625; 184,7826086956522; 0,12156752
6266; 0,0625; 0,0625; 183,7608695652174; 0,12089534
6267; 0,0625; 0,0625; 183,7826086956522; 0,12090964
6268; 0,0625; 0,0625; 184,02173913043478; 0,12106695
6269; 0,0625; 0,0625; 183,97826086956522; 0,12103834
6270; 0,0625; 0,0625; 183,32608695652175; 0,120609276
6271; 0,0625; 0,0625; 185,8695652173913; 0,12228263
6272; 0,0625; 0,0625; 183,7608695652174; 0,12089531
6273; 0,0625; 0,0625; 184,3695652173913; 0,12129579
6274; 0,0625; 0,0625; 184,91304347826087; 0,121653326
6275; 0,0625; 0,0625; 184,43478260869566; 0,12133869
6276; 0,0625; 0,0625; 183,67391304347825; 0,12083811
6277; 0,0625; 0,0625; 183,93478260869566; 0,12100975
6278; 0,0625; 0,0625; 182,45652173913044; 0,12003718
6279; 0,0625; 0,0625; 181,15217391304347; 0,11917907
6280; 0,0625; 0,0625; 183,69565217391303; 0,12085242
6281; 0,0625; 0,0625; 183,04347826086956; 0,12042334
6282; 0,0625; 0,0625; 183,80434782608697; 0,120923944
6283; 0,0625; 0,0625; 184,67391304347825; 0,121496014
6284; 0,0625; 0,0625; 184,69565217391303; 0,12151032
6285; 0,0625; 0,0625; 184,7608695652174; 0,12155323
6286; 0,0625; 0,0625; 184,2391304347826; 0,12120997
6287; 0,0625; 0,0625; 184,3913043478261; 0,1213101
6288; 0,0625; 0,0625; 183,67391304347825; 0,12083812
6289; 0,0625; 0,0625; 183,97826086956522; 0,12103833
6290; 0,0625; 0,0625; 184,0; 0,12105264
6291; 0,0625; 0,0625; 184,69565217391303; 0,12151031
6292; 0,0625; 0,0625; 184,2173913043478; 0,12119567
6293; 0,0625; 0,0625; 184,6086956521739; 0,12145311
6294; 0,0625; 0,0625; 182,47826086956522; 0,12005151
6295; 0,0625; 0,0625; 182,30434782608697; 0,11993708
6296; 0,0625; 0,0625; 183,91304347826087; 0,12099544
6297; 0,0625; 0,0625; 184,32608695652175; 0,12126718
6298; 0,0625; 0,0625; 184,45652173913044; 0,121352986
6299; 0,0625; 0,0625; 181,52173913043478; 0,119422205
6300; 0,0625; 0,0625; 183,5; 0,12072367
6301; 0,0625; 0,0625; 184,02173913043478; 0,12106695
6302; 0,0625; 0,0625; 184,1304347826087; 0,12113846
6303; 0,0625; 0,0625; 184,47826086956522; 0,12136731
6304; 0,0625; 0,0625; 183,6086956521739; 0,1207952
6305; 0,0625; 0,0625; 184,54347826086956; 0,12141021
6306; 0,0625; 0,0625; 184,06521739130434; 0,12109556
6307; 0,0625; 0,0625; 183,47826086956522; 0,1207094
6308; 0,0625; 0,0625; 182,65217391304347; 0,12016593
6309; 0,0625; 0,0625; 183,7173913043478; 0,120866716
6310; 0,0625; 0,0625; 183,30434782608697; 0,12059498
6311; 0,0625; 0,0625; 185,04347826086956; 0,12173913
6312; 0,0625; 0,0625; 184,02173913043478; 0,12106695
6313; 0,0625; 0,0625; 184,32608695652175; 0,12126719
6314; 0,0625; 0,0625; 184,04347826086956; 0,12108125
6315; 0,0625; 0,0625; 185,08695652173913; 0,12176774
6316; 0,0625; 0,0625; 183,65217391304347; 0,120823815
6317; 0,0625; 0,0625; 182,58695652173913; 0,12012301
6318; 0,0625; 0,0625; 183,97826086956522; 0,121038355
6319; 0,0625; 0,0625; 183,3695652173913; 0,120637886
6320; 0,0625; 0,0625; 184,3695652173913; 0,12129579
6321; 0,0625; 0,0625; 184,08695652173913; 0,12110985
6322; 0,0625; 0,0625; 184,1304347826087; 0,121138446
6323; 0,0625; 0,0625; 184,19565217391303; 0,12118138
6324; 0,0625; 0,0625; 183,54347826086956; 0,12075231
6325; 0,0625; 0,0625; 182,47826086956522; 0,12005149
6326; 0,0625; 0,0625; 184,2173913043478; 0,12119566
6327; 0,0625; 0,0625; 183,7608695652174; 0,120895326
6328; 0,0625; 0,0625; 181,93478260869566; 0,11969395
6329; 0,0625; 0,0625; 183,32608695652175; 0,120609276
6330; 0,0625; 0,0625; 183,95652173913044; 0,121024035
6331; 0,0625; 0,0625; 183,82608695652175; 0,12093824
6332; 0,0625; 0,0625; 183,7391304347826; 0,120881036
6333; 0,0625; 0,0625; 183,82608695652175; 0,12093823
6334; 0,0625; 0,0625; 183,47826086956522; 0,12070941
6335; 0,0625; 0,0625; 182,30434782608697; 0,119937085
6336; 0,0625; 0,0625; 182,7391304347826; 0,12022314
6337; 0,0625; 0,0625; 183,3913043478261; 0,12065219
6338; 0,0625; 0,0625; 184,15217391304347; 0,121152766
6339; 0,0625; 0,0625; 184,32608695652175; 0,12126718
6340; 0,0625; 0,0625; 184,17391304347825; 0,121167056
6341; 0,0625; 0,0625; 184,8913043478261; 0,12163902
6342; 0,0625; 0,0625; 182,84782608695653; 0,12029463
6343; 0,0625; 0,0625; 182,3695652173913; 0,11997999
6344; 0,0625; 0,0625; 184,04347826086956; 0,12108125
6345; 0,0625; 0,0625; 184,7173913043478; 0,12152462
6346; 0,0625; 0,0625; 185,04347826086956; 0,12173916
6347; 0,0625; 0,0625; 181,67391304347825; 0,11952233
6348; 0,0625; 0,0625; 184,6086956521739; 0,12145309
6349; 0,0625; 0,0625; 184,56521739130434; 0,12142449
6350; 0,0625; 0,0625; 183,43478260869566; 0,12068079
6351; 0,0625; 0,0625; 184,34782608695653; 0,12128147
6352; 0,0625; 0,0625; 183,43478260869566; 0,12068079
6353; 0,0625; 0,0625; 184,3913043478261; 0,12131009
6354; 0,0625; 0,0625; 184,47826086956522; 0,1213673
6355; 0,0625; 0,0625; 184,2391304347826; 0,12120997
6356; 0,0625; 0,0625; 184,30434782608697; 0,12125287
6357; 0,0625; 0,0625; 184,19565217391303; 0,12118138
6358; 0,0625; 0,0625; 184,2608695652174; 0,12122427
6359; 0,0625; 0,0625; 184,6086956521739; 0,12145311
6360; 0,0625; 0,0625; 184,06521739130434; 0,121095546
6361; 0,0625; 0,0625; 182,82608695652175; 0,12028035
6362; 0,0625; 0,0625; 184,19565217391303; 0,12118138
6363; 0,0625; 0,0625; 184,17391304347825; 0,121167056
6364; 0,0625; 0,0625; 186,0; 0,12236842
6365; 0,0625; 0,0625; 182,95652173913044; 0,12036615
6366; 0,0625; 0,0625; 184,2826086956522; 0,121238574
6367; 0,0625; 0,0625; 184,2391304347826; 0,12120997
6368; 0,0625; 0,0625; 182,82608695652175; 0,120280325
6369; 0,0625; 0,0625; 184,1304347826087; 0,12113846
6370; 0,0625; 0,0625; 183,04347826086956; 0,12042336
6371; 0,0625; 0,0625; 184,06521739130434; 0,12109555
6372; 0,0625; 0,0625; 183,2173913043478; 0,120537765
6373; 0,0625; 0,0625; 183,5; 0,1207237
6374; 0,0625; 0,0625; 182,43478260869566; 0,1200229
6375; 0,0625; 0,0625; 183,65217391304347; 0,12082381
6376; 0,0625; 0,0625; 183,47826086956522; 0,12070939
6377; 0,0625; 0,0625; 185,02173913043478; 0,12172485
6378; 0,0625; 0,0625; 183,82608695652175; 0,12093823
6379; 0,0625; 0,0625; 184,19565217391303; 0,121181354
6380; 0,0625; 0,0625; 182,3695652173913; 0,11998
6381; 0,0625; 0,0625; 185,58695652173913; 0,12209668
6382; 0,0625; 0,0625; 183,67391304347825; 0,12083812
6383; 0,0625; 0,0625; 184,2608695652174; 0,12122428
6384; 0,0625; 0,0625; 184,91304347826087; 0,12165334
6385; 0,0625; 0,0625; 182,32608695652175; 0,11995139
6386; 0,0625; 0,0625; 183,5; 0,1207237
6387; 0,0625; 0,0625; 183,1304347826087; 0,12048057
6388; 0,0625; 0,0625; 184,65217391304347; 0,1214817
6389; 0,0625; 0,0625; 182,15217391304347; 0,11983695
6390; 0,0625; 0,0625; 183,47826086956522; 0,12070941
6391; 0,0625; 0,0625; 184,15217391304347; 0,12115277
6392; 0,0625; 0,0625; 184,2608695652174; 0,12122428
6393; 0,0625; 0,0625; 183,58695652173913; 0,12078089
6394; 0,0625; 0,0625; 184,2391304347826; 0,12120997
6395; 0,0625; 0,0625; 184,02173913043478; 0,12106695
6396; 0,0625; 0,0625; 182,41304347826087; 0,12000858
6397; 0,0625; 0,0625; 184,32608695652175; 0,121267185
6398; 0,0625; 0,0625; 184,0; 0,12105264
6399; 0,0625; 0,0625; 184,06521739130434; 0,121095546
6400; 0,0625; 0,0625; 183,6304347826087; 0,12080951
6401; 0,0625; 0,0625; 184,82608695652175; 0,12159614
6402; 0,0625; 0,0625; 183,32608695652175; 0,12060928
6403; 0,0625; 0,0625; 182,1086956521739; 0,119808376
6404; 0,0625; 0,0625; 182,2173913043478; 0,11987988
6405; 0,0625; 0,0625; 182,34782608695653; 0,11996568
6406; 0,0625; 0,0625; 183,7391304347826; 0,120881036
6407; 0,0625; 0,0625; 184,17391304347825; 0,12116708
6408; 0,0625; 0,0625; 185,3913043478261; 0,121967986
6409; 0,0625; 0,0625; 185,0; 0,12171054
6410; 0,0625; 0,0625; 182,3913043478261; 0,1199943
6411; 0,0625; 0,0625; 184,08695652173913; 0,12110985
6412; 0,0625; 0,0625; 183,1086956521739; 0,12046626
6413; 0,0625; 0,0625; 182,91304347826087; 0,120337546
6414; 0,0625; 0,0625; 183,8913043478261; 0,12098112
6415; 0,0625; 0,0625; 184,65217391304347; 0,12148172
6416; 0,0625; 0,0625; 183,7391304347826; 0,12088102
6417; 0,0625; 0,0625; 182,80434782608697; 0,12026602
6418; 0,0625; 0,0625; 183,67391304347825; 0,12083811
6419; 0,0625; 0,0625; 184,41304347826087; 0,12132438
6420; 0,0625; 0,0625; 184,45652173913044; 0,12135297
6421; 0,0625; 0,0625; 185,54347826086956; 0,122068085
6422; 0,0625; 0,0625; 183,67391304347825; 0,12083811
6423; 0,0625; 0,0625; 182,56521739130434; 0,120108716
6424; 0,0625; 0,0625; 181,30434782608697; 0,119279176
6425; 0,0625; 0,0625; 183,15217391304347; 0,12049487
6426; 0,0625; 0,0625; 183,56521739130434; 0,12076662
6427; 0,0625; 0,0625; 183,69565217391303; 0,120852426
6428; 0,0625; 0,0625; 184,6304347826087; 0,1214674
6429; 0,0625; 0,0625; 183,2173913043478; 0,12053779
6430; 0,0625; 0,0625; 184,34782608695653; 0,12128147
6431; 0,0625; 0,0625; 183,8913043478261; 0,120981134
6432; 0,0625; 0,0625; 183,2826086956522; 0,12058068
6433; 0,0625; 0,0625; 183,17391304347825; 0,120509155
6434; 0,0625; 0,0625; 184,56521739130434; 0,12142449
6435; 0,0625; 0,0625; 184,41304347826087; 0,12132438
6436; 0,0625; 0,0625; 183,95652173913044; 0,12102403
6437; 0,0625; 0,0625; 183,6086956521739; 0,120795205
6438; 0,0625; 0,0625; 182,7826086956522; 0,12025174
6439; 0,0625; 0,0625; 183,7608695652174; 0,120895326
6440; 0,0625; 0,0625; 183,7608695652174; 0,12089533
6441; 0,0625; 0,0625; 182,69565217391303; 0,12019451
6442; 0,0625; 0,0625; 183,97826086956522; 0,121038355
6443; 0,0625; 0,0625; 184,08695652173913; 0,12110985
6444; 0,0625; 0,0625; 183,2608695652174; 0,120566376
6445; 0,0625; 0,0625; 183,43478260869566; 0,12068079
6446; 0,0625; 0,0625; 183,80434782608697; 0,120923944
6447; 0,0625; 0,0625; 183,6086956521739; 0,120795205
6448; 0,0625; 0,0625; 184,30434782608697; 0,12125288
6449; 0,0625; 0,0625; 184,5; 0,121381596
6450; 0,0625; 0,0625; 184,7173913043478; 0,12152462
6451; 0,0625; 0,0625; 183,6086956521739; 0,12079522
6452; 0,0625; 0,0625; 182,7608695652174; 0,12023743
6453; 0,0625; 0,0625; 184,43478260869566; 0,12133869
6454; 0,0625; 0,0625; 183,8913043478261; 0,12098112
6455; 0,0625; 0,0625; 184,02173913043478; 0,12106694
6456; 0,0625; 0,0625; 183,45652173913044; 0,120695084
6457; 0,0625; 0,0625; 183,67391304347825; 0,12083811
6458; 0,0625; 0,0625; 184,80434782608697; 0,12158182
6459; 0,0625; 0,0625; 182,45652173913044; 0,12003719
6460; 0,0625; 0,0625; 182,2173913043478; 0,119879864
6461; 0,0625; 0,0625; 184,06521739130434; 0,12109555
6462; 0,0625; 0,0625; 184,1304347826087; 0,121138446
6463; 0,0625; 0,0625; 184,04347826086956; 0,121081255
6464; 0,0625; 0,0625; 183,52173913043478; 0,120738
6465; 0,0625; 0,0625; 183,2391304347826; 0,12055207
6466; 0,0625; 0,0625; 183,82608695652175; 0,12093824
6467; 0,0625; 0,0625; 184,32608695652175; 0,12126718
6468; 0,0625; 0,0625; 183,91304347826087; 0,120995425
6469; 0,0625; 0,0625; 184,80434782608697; 0,121581815
6470; 0,0625; 0,0625; 183,5; 0,1207237
6471; 0,0625; 0,0625; 182,56521739130434; 0,1201087
6472; 0,0625; 0,0625; 184,06521739130434; 0,121095546
6473; 0,0625; 0,0625; 183,8913043478261; 0,120981134
6474; 0,0625; 0,0625; 184,2391304347826; 0,12120997
6475; 0,0625; 0,0625; 184,17391304347825; 0,12116707
6476; 0,0625; 0,0625; 183,3913043478261; 0,12065218
6477; 0,0625; 0,0625; 183,80434782608697; 0,12092394
6478; 0,0625; 0,0625; 184,17391304347825; 0,12116707
6479; 0,0625; 0,0625; 182,8695652173913; 0,120308936
6480; 0,0625; 0,0625; 182,7391304347826; 0,12022314
6481; 0,0625; 0,0625; 184,30434782608697; 0,12125288
6482; 0,0625; 0,0625; 184,3695652173913; 0,12129579
6483; 0,0625; 0,0625; 182,5; 0,1200658
6484; 0,0625; 0,0625; 183,7173913043478; 0,120866716
6485; 0,0625; 0,0625; 182,56521739130434; 0,120108716
6486; 0,0625; 0,0625; 182,7826086956522; 0,12025173
6487; 0,0625; 0,0625; 184,2826086956522; 0,12123857
6488; 0,0625; 0,0625; 183,7391304347826; 0,12088103
6489; 0,0625; 0,0625; 183,30434782608697; 0,120594986
6490; 0,0625; 0,0625; 183,1304347826087; 0,12048058
6491; 0,0625; 0,0625; 184,67391304347825; 0,121496014
6492; 0,0625; 0,0625; 184,3913043478261; 0,12131009
6493; 0,0625; 0,0625; 185,08695652173913; 0,12176776
6494; 0,0625; 0,0625; 181,93478260869566; 0,11969395
6495; 0,0625; 0,0625; 184,1304347826087; 0,121138446
6496; 0,0625; 0,0625; 183,56521739130434; 0,12076661
6497; 0,0625; 0,0625; 183,15217391304347; 0,120494865
6498; 0,0625; 0,0625; 183,5; 0,1207237
6499; 0,0625; 0,0625; 184,95652173913044; 0,12168193
6500; 0,0625; 0,0625; 183,65217391304347; 0,12082381
6501; 0,0625; 0,0625; 184,41304347826087; 0,1213244
6502; 0,0625; 0,0625; 184,43478260869566; 0,12133869
6503; 0,0625; 0,0625; 185,3913043478261; 0,12196798
6504; 0,0625; 0,0625; 184,19565217391303; 0,12118136
6505; 0,0625; 0,0625; 186,08695652173913; 0,12242565
6506; 0,0625; 0,0625; 184,56521739130434; 0,12142451
6507; 0,0625; 0,0625; 183,6304347826087; 0,120809525
6508; 0,0625; 0,0625; 182,19565217391303; 0,11986556
6509; 0,0625; 0,0625; 184,52173913043478; 0,12139588
6510; 0,0625; 0,0625; 185,0; 0,12171053
6511; 0,0625; 0,0625; 184,6304347826087; 0,121467404
6512; 0,0625; 0,0625; 182,7391304347826; 0,12022313
6513; 0,0625; 0,0625; 184,6304347826087; 0,12146741
6514; 0,0625; 0,0625; 182,97826086956522; 0,120380454
6515; 0,0625; 0,0625; 183,7391304347826; 0,12088102
6516; 0,0625; 0,0625; 184,2391304347826; 0,12120997
6517; 0,0625; 0,0625; 184,2391304347826; 0,12120999
6518; 0,0625; 0,0625; 185,0; 0,12171053
6519; 0,0625; 0,0625; 184,67391304347825; 0,12149601
6520; 0,0625; 0,0625; 181,34782608695653; 0,1193078
6521; 0,0625; 0,0625; 183,7608695652174; 0,12089534
6522; 0,0625; 0,0625; 183,95652173913044; 0,12102406
6523; 0,0625; 0,0625; 183,52173913043478; 0,120738
6524; 0,0625; 0,0625; 184,1304347826087; 0,12113847
6525; 0,0625; 0,0625; 183,43478260869566; 0,1206808
6526; 0,0625; 0,0625; 184,34782608695653; 0,12128147
6527; 0,0625; 0,0625; 184,34782608695653; 0,12128148
6528; 0,0625; 0,0625; 184,0; 0,121052645
6529; 0,0625; 0,0625; 184,5; 0,121381596
6530; 0,0625; 0,0625; 183,6086956521739; 0,12079522
6531; 0,0625; 0,0625; 183,8913043478261; 0,12098114
6532; 0,0625; 0,0625; 184,2391304347826; 0,121209964
6533; 0,0625; 0,0625; 183,8913043478261; 0,12098114
6534; 0,0625; 0,0625; 184,56521739130434; 0,12142451
6535; 0,0625; 0,0625; 183,47826086956522; 0,12070939
6536; 0,0625; 0,0625; 185,7391304347826; 0,1221968
6537; 0,0625; 0,0625; 183,8913043478261; 0,12098114
6538; 0,0625; 0,0625; 182,58695652173913; 0,12012299
6539; 0,0625; 0,0625; 184,08695652173913; 0,121109836
6540; 0,0625; 0,0625; 185,2826086956522; 0,121896476
6541; 0,0625; 0,0625; 183,7391304347826; 0,12088102
6542; 0,0625; 0,0625; 183,84782608695653; 0,120952554
6543; 0,0625; 0,0625; 183,45652173913044; 0,120695084
6544; 0,0625; 0,0625; 183,7608695652174; 0,12089531
6545; 0,0625; 0,0625; 184,17391304347825; 0,121167056
6546; 0,0625; 0,0625; 184,2826086956522; 0,12123858
6547; 0,0625; 0,0625; 182,82608695652175; 0,120280325
6548; 0,0625; 0,0625; 184,93478260869566; 0,121667646
6549; 0,0625; 0,0625; 184,43478260869566; 0,1213387
6550; 0,0625; 0,0625; 183,91304347826087; 0,12099544
6551; 0,0625; 0,0625; 182,8695652173913; 0,120308936
6552; 0,0625; 0,0625; 183,8695652173913; 0,12096684
6553; 0,0625; 0,0625; 184,91304347826087; 0,121653326
6554; 0,0625; 0,0625; 185,19565217391303; 0,121839255
6555; 0,0625; 0,0625; 182,45652173913044; 0,12003719
6556; 0,0625; 0,0625; 184,82608695652175; 0,12159612
6557; 0,0625; 0,0625; 183,54347826086956; 0,120752305
6558; 0,0625; 0,0625; 184,47826086956522; 0,1213673
6559; 0,0625; 0,0625; 183,06521739130434; 0,120437644
6560; 0,0625; 0,0625; 182,32608695652175; 0,11995138
6561; 0,0625; 0,0625; 183,5; 0,1207237
6562; 0,0625; 0,0625; 184,54347826086956; 0,12141019
6563; 0,0625; 0,0625; 184,02173913043478; 0,12106694
6564; 0,0625; 0,0625; 183,19565217391303; 0,120523475
6565; 0,0625; 0,0625; 185,3695652173913; 0,121953666
6566; 0,0625; 0,0625; 183,3913043478261; 0,12065219
6567; 0,0625; 0,0625; 183,47826086956522; 0,1207094
6568; 0,0625; 0,0625; 183,1304347826087; 0,12048058
6569; 0,0625; 0,0625; 183,34782608695653; 0,120623566
6570; 0,0625; 0,0625; 184,2173913043478; 0,12119568
6571; 0,0625; 0,0625; 184,7173913043478; 0,12152462
6572; 0,0625; 0,0625; 182,5; 0,120065816
6573; 0,0625; 0,0625; 184,02173913043478; 0,12106694
6574; 0,0625; 0,0625; 184,04347826086956; 0,12108125
6575; 0,0625; 0,0625; 183,1086956521739; 0,12046626
6576; 0,0625; 0,0625; 183,3695652173913; 0,120637886
6577; 0,0625; 0,0625; 183,04347826086956; 0,12042336
6578; 0,0625; 0,0625; 184,30434782608697; 0,12125286
6579; 0,0625; 0,0625; 182,95652173913044; 0,120366156
6580; 0,0625; 0,0625; 185,1086956521739; 0,12178206
6581; 0,0625; 0,0625; 184,30434782608697; 0,12125288
6582; 0,0625; 0,0625; 184,47826086956522; 0,12136729
6583; 0,0625; 0,0625; 184,45652173913044; 0,121352986
6584; 0,0625; 0,0625; 182,7826086956522; 0,12025174
6585; 0,0625; 0,0625; 184,1304347826087; 0,12113847
6586; 0,0625; 0,0625; 183,7826086956522; 0,12090963
6587; 0,0625; 0,0625; 184,02173913043478; 0,12106695
6588; 0,0625; 0,0625; 182,69565217391303; 0,12019452
6589; 0,0625; 0,0625; 185,17391304347825; 0,12182495
6590; 0,0625; 0,0625; 185,06521739130434; 0,121753454
6591; 0,0625; 0,0625; 183,15217391304347; 0,12049487
6592; 0,0625; 0,0625; 184,82608695652175; 0,12159612
6593; 0,0625; 0,0625; 183,7391304347826; 0,120881006
6594; 0,0625; 0,0625; 182,3695652173913; 0,11997999
6595; 0,0625; 0,0625; 182,8695652173913; 0,12030895
6596; 0,0625; 0,0625; 182,0; 0,11973686
6597; 0,0625; 0,0625; 182,30434782608697; 0,119937085
6598; 0,0625; 0,0625; 183,7391304347826; 0,12088102
6599; 0,0625; 0,0625; 183,2173913043478; 0,12053778
6600; 0,0625; 0,0625; 182,6086956521739; 0,12013731
6601; 0,0625; 0,0625; 183,2608695652174; 0,120566376
6602; 0,0625; 0,0625; 183,91304347826087; 0,12099544
6603; 0,0625; 0,0625; 185,1304347826087; 0,12179636
6604; 0,0625; 0,0625; 183,93478260869566; 0,121009745
6605; 0,0625; 0,0625; 184,5; 0,12138158
6606; 0,0625; 0,0625; 183,02173913043478; 0,120409064
6607; 0,0625; 0,0625; 183,52173913043478; 0,12073801
6608; 0,0625; 0,0625; 184,17391304347825; 0,12116707
6609; 0,0625; 0,0625; 184,56521739130434; 0,12142451
6610; 0,0625; 0,0625; 183,1304347826087; 0,12048056
6611; 0,0625; 0,0625; 182,19565217391303; 0,119865574
6612; 0,0625; 0,0625; 182,82608695652175; 0,120280325
6613; 0,0625; 0,0625; 184,58695652173913; 0,121438794
6614; 0,0625; 0,0625; 183,91304347826087; 0,12099544
6615; 0,0625; 0,0625; 183,67391304347825; 0,12083812
6616; 0,0625; 0,0625; 184,65217391304347; 0,12148172
6617; 0,0625; 0,0625; 184,19565217391303; 0,12118136
6618; 0,0625; 0,0625; 184,06521739130434; 0,12109555
6619; 0,0625; 0,0625; 184,34782608695653; 0,12128149
6620; 0,0625; 0,0625; 184,95652173913044; 0,12168193
6621; 0,0625; 0,0625; 182,67391304347825; 0,120180205
6622; 0,0625; 0,0625; 183,84782608695653; 0,12095253
6623; 0,0625; 0,0625; 184,30434782608697; 0,12125289
6624; 0,0625; 0,0625; 184,17391304347825; 0,121167056
6625; 0,0625; 0,0625; 184,5; 0,121381596
6626; 0,0625; 0,0625; 182,5; 0,12006579
6627; 0,0625; 0,0625; 182,5; 0,120065816
6628; 0,0625; 0,0625; 185,2173913043478; 0,12185357
6629; 0,0625; 0,0625; 182,7608695652174; 0,120237425
6630; 0,0625; 0,0625; 184,52173913043478; 0,1213959
6631; 0,0625; 0,0625; 183,91304347826087; 0,120995425
6632; 0,0625; 0,0625; 182,58695652173913; 0,12012302
6633; 0,0625; 0,0625; 183,8913043478261; 0,12098116
6634; 0,0625; 0,0625; 183,30434782608697; 0,12059497
6635; 0,0625; 0,0625; 182,54347826086956; 0,12009441
6636; 0,0625; 0,0625; 182,47826086956522; 0,120051496
6637; 0,0625; 0,0625; 185,08695652173913; 0,12176776
6638; 0,0625; 0,0625; 183,91304347826087; 0,12099544
6639; 0,0625; 0,0625; 183,6086956521739; 0,12079522
6640; 0,0625; 0,0625; 182,58695652173913; 0,120123014
6641; 0,0625; 0,0625; 184,06521739130434; 0,12109555
6642; 0,0625; 0,0625; 181,47826086956522; 0,119393595
6643; 0,0625; 0,0625; 182,8695652173913; 0,120308936
6644; 0,0625; 0,0625; 182,91304347826087; 0,120337546
6645; 0,0625; 0,0625; 183,58695652173913; 0,12078089
6646; 0,0625; 0,0625; 182,7391304347826; 0,12022313
6647; 0,0625; 0,0625; 184,65217391304347; 0,12148171
6648; 0,0625; 0,0625; 182,8695652173913; 0,120308936
6649; 0,0625; 0,0625; 184,04347826086956; 0,12108125
6650; 0,0625; 0,0625; 182,65217391304347; 0,12016593
6651; 0,0625; 0,0625; 184,67391304347825; 0,121496014
6652; 0,0625; 0,0625; 182,2173913043478; 0,11987988
6653; 0,0625; 0,0625; 182,65217391304347; 0,12016593
6654; 0,0625; 0,0625; 184,30434782608697; 0,12125288
6655; 0,0625; 0,0625; 184,1086956521739; 0,121124156
6656; 0,0625; 0,0625; 184,5; 0,12138158
6657; 0,0625; 0,0625; 183,95652173913044; 0,12102405
6658; 0,0625; 0,0625; 183,82608695652175; 0,12093823
6659; 0,0625; 0,0625; 184,91304347826087; 0,12165332
6660; 0,0625; 0,0625; 183,97826086956522; 0,12103833
6661; 0,0625; 0,0625; 183,7608695652174; 0,12089531
6662; 0,0625; 0,0625; 184,15217391304347; 0,12115277
6663; 0,0625; 0,0625; 183,3913043478261; 0,12065219
6664; 0,0625; 0,0625; 182,0; 0,11973686
6665; 0,0625; 0,0625; 182,34782608695653; 0,119965695
6666; 0,0625; 0,0625; 182,97826086956522; 0,12038046
6667; 0,0625; 0,0625; 182,91304347826087; 0,120337546
6668; 0,0625; 0,0625; 184,2391304347826; 0,121209964
6669; 0,0625; 0,0625; 184,02173913043478; 0,12106694
6670; 0,0625; 0,0625; 183,6304347826087; 0,1208095
6671; 0,0625; 0,0625; 183,06521739130434; 0,12043765
6672; 0,0625; 0,0625; 183,6304347826087; 0,12080951
6673; 0,0625; 0,0625; 183,58695652173913; 0,120780915
6674; 0,0625; 0,0625; 185,15217391304347; 0,12181067
6675; 0,0625; 0,0625; 183,43478260869566; 0,12068079
6676; 0,0625; 0,0625; 183,84782608695653; 0,120952524
6677; 0,0625; 0,0625; 184,45652173913044; 0,121352986
6678; 0,0625; 0,0625; 182,80434782608697; 0,12026602
6679; 0,0625; 0,0625; 184,1086956521739; 0,12112416
6680; 0,0625; 0,0625; 184,1304347826087; 0,12113847
6681; 0,0625; 0,0625; 183,8695652173913; 0,12096683
6682; 0,0625; 0,0625; 183,8695652173913; 0,12096683
6683; 0,0625; 0,0625; 182,54347826086956; 0,1200944
6684; 0,0625; 0,0625; 183,69565217391303; 0,12085241
6685; 0,0625; 0,0625; 182,93478260869566; 0,12035184
6686; 0,0625; 0,0625; 183,43478260869566; 0,12068081
6687; 0,0625; 0,0625; 184,7826086956522; 0,12156751
6688; 0,0625; 0,0625; 184,2173913043478; 0,12119567
6689; 0,0625; 0,0625; 183,91304347826087; 0,12099544
6690; 0,0625; 0,0625; 182,7173913043478; 0,120208845
6691; 0,0625; 0,0625; 184,1086956521739; 0,12112414
6692; 0,0625; 0,0625; 182,7826086956522; 0,12025174
6693; 0,0625; 0,0625; 183,91304347826087; 0,12099544
6694; 0,0625; 0,0625; 183,54347826086956; 0,12075231
6695; 0,0625; 0,0625; 185,54347826086956; 0,12206809
6696; 0,0625; 0,0625; 180,93478260869566; 0,119036056
6697; 0,0625; 0,0625; 183,84782608695653; 0,12095253
6698; 0,0625; 0,0625; 183,58695652173913; 0,120780915
6699; 0,0625; 0,0625; 183,06521739130434; 0,12043767
6700; 0,0625; 0,0625; 183,06521739130434; 0,12043765
6701; 0,0625; 0,0625; 184,7608695652174; 0,121553205
6702; 0,0625; 0,0625; 183,97826086956522; 0,121038355
6703; 0,0625; 0,0625; 184,69565217391303; 0,12151031
6704; 0,0625; 0,0625; 184,08695652173913; 0,121109836
6705; 0,0625; 0,0625; 182,80434782608697; 0,12026604
6706; 0,0625; 0,0625; 183,82608695652175; 0,12093822
6707; 0,0625; 0,0625; 183,67391304347825; 0,12083811
6708; 0,0625; 0,0625; 183,6086956521739; 0,12079522
6709; 0,0625; 0,0625; 184,7391304347826; 0,1215389
6710; 0,0625; 0,0625; 185,2826086956522; 0,12189645
6711; 0,0625; 0,0625; 184,3913043478261; 0,12131009
6712; 0,0625; 0,0625; 182,34782608695653; 0,11996569
6713; 0,0625; 0,0625; 182,0; 0,11973686
6714; 0,0625; 0,0625; 183,2826086956522; 0,12058068
6715; 0,0625; 0,0625; 183,97826086956522; 0,12103834
6716; 0,0625; 0,0625; 181,6304347826087; 0,11949372
6717; 0,0625; 0,0625; 182,3913043478261; 0,11999429
6718; 0,0625; 0,0625; 182,2826086956522; 0,119922794
6719; 0,0625; 0,0625; 183,47826086956522; 0,1207094
6720; 0,0625; 0,0625; 184,3695652173913; 0,12129577
6721; 0,0625; 0,0625; 182,5; 0,1200658
6722; 0,0625; 0,0625; 182,56521739130434; 0,12010871
6723; 0,0625; 0,0625; 184,7608695652174; 0,121553205
6724; 0,0625; 0,0625; 184,2826086956522; 0,121238574
6725; 0,0625; 0,0625; 184,7608695652174; 0,12155323
6726; 0,0625; 0,0625; 184,6304347826087; 0,121467404
6727; 0,0625; 0,0625; 183,2391304347826; 0,12055206
6728; 0,0625; 0,0625; 183,95652173913044; 0,12102403
6729; 0,0625; 0,0625; 182,5; 0,12006579
6730; 0,0625; 0,0625; 182,97826086956522; 0,120380454
6731; 0,0625; 0,0625; 184,3695652173913; 0,12129579
6732; 0,0625; 0,0625; 184,5; 0,121381596
6733; 0,0625; 0,0625; 183,47826086956522; 0,1207094
6734; 0,0625; 0,0625; 184,1304347826087; 0,12113847
6735; 0,0625; 0,0625; 184,56521739130434; 0,12142451
6736; 0,0625; 0,0625; 182,6086956521739; 0,12013732
6737; 0,0625; 0,0625; 183,04347826086956; 0,12042335
6738; 0,0625; 0,0625; 184,17391304347825; 0,12116707
6739; 0,0625; 0,0625; 184,7391304347826; 0,12153891
6740; 0,0625; 0,0625; 184,2391304347826; 0,12120997
6741; 0,0625; 0,0625; 184,17391304347825; 0,12116707
6742; 0,0625; 0,0625; 184,3913043478261; 0,12131009
6743; 0,0625; 0,0625; 183,04347826086956; 0,12042335
6744; 0,0625; 0,0625; 184,6304347826087; 0,12146741
6745; 0,0625; 0,0625; 182,17391304347825; 0,11985129
6746; 0,0625; 0,0625; 183,54347826086956; 0,12075229
6747; 0,0625; 0,0625; 183,54347826086956; 0,120752305
6748; 0,0625; 0,0625; 185,17391304347825; 0,12182495
6749; 0,0625; 0,0625; 183,95652173913044; 0,121024035
6750; 0,0625; 0,0625; 182,43478260869566; 0,12002291
6751; 0,0625; 0,0625; 184,04347826086956; 0,12108124
6752; 0,0625; 0,0625; 182,93478260869566; 0,12035185
6753; 0,0625; 0,0625; 183,04347826086956; 0,12042334
6754; 0,0625; 0,0625; 185,1086956521739; 0,12178204
6755; 0,0625; 0,0625; 182,43478260869566; 0,1200229
6756; 0,0625; 0,0625; 184,43478260869566; 0,12133868
6757; 0,0625; 0,0625; 184,7391304347826; 0,12153891
6758; 0,0625; 0,0625; 181,8695652173913; 0,11965105
6759; 0,0625; 0,0625; 182,93478260869566; 0,120351866
6760; 0,0625; 0,0625; 185,32608695652175; 0,12192506
6761; 0,0625; 0,0625; 184,1086956521739; 0,12112416
6762; 0,0625; 0,0625; 184,06521739130434; 0,12109555
6763; 0,0625; 0,0625; 184,0; 0,121052645
6764; 0,0625; 0,0625; 183,3913043478261; 0,12065219
6765; 0,0625; 0,0625; 183,97826086956522; 0,12103834
6766; 0,0625; 0,0625; 183,0; 0,12039474
6767; 0,0625; 0,0625; 184,34782608695653; 0,12128149
6768; 0,0625; 0,0625; 184,02173913043478; 0,121066965
6769; 0,0625; 0,0625; 182,7391304347826; 0,12022313
6770; 0,0625; 0,0625; 184,67391304347825; 0,12149601
6771; 0,0625; 0,0625; 183,41304347826087; 0,1206665
6772; 0,0625; 0,0625; 183,2391304347826; 0,12055207
6773; 0,0625; 0,0625; 184,5; 0,1213816
6774; 0,0625; 0,0625; 184,5; 0,12138157
6775; 0,0625; 0,0625; 183,8913043478261; 0,12098114
6776; 0,0625; 0,0625; 183,2391304347826; 0,12055206
6777; 0,0625; 0,0625; 183,17391304347825; 0,12050917
6778; 0,0625; 0,0625; 184,47826086956522; 0,12136729
6779; 0,0625; 0,0625; 183,6086956521739; 0,120795205
6780; 0,0625; 0,0625; 184,67391304347825; 0,121496014
6781; 0,0625; 0,0625; 184,45652173913044; 0,12135299
6782; 0,0625; 0,0625; 183,7391304347826; 0,12088103
6783; 0,0625; 0,0625; 184,43478260869566; 0,12133868
6784; 0,0625; 0,0625; 184,15217391304347; 0,12115274
6785; 0,0625; 0,0625; 184,65217391304347; 0,12148171
6786; 0,0625; 0,0625; 184,67391304347825; 0,12149601
6787; 0,0625; 0,0625; 182,8695652173913; 0,120308936
6788; 0,0625; 0,0625; 183,7173913043478; 0,120866716
6789; 0,0625; 0,0625; 183,17391304347825; 0,120509155
6790; 0,0625; 0,0625; 182,58695652173913; 0,12012301
6791; 0,0625; 0,0625; 183,97826086956522; 0,12103834
6792; 0,0625; 0,0625; 183,02173913043478; 0,120409064
6793; 0,0625; 0,0625; 183,95652173913044; 0,121024035
6794; 0,0625; 0,0625; 184,41304347826087; 0,12132438
6795; 0,0625; 0,0625; 185,2608695652174; 0,12188217
6796; 0,0625; 0,0625; 182,69565217391303; 0,12019451
6797; 0,0625; 0,0625; 184,0; 0,12105266
6798; 0,0625; 0,0625; 183,54347826086956; 0,12075231
6799; 0,0625; 0,0625; 184,04347826086956; 0,12108125
6800; 0,0625; 0,0625; 184,06521739130434; 0,121095546
6801; 0,0625; 0,0625; 184,0; 0,12105264
6802; 0,0625; 0,0625; 182,2826086956522; 0,11992278
6803; 0,0625; 0,0625; 183,1304347826087; 0,12048057
6804; 0,0625; 0,0625; 184,06521739130434; 0,12109556
6805; 0,0625; 0,0625; 182,8913043478261; 0,120323256
6806; 0,0625; 0,0625; 184,1086956521739; 0,12112416
6807; 0,0625; 0,0625; 184,3913043478261; 0,12131009
6808; 0,0625; 0,0625; 184,30434782608697; 0,12125289
6809; 0,0625; 0,0625; 183,69565217391303; 0,12085244
6810; 0,0625; 0,0625; 183,1304347826087; 0,12048056
6811; 0,0625; 0,0625; 182,2826086956522; 0,11992278
6812; 0,0625; 0,0625; 184,34782608695653; 0,12128149
6813; 0,0625; 0,0625; 183,1304347826087; 0,12048058
6814; 0,0625; 0,0625; 183,34782608695653; 0,12062359
6815; 0,0625; 0,0625; 184,80434782608697; 0,12158184
6816; 0,0625; 0,0625; 183,6304347826087; 0,1208095
6817; 0,0625; 0,0625; 182,1086956521739; 0,11980836
6818; 0,0625; 0,0625; 183,7608695652174; 0,120895326
6819; 0,0625; 0,0625; 183,6086956521739; 0,1207952
6820; 0,0625; 0,0625; 182,30434782608697; 0,119937085
6821; 0,0625; 0,0625; 184,15217391304347; 0,121152766
6822; 0,0625; 0,0625; 184,43478260869566; 0,12133869
6823; 0,0625; 0,0625; 184,3913043478261; 0,12131007
6824; 0,0625; 0,0625; 182,45652173913044; 0,120037206
6825; 0,0625; 0,0625; 184,56521739130434; 0,121424496
6826; 0,0625; 0,0625; 184,2391304347826; 0,121209964
6827; 0,0625; 0,0625; 183,3913043478261; 0,12065219
6828; 0,0625; 0,0625; 183,56521739130434; 0,120766595
6829; 0,0625; 0,0625; 183,58695652173913; 0,12078089
6830; 0,0625; 0,0625; 184,65217391304347; 0,12148172
6831; 0,0625; 0,0625; 184,34782608695653; 0,12128149
6832; 0,0625; 0,0625; 183,7826086956522; 0,12090963
6833; 0,0625; 0,0625; 183,2826086956522; 0,12058067
6834; 0,0625; 0,0625; 182,02173913043478; 0,11975114
6835; 0,0625; 0,0625; 183,93478260869566; 0,121009745
6836; 0,0625; 0,0625; 183,2826086956522; 0,12058068
6837; 0,0625; 0,0625; 183,67391304347825; 0,120838106
6838; 0,0625; 0,0625; 184,04347826086956; 0,12108125
6839; 0,0625; 0,0625; 182,15217391304347; 0,119836986
6840; 0,0625; 0,0625; 184,2826086956522; 0,121238574
6841; 0,0625; 0,0625; 183,02173913043478; 0,120409064
6842; 0,0625; 0,0625; 185,0; 0,12171054
6843; 0,0625; 0,0625; 183,34782608695653; 0,120623566
6844; 0,0625; 0,0625; 184,54347826086956; 0,12141021
6845; 0,0625; 0,0625; 184,7173913043478; 0,1215246
6846; 0,0625; 0,0625; 184,34782608695653; 0,12128148
6847; 0,0625; 0,0625; 184,58695652173913; 0,121438794
6848; 0,0625; 0,0625; 184,2826086956522; 0,121238574
6849; 0,0625; 0,0625; 182,8913043478261; 0,12032324
6850; 0,0625; 0,0625; 184,47826086956522; 0,12136729
6851; 0,0625; 0,0625; 184,43478260869566; 0,12133868
6852; 0,0625; 0,0625; 184,47826086956522; 0,12136729
6853; 0,0625; 0,0625; 184,2826086956522; 0,12123857
6854; 0,0625; 0,0625; 183,91304347826087; 0,12099544
6855; 0,0625; 0,0625; 183,15217391304347; 0,12049489
6856; 0,0625; 0,0625; 183,67391304347825; 0,12083811
6857; 0,0625; 0,0625; 184,1304347826087; 0,12113846
6858; 0,0625; 0,0625; 181,52173913043478; 0,11942222
6859; 0,0625; 0,0625; 182,7608695652174; 0,12023745
6860; 0,0625; 0,0625; 184,15217391304347; 0,12115275
6861; 0,0625; 0,0625; 182,8913043478261; 0,12032324
6862; 0,0625; 0,0625; 184,7608695652174; 0,12155321
6863; 0,0625; 0,0625; 184,8913043478261; 0,121639006
6864; 0,0625; 0,0625; 184,2173913043478; 0,12119567
6865; 0,0625; 0,0625; 183,8695652173913; 0,12096683
6866; 0,0625; 0,0625; 184,56521739130434; 0,12142449
6867; 0,0625; 0,0625; 184,04347826086956; 0,12108125
6868; 0,0625; 0,0625; 183,97826086956522; 0,12103834
6869; 0,0625; 0,0625; 184,08695652173913; 0,12110986
6870; 0,0625; 0,0625; 183,97826086956522; 0,12103834
6871; 0,0625; 0,0625; 184,47826086956522; 0,1213673
6872; 0,0625; 0,0625; 183,3913043478261; 0,1206522
6873; 0,0625; 0,0625; 183,3695652173913; 0,12063787
6874; 0,0625; 0,0625; 182,97826086956522; 0,120380454
6875; 0,0625; 0,0625; 182,04347826086956; 0,11976546
6876; 0,0625; 0,0625; 183,8695652173913; 0,12096683
6877; 0,0625; 0,0625; 181,8695652173913; 0,11965105
6878; 0,0625; 0,0625; 184,15217391304347; 0,121152736
6879; 0,0625; 0,0625; 184,7826086956522; 0,12156752
6880; 0,0625; 0,0625; 181,93478260869566; 0,11969395
6881; 0,0625; 0,0625; 185,17391304347825; 0,12182497
6882; 0,0625; 0,0625; 183,8695652173913; 0,12096684
6883; 0,0625; 0,0625; 181,04347826086956; 0,11910756
6884; 0,0625; 0,0625; 184,1086956521739; 0,12112416
6885; 0,0625; 0,0625; 184,04347826086956; 0,121081255
6886; 0,0625; 0,0625; 181,82608695652175; 0,119622424
6887; 0,0625; 0,0625; 180,67391304347825; 0,118864425
6888; 0,0625; 0,0625; 181,32608695652175; 0,11929348
6889; 0,0625; 0,0625; 184,0; 0,12105264
6890; 0,0625; 0,0625; 182,2608695652174; 0,11990849
6891; 0,0625; 0,0625; 183,3695652173913; 0,12063787
6892; 0,0625; 0,0625; 184,0; 0,12105264
6893; 0,0625; 0,0625; 183,3695652173913; 0,12063789
6894; 0,0625; 0,0625; 184,47826086956522; 0,1213673
6895; 0,0625; 0,0625; 182,69565217391303; 0,12019453
6896; 0,0625; 0,0625; 183,34782608695653; 0,120623596
6897; 0,0625; 0,0625; 183,97826086956522; 0,12103834
6898; 0,0625; 0,0625; 183,93478260869566; 0,12100973
6899; 0,0625; 0,0625; 183,06521739130434; 0,12043767
6900; 0,0625; 0,0625; 182,84782608695653; 0,12029463
6901; 0,0625; 0,0625; 182,52173913043478; 0,1200801
6902; 0,0625; 0,0625; 183,65217391304347; 0,1208238
6903; 0,0625; 0,0625; 183,0; 0,12039475
6904; 0,0625; 0,0625; 183,7173913043478; 0,12086672
6905; 0,0625; 0,0625; 183,2173913043478; 0,120537765
6906; 0,0625; 0,0625; 183,80434782608697; 0,12092394
6907; 0,0625; 0,0625; 183,82608695652175; 0,12093822
6908; 0,0625; 0,0625; 183,8913043478261; 0,12098114
6909; 0,0625; 0,0625; 183,45652173913044; 0,120695084
6910; 0,0625; 0,0625; 184,15217391304347; 0,12115277
6911; 0,0625; 0,0625; 183,93478260869566; 0,121009745
6912; 0,0625; 0,0625; 184,82608695652175; 0,12159612
6913; 0,0625; 0,0625; 183,6304347826087; 0,120809525
6914; 0,0625; 0,0625; 185,30434782608697; 0,121910766
6915; 0,0625; 0,0625; 184,02173913043478; 0,12106694
6916; 0,0625; 0,0625; 183,45652173913044; 0,12069511
6917; 0,0625; 0,0625; 181,3913043478261; 0,1193364
6918; 0,0625; 0,0625; 183,91304347826087; 0,12099544
6919; 0,0625; 0,0625; 182,93478260869566; 0,120351836
6920; 0,0625; 0,0625; 183,8913043478261; 0,120981134
6921; 0,0625; 0,0625; 184,19565217391303; 0,12118138
6922; 0,0625; 0,0625; 185,06521739130434; 0,12175345
6923; 0,0625; 0,0625; 184,43478260869566; 0,1213387
6924; 0,0625; 0,0625; 182,0; 0,11973686
6925; 0,0625; 0,0625; 184,97826086956522; 0,121696234
6926; 0,0625; 0,0625; 183,56521739130434; 0,12076661
6927; 0,0625; 0,0625; 183,34782608695653; 0,120623566
6928; 0,0625; 0,0625; 184,6304347826087; 0,1214674
6929; 0,0625; 0,0625; 183,91304347826087; 0,12099545
6930; 0,0625; 0,0625; 184,06521739130434; 0,121095546
6931; 0,0625; 0,0625; 185,2391304347826; 0,121867865
6932; 0,0625; 0,0625; 183,34782608695653; 0,12062359
6933; 0,0625; 0,0625; 184,30434782608697; 0,12125288
6934; 0,0625; 0,0625; 183,65217391304347; 0,120823815
6935; 0,0625; 0,0625; 183,54347826086956; 0,12075231
6936; 0,0625; 0,0625; 184,80434782608697; 0,12158184
6937; 0,0625; 0,0625; 186,15217391304347; 0,12246853
6938; 0,0625; 0,0625; 183,02173913043478; 0,120409034
6939; 0,0625; 0,0625; 184,7826086956522; 0,12156752
6940; 0,0625; 0,0625; 183,5; 0,1207237
6941; 0,0625; 0,0625; 182,6086956521739; 0,12013732
6942; 0,0625; 0,0625; 182,7826086956522; 0,12025173
6943; 0,0625; 0,0625; 183,69565217391303; 0,120852426
6944; 0,0625; 0,0625; 183,7826086956522; 0,12090963
6945; 0,0625; 0,0625; 184,58695652173913; 0,121438816
6946; 0,0625; 0,0625; 184,15217391304347; 0,121152766
6947; 0,0625; 0,0625; 185,2608695652174; 0,12188217
6948; 0,0625; 0,0625; 183,47826086956522; 0,1207094
6949; 0,0625; 0,0625; 183,82608695652175; 0,12093824
6950; 0,0625; 0,0625; 182,45652173913044; 0,120037206
6951; 0,0625; 0,0625; 181,67391304347825; 0,11952233
6952; 0,0625; 0,0625; 182,54347826086956; 0,12009441
6953; 0,0625; 0,0625; 184,15217391304347; 0,12115275
6954; 0,0625; 0,0625; 183,6086956521739; 0,12079522
6955; 0,0625; 0,0625; 184,91304347826087; 0,12165332
6956; 0,0625; 0,0625; 184,2391304347826; 0,12120999
6957; 0,0625; 0,0625; 183,30434782608697; 0,12059498
6958; 0,0625; 0,0625; 184,52173913043478; 0,121395886
6959; 0,0625; 0,0625; 184,5; 0,1213816
6960; 0,0625; 0,0625; 184,02173913043478; 0,12106694
6961; 0,0625; 0,0625; 184,1304347826087; 0,121138446
6962; 0,0625; 0,0625; 183,65217391304347; 0,12082381
6963; 0,0625; 0,0625; 183,02173913043478; 0,12040906
6964; 0,0625; 0,0625; 182,7826086956522; 0,12025174
6965; 0,0625; 0,0625; 184,0; 0,121052645
6966; 0,0625; 0,0625; 182,1086956521739; 0,11980836
6967; 0,0625; 0,0625; 183,91304347826087; 0,12099545
6968; 0,0625; 0,0625; 184,1086956521739; 0,12112416
6969; 0,0625; 0,0625; 185,17391304347825; 0,12182495
6970; 0,0625; 0,0625; 184,41304347826087; 0,12132438
6971; 0,0625; 0,0625; 184,02173913043478; 0,12106694
6972; 0,0625; 0,0625; 183,7391304347826; 0,12088102
6973; 0,0625; 0,0625; 182,2391304347826; 0,11989417
6974; 0,0625; 0,0625; 184,7173913043478; 0,12152462
6975; 0,0625; 0,0625; 185,2826086956522; 0,12189646
6976; 0,0625; 0,0625; 183,6304347826087; 0,12080951
6977; 0,0625; 0,0625; 184,02173913043478; 0,12106694
6978; 0,0625; 0,0625; 185,02173913043478; 0,12172485
6979; 0,0625; 0,0625; 181,45652173913044; 0,11937928
6980; 0,0625; 0,0625; 182,52173913043478; 0,1200801
6981; 0,0625; 0,0625; 185,17391304347825; 0,12182495
6982; 0,0625; 0,0625; 184,2391304347826; 0,121209964
6983; 0,0625; 0,0625; 184,3913043478261; 0,12131009
6984; 0,0625; 0,0625; 185,56521739130434; 0,1220824
6985; 0,0625; 0,0625; 183,7391304347826; 0,12088102
6986; 0,0625; 0,0625; 182,58695652173913; 0,12012301
6987; 0,0625; 0,0625; 181,56521739130434; 0,119450815
6988; 0,0625; 0,0625; 184,1086956521739; 0,121124156
6989; 0,0625; 0,0625; 184,1086956521739; 0,121124156
6990; 0,0625; 0,0625; 184,84782608695653; 0,12161043
6991; 0,0625; 0,0625; 183,3913043478261; 0,12065219
6992; 0,0625; 0,0625; 185,7608695652174; 0,122211106
6993; 0,0625; 0,0625; 184,65217391304347; 0,12148171
6994; 0,0625; 0,0625; 184,1086956521739; 0,12112416
6995; 0,0625; 0,0625; 184,32608695652175; 0,121267185
6996; 0,0625; 0,0625; 184,19565217391303; 0,121181354
6997; 0,0625; 0,0625; 184,30434782608697; 0,12125289
6998; 0,0625; 0,0625; 184,47826086956522; 0,121367276
6999; 0,0625; 0,0625; 184,41304347826087; 0,12132438
7000; 0,0625; 0,0625; 186,2173913043478; 0,12251145
7001; 0,0625; 0,0625; 183,8695652173913; 0,12096684
7002; 0,0625; 0,0625; 184,04347826086956; 0,12108124
7003; 0,0625; 0,0625; 184,1304347826087; 0,12113846
7004; 0,0625; 0,0625; 183,65217391304347; 0,120823815
7005; 0,0625; 0,0625; 182,2391304347826; 0,119894184
7006; 0,0625; 0,0625; 183,91304347826087; 0,12099544
7007; 0,0625; 0,0625; 183,47826086956522; 0,12070939
7008; 0,0625; 0,0625; 183,95652173913044; 0,12102405
7009; 0,0625; 0,0625; 183,8913043478261; 0,12098114
7010; 0,0625; 0,0625; 182,95652173913044; 0,12036615
7011; 0,0625; 0,0625; 184,04347826086956; 0,12108125
7012; 0,0625; 0,0625; 182,69565217391303; 0,12019453
7013; 0,0625; 0,0625; 184,45652173913044; 0,12135297
7014; 0,0625; 0,0625; 184,32608695652175; 0,12126718
7015; 0,0625; 0,0625; 184,2173913043478; 0,12119565
7016; 0,0625; 0,0625; 183,82608695652175; 0,12093824
7017; 0,0625; 0,0625; 184,30434782608697; 0,12125286
7018; 0,0625; 0,0625; 183,82608695652175; 0,12093824
7019; 0,0625; 0,0625; 184,15217391304347; 0,12115275
7020; 0,0625; 0,0625; 182,52173913043478; 0,120080106
7021; 0,0625; 0,0625; 183,17391304347825; 0,12050917
7022; 0,0625; 0,0625; 183,69565217391303; 0,120852426
7023; 0,0625; 0,0625; 182,58695652173913; 0,120123014
7024; 0,0625; 0,0625; 184,41304347826087; 0,12132438
7025; 0,0625; 0,0625; 183,7173913043478; 0,1208667
7026; 0,0625; 0,0625; 183,7608695652174; 0,120895326
7027; 0,0625; 0,0625; 181,97826086956522; 0,11972255
7028; 0,0625; 0,0625; 182,8913043478261; 0,12032324
7029; 0,0625; 0,0625; 183,84782608695653; 0,12095253
7030; 0,0625; 0,0625; 184,7173913043478; 0,12152462
7031; 0,0625; 0,0625; 185,3913043478261; 0,12196798
7032; 0,0625; 0,0625; 183,04347826086956; 0,12042336
7033; 0,0625; 0,0625; 183,8695652173913; 0,12096684
7034; 0,0625; 0,0625; 184,67391304347825; 0,12149602
7035; 0,0625; 0,0625; 181,3695652173913; 0,119322106
7036; 0,0625; 0,0625; 185,1086956521739; 0,12178206
7037; 0,0625; 0,0625; 184,19565217391303; 0,12118138
7038; 0,0625; 0,0625; 183,3695652173913; 0,12063789
7039; 0,0625; 0,0625; 183,3695652173913; 0,12063789
7040; 0,0625; 0,0625; 184,93478260869566; 0,12166762
7041; 0,0625; 0,0625; 184,5; 0,121381596
7042; 0,0625; 0,0625; 184,2826086956522; 0,12123855
7043; 0,0625; 0,0625; 183,93478260869566; 0,121009745
7044; 0,0625; 0,0625; 184,69565217391303; 0,12151031
7045; 0,0625; 0,0625; 182,45652173913044; 0,12003719
7046; 0,0625; 0,0625; 184,2608695652174; 0,12122427
7047; 0,0625; 0,0625; 184,30434782608697; 0,12125286
7048; 0,0625; 0,0625; 182,54347826086956; 0,12009441
7049; 0,0625; 0,0625; 183,8695652173913; 0,12096684
7050; 0,0625; 0,0625; 185,1304347826087; 0,12179634
7051; 0,0625; 0,0625; 183,17391304347825; 0,120509155
7052; 0,0625; 0,0625; 185,1086956521739; 0,12178206
7053; 0,0625; 0,0625; 183,52173913043478; 0,12073801
7054; 0,0625; 0,0625; 184,2391304347826; 0,12120994
7055; 0,0625; 0,0625; 183,65217391304347; 0,120823815
7056; 0,0625; 0,0625; 184,34782608695653; 0,12128149
7057; 0,0625; 0,0625; 184,80434782608697; 0,12158184
7058; 0,0625; 0,0625; 183,7391304347826; 0,12088102
7059; 0,0625; 0,0625; 180,95652173913044; 0,11905037
7060; 0,0625; 0,0625; 184,69565217391303; 0,1215103
7061; 0,0625; 0,0625; 184,69565217391303; 0,12151032
7062; 0,0625; 0,0625; 184,04347826086956; 0,12108125
7063; 0,0625; 0,0625; 182,58695652173913; 0,12012301
7064; 0,0625; 0,0625; 184,45652173913044; 0,12135299
7065; 0,0625; 0,0625; 183,95652173913044; 0,12102405
7066; 0,0625; 0,0625; 183,8913043478261; 0,120981134
7067; 0,0625; 0,0625; 182,58695652173913; 0,12012302
7068; 0,0625; 0,0625; 182,45652173913044; 0,120037206
7069; 0,0625; 0,0625; 184,0; 0,12105264
7070; 0,0625; 0,0625; 183,91304347826087; 0,120995425
7071; 0,0625; 0,0625; 183,65217391304347; 0,120823815
7072; 0,0625; 0,0625; 183,3913043478261; 0,1206522
7073; 0,0625; 0,0625; 181,65217391304347; 0,119508006
7074; 0,0625; 0,0625; 182,97826086956522; 0,120380454
7075; 0,0625; 0,0625; 184,0; 0,12105264
7076; 0,0625; 0,0625; 183,0; 0,12039475
7077; 0,0625; 0,0625; 184,02173913043478; 0,12106695
7078; 0,0625; 0,0625; 183,93478260869566; 0,12100973
7079; 0,0625; 0,0625; 182,41304347826087; 0,1200086
7080; 0,0625; 0,0625; 182,58695652173913; 0,120123014
7081; 0,0625; 0,0625; 183,56521739130434; 0,12076661
7082; 0,0625; 0,0625; 184,2608695652174; 0,12122427
7083; 0,0625; 0,0625; 184,97826086956522; 0,121696256
7084; 0,0625; 0,0625; 183,7608695652174; 0,12089533
7085; 0,0625; 0,0625; 184,3695652173913; 0,12129579
7086; 0,0625; 0,0625; 182,91304347826087; 0,12033756
7087; 0,0625; 0,0625; 183,7391304347826; 0,12088103
7088; 0,0625; 0,0625; 182,65217391304347; 0,12016593
7089; 0,0625; 0,0625; 184,0; 0,121052645
7090; 0,0625; 0,0625; 184,69565217391303; 0,12151032
7091; 0,0625; 0,0625; 184,5; 0,12138162
7092; 0,0625; 0,0625; 182,95652173913044; 0,12036612
7093; 0,0625; 0,0625; 184,15217391304347; 0,12115274
7094; 0,0625; 0,0625; 184,04347826086956; 0,121081255
7095; 0,0625; 0,0625; 185,0; 0,12171053
7096; 0,0625; 0,0625; 182,7391304347826; 0,12022312
7097; 0,0625; 0,0625; 185,2173913043478; 0,12185356
7098; 0,0625; 0,0625; 184,3695652173913; 0,12129579
7099; 0,0625; 0,0625; 184,47826086956522; 0,1213673
7100; 0,0625; 0,0625; 182,47826086956522; 0,120051496
7101; 0,0625; 0,0625; 182,30434782608697; 0,11993708
7102; 0,0625; 0,0625; 184,54347826086956; 0,121410206
7103; 0,0625; 0,0625; 183,2173913043478; 0,120537765
7104; 0,0625; 0,0625; 184,5; 0,121381596
7105; 0,0625; 0,0625; 183,80434782608697; 0,12092394
7106; 0,0625; 0,0625; 182,41304347826087; 0,1200086
7107; 0,0625; 0,0625; 183,97826086956522; 0,12103834
7108; 0,0625; 0,0625; 183,8695652173913; 0,120966814
7109; 0,0625; 0,0625; 184,15217391304347; 0,12115277
7110; 0,0625; 0,0625; 184,1086956521739; 0,121124156
7111; 0,0625; 0,0625; 183,52173913043478; 0,12073801
7112; 0,0625; 0,0625; 184,2608695652174; 0,12122427
7113; 0,0625; 0,0625; 181,95652173913044; 0,11970825
7114; 0,0625; 0,0625; 184,1304347826087; 0,12113847
7115; 0,0625; 0,0625; 183,2173913043478; 0,120537765
7116; 0,0625; 0,0625; 183,6086956521739; 0,120795205
7117; 0,0625; 0,0625; 185,04347826086956; 0,12173916
7118; 0,0625; 0,0625; 184,3913043478261; 0,12131008
7119; 0,0625; 0,0625; 184,56521739130434; 0,12142451
7120; 0,0625; 0,0625; 184,2608695652174; 0,12122428
7121; 0,0625; 0,0625; 183,54347826086956; 0,12075229
7122; 0,0625; 0,0625; 184,47826086956522; 0,121367276
7123; 0,0625; 0,0625; 184,97826086956522; 0,121696234
7124; 0,0625; 0,0625; 183,93478260869566; 0,12100973
7125; 0,0625; 0,0625; 185,67391304347825; 0,12215389
7126; 0,0625; 0,0625; 184,2608695652174; 0,12122428
7127; 0,0625; 0,0625; 183,84782608695653; 0,12095253
7128; 0,0625; 0,0625; 187,43478260869566; 0,12331239
7129; 0,0625; 0,0625; 184,84782608695653; 0,12161043
7130; 0,0625; 0,0625; 184,2608695652174; 0,12122427
7131; 0,0625; 0,0625; 184,1304347826087; 0,12113846
7132; 0,0625; 0,0625; 183,67391304347825; 0,12083812
7133; 0,0625; 0,0625; 182,91304347826087; 0,12033754
7134; 0,0625; 0,0625; 184,08695652173913; 0,12110985
7135; 0,0625; 0,0625; 184,08695652173913; 0,12110986
7136; 0,0625; 0,0625; 183,7391304347826; 0,12088102
7137; 0,0625; 0,0625; 182,6086956521739; 0,12013732
7138; 0,0625; 0,0625; 184,3695652173913; 0,12129577
7139; 0,0625; 0,0625; 184,2608695652174; 0,12122429
7140; 0,0625; 0,0625; 182,82608695652175; 0,12028034
7141; 0,0625; 0,0625; 184,1304347826087; 0,12113847
7142; 0,0625; 0,0625; 183,56521739130434; 0,120766595
7143; 0,0625; 0,0625; 183,7608695652174; 0,120895304
7144; 0,0625; 0,0625; 184,15217391304347; 0,121152766
7145; 0,0625; 0,0625; 182,34782608695653; 0,11996568
7146; 0,0625; 0,0625; 183,54347826086956; 0,120752305
7147; 0,0625; 0,0625; 181,32608695652175; 0,119293496
7148; 0,0625; 0,0625; 183,17391304347825; 0,12050917
7149; 0,0625; 0,0625; 182,2391304347826; 0,11989419
7150; 0,0625; 0,0625; 183,6086956521739; 0,1207952
7151; 0,0625; 0,0625; 184,17391304347825; 0,121167056
7152; 0,0625; 0,0625; 183,3913043478261; 0,12065219
7153; 0,0625; 0,0625; 185,30434782608697; 0,121910766
7154; 0,0625; 0,0625; 184,43478260869566; 0,1213387
7155; 0,0625; 0,0625; 185,67391304347825; 0,1221539
7156; 0,0625; 0,0625; 182,93478260869566; 0,120351836
7157; 0,0625; 0,0625; 184,65217391304347; 0,12148171
7158; 0,0625; 0,0625; 184,34782608695653; 0,12128148
7159; 0,0625; 0,0625; 183,69565217391303; 0,120852396
7160; 0,0625; 0,0625; 184,52173913043478; 0,1213959
7161; 0,0625; 0,0625; 184,52173913043478; 0,121395886
7162; 0,0625; 0,0625; 184,34782608695653; 0,12128149
7163; 0,0625; 0,0625; 181,2826086956522; 0,11926489
7164; 0,0625; 0,0625; 183,7608695652174; 0,120895326
7165; 0,0625; 0,0625; 183,8695652173913; 0,12096683
7166; 0,0625; 0,0625; 182,97826086956522; 0,120380454
7167; 0,0625; 0,0625; 183,30434782608697; 0,12059497
7168; 0,0625; 0,0625; 184,3913043478261; 0,12131009
7169; 0,0625; 0,0625; 184,1086956521739; 0,121124156
7170; 0,0625; 0,0625; 184,06521739130434; 0,121095546
7171; 0,0625; 0,0625; 180,34782608695653; 0,11864991
7172; 0,0625; 0,0625; 182,69565217391303; 0,12019452
7173; 0,0625; 0,0625; 183,45652173913044; 0,12069509
7174; 0,0625; 0,0625; 184,91304347826087; 0,12165334
7175; 0,0625; 0,0625; 183,19565217391303; 0,12052348
7176; 0,0625; 0,0625; 184,82608695652175; 0,12159612
7177; 0,0625; 0,0625; 182,6304347826087; 0,12015162
7178; 0,0625; 0,0625; 183,43478260869566; 0,12068079
7179; 0,0625; 0,0625; 185,0; 0,12171055
7180; 0,0625; 0,0625; 182,54347826086956; 0,120094426
7181; 0,0625; 0,0625; 183,58695652173913; 0,120780915
7182; 0,0625; 0,0625; 184,6304347826087; 0,1214674
7183; 0,0625; 0,0625; 182,5; 0,120065816
7184; 0,0625; 0,0625; 184,30434782608697; 0,12125287
7185; 0,0625; 0,0625; 183,47826086956522; 0,12070941
7186; 0,0625; 0,0625; 184,1304347826087; 0,121138446
7187; 0,0625; 0,0625; 183,95652173913044; 0,121024035
7188; 0,0625; 0,0625; 180,95652173913044; 0,11905037
7189; 0,0625; 0,0625; 184,65217391304347; 0,1214817
7190; 0,0625; 0,0625; 182,6304347826087; 0,120151624
7191; 0,0625; 0,0625; 184,43478260869566; 0,12133869
7192; 0,0625; 0,0625; 183,1086956521739; 0,12046626
7193; 0,0625; 0,0625; 182,95652173913044; 0,120366156
7194; 0,0625; 0,0625; 182,1086956521739; 0,11980836
7195; 0,0625; 0,0625; 183,45652173913044; 0,12069509
7196; 0,0625; 0,0625; 185,43478260869566; 0,12199657
7197; 0,0625; 0,0625; 183,15217391304347; 0,12049489
7198; 0,0625; 0,0625; 183,58695652173913; 0,12078089
7199; 0,0625; 0,0625; 184,3913043478261; 0,12131008
7200; 0,0625; 0,0625; 183,2608695652174; 0,12056639
7201; 0,0625; 0,0625; 184,06521739130434; 0,121095546
7202; 0,0625; 0,0625; 183,91304347826087; 0,12099545
7203; 0,0625; 0,0625; 184,1086956521739; 0,121124156
7204; 0,0625; 0,0625; 183,58695652173913; 0,12078089
7205; 0,0625; 0,0625; 182,8913043478261; 0,12032323
7206; 0,0625; 0,0625; 183,95652173913044; 0,12102406
7207; 0,0625; 0,0625; 183,5; 0,120723695
7208; 0,0625; 0,0625; 183,93478260869566; 0,121009745
7209; 0,0625; 0,0625; 184,06521739130434; 0,12109556
7210; 0,0625; 0,0625; 183,97826086956522; 0,12103834
7211; 0,0625; 0,0625; 182,34782608695653; 0,119965695
7212; 0,0625; 0,0625; 183,65217391304347; 0,120823815
7213; 0,0625; 0,0625; 184,2608695652174; 0,12122426
7214; 0,0625; 0,0625; 185,19565217391303; 0,121839255
7215; 0,0625; 0,0625; 183,7391304347826; 0,12088102
7216; 0,0625; 0,0625; 184,47826086956522; 0,121367276
7217; 0,0625; 0,0625; 183,97826086956522; 0,121038355
7218; 0,0625; 0,0625; 182,47826086956522; 0,120051496
7219; 0,0625; 0,0625; 182,69565217391303; 0,12019453
7220; 0,0625; 0,0625; 184,95652173913044; 0,12168193
7221; 0,0625; 0,0625; 184,45652173913044; 0,121352986
7222; 0,0625; 0,0625; 183,6086956521739; 0,120795205
7223; 0,0625; 0,0625; 183,97826086956522; 0,12103834
7224; 0,0625; 0,0625; 183,52173913043478; 0,12073801
7225; 0,0625; 0,0625; 184,6304347826087; 0,12146741
7226; 0,0625; 0,0625; 183,32608695652175; 0,12060928
7227; 0,0625; 0,0625; 183,19565217391303; 0,120523475
7228; 0,0625; 0,0625; 183,02173913043478; 0,120409034
7229; 0,0625; 0,0625; 184,7608695652174; 0,12155323
7230; 0,0625; 0,0625; 183,8913043478261; 0,12098114
7231; 0,0625; 0,0625; 183,93478260869566; 0,12100975
7232; 0,0625; 0,0625; 184,8913043478261; 0,12163902
7233; 0,0625; 0,0625; 184,32608695652175; 0,121267155
7234; 0,0625; 0,0625; 184,32608695652175; 0,12126719
7235; 0,0625; 0,0625; 184,82608695652175; 0,12159612
7236; 0,0625; 0,0625; 183,3695652173913; 0,12063789
7237; 0,0625; 0,0625; 184,2173913043478; 0,12119566
7238; 0,0625; 0,0625; 183,2391304347826; 0,120552085
7239; 0,0625; 0,0625; 183,6086956521739; 0,12079522
7240; 0,0625; 0,0625; 181,32608695652175; 0,1192935
7241; 0,0625; 0,0625; 183,93478260869566; 0,121009745
7242; 0,0625; 0,0625; 182,8913043478261; 0,12032324
7243; 0,0625; 0,0625; 183,93478260869566; 0,121009745
7244; 0,0625; 0,0625; 183,7173913043478; 0,12086672
7245; 0,0625; 0,0625; 184,19565217391303; 0,121181354
7246; 0,0625; 0,0625; 183,34782608695653; 0,12062359
7247; 0,0625; 0,0625; 184,2391304347826; 0,12120997
7248; 0,0625; 0,0625; 184,04347826086956; 0,12108127
7249; 0,0625; 0,0625; 184,41304347826087; 0,12132438
7250; 0,0625; 0,0625; 184,02173913043478; 0,12106694
7251; 0,0625; 0,0625; 183,65217391304347; 0,12082381
7252; 0,0625; 0,0625; 184,08695652173913; 0,121109866
7253; 0,0625; 0,0625; 183,67391304347825; 0,12083812
7254; 0,0625; 0,0625; 182,67391304347825; 0,12018023
7255; 0,0625; 0,0625; 184,1304347826087; 0,12113846
7256; 0,0625; 0,0625; 184,15217391304347; 0,121152766
7257; 0,0625; 0,0625; 184,06521739130434; 0,12109555
7258; 0,0625; 0,0625; 183,82608695652175; 0,12093822
7259; 0,0625; 0,0625; 184,32608695652175; 0,121267185
7260; 0,0625; 0,0625; 183,7826086956522; 0,12090962
7261; 0,0625; 0,0625; 184,5; 0,12138162
7262; 0,0625; 0,0625; 183,1304347826087; 0,12048057
7263; 0,0625; 0,0625; 183,0; 0,12039476
7264; 0,0625; 0,0625; 184,2826086956522; 0,12123858
7265; 0,0625; 0,0625; 184,41304347826087; 0,1213244
7266; 0,0625; 0,0625; 183,80434782608697; 0,12092394
7267; 0,0625; 0,0625; 184,41304347826087; 0,12132438
7268; 0,0625; 0,0625; 183,47826086956522; 0,12070941
7269; 0,0625; 0,0625; 181,6304347826087; 0,11949372
7270; 0,0625; 0,0625; 184,30434782608697; 0,12125288
7271; 0,0625; 0,0625; 183,67391304347825; 0,12083811
7272; 0,0625; 0,0625; 183,04347826086956; 0,12042337
7273; 0,0625; 0,0625; 183,91304347826087; 0,12099545
7274; 0,0625; 0,0625; 181,82608695652175; 0,11962244
7275; 0,0625; 0,0625; 184,93478260869566; 0,121667646
7276; 0,0625; 0,0625; 182,47826086956522; 0,12005151
7277; 0,0625; 0,0625; 183,84782608695653; 0,120952524
7278; 0,0625; 0,0625; 182,04347826086956; 0,119765475
7279; 0,0625; 0,0625; 183,82608695652175; 0,12093824
7280; 0,0625; 0,0625; 184,67391304347825; 0,12149601
7281; 0,0625; 0,0625; 185,02173913043478; 0,12172485
7282; 0,0625; 0,0625; 183,58695652173913; 0,120780915
7283; 0,0625; 0,0625; 184,17391304347825; 0,121167056
7284; 0,0625; 0,0625; 184,93478260869566; 0,121667646
7285; 0,0625; 0,0625; 184,08695652173913; 0,12110985
7286; 0,0625; 0,0625; 183,2608695652174; 0,12056639
7287; 0,0625; 0,0625; 183,3695652173913; 0,12063789
7288; 0,0625; 0,0625; 181,91304347826087; 0,11967964
7289; 0,0625; 0,0625; 183,3913043478261; 0,12065219
7290; 0,0625; 0,0625; 182,7173913043478; 0,12020882
7291; 0,0625; 0,0625; 184,2173913043478; 0,12119567
7292; 0,0625; 0,0625; 184,19565217391303; 0,12118138
7293; 0,0625; 0,0625; 184,2826086956522; 0,121238574
7294; 0,0625; 0,0625; 183,04347826086956; 0,12042336
7295; 0,0625; 0,0625; 183,04347826086956; 0,12042336
7296; 0,0625; 0,0625; 184,8913043478261; 0,12163902
7297; 0,0625; 0,0625; 181,47826086956522; 0,119393595
7298; 0,0625; 0,0625; 183,82608695652175; 0,12093823
7299; 0,0625; 0,0625; 183,5; 0,1207237
7300; 0,0625; 0,0625; 184,1086956521739; 0,12112416
7301; 0,0625; 0,0625; 184,8695652173913; 0,12162473
7302; 0,0625; 0,0625; 184,06521739130434; 0,121095546
7303; 0,0625; 0,0625; 183,1304347826087; 0,12048057
7304; 0,0625; 0,0625; 184,80434782608697; 0,12158184
7305; 0,0625; 0,0625; 183,2391304347826; 0,120552085
7306; 0,0625; 0,0625; 183,30434782608697; 0,120594986
7307; 0,0625; 0,0625; 182,5; 0,120065816
7308; 0,0625; 0,0625; 184,08695652173913; 0,12110986
7309; 0,0625; 0,0625; 184,80434782608697; 0,121581815
7310; 0,0625; 0,0625; 184,7826086956522; 0,12156752
7311; 0,0625; 0,0625; 182,91304347826087; 0,120337546
7312; 0,0625; 0,0625; 183,15217391304347; 0,12049485
7313; 0,0625; 0,0625; 184,30434782608697; 0,12125288
7314; 0,0625; 0,0625; 184,02173913043478; 0,12106695
7315; 0,0625; 0,0625; 183,95652173913044; 0,12102406
7316; 0,0625; 0,0625; 184,67391304347825; 0,12149602
7317; 0,0625; 0,0625; 181,5; 0,119407915
7318; 0,0625; 0,0625; 183,2826086956522; 0,120580666
7319; 0,0625; 0,0625; 184,04347826086956; 0,12108125
7320; 0,0625; 0,0625; 183,82608695652175; 0,12093823
7321; 0,0625; 0,0625; 184,7608695652174; 0,12155323
7322; 0,0625; 0,0625; 184,15217391304347; 0,12115275
7323; 0,0625; 0,0625; 182,7173913043478; 0,12020884
7324; 0,0625; 0,0625; 181,2826086956522; 0,119264886
7325; 0,0625; 0,0625; 184,1304347826087; 0,12113847
7326; 0,0625; 0,0625; 183,95652173913044; 0,121024035
7327; 0,0625; 0,0625; 183,1086956521739; 0,12046626
7328; 0,0625; 0,0625; 184,1086956521739; 0,121124156
7329; 0,0625; 0,0625; 184,41304347826087; 0,12132438
7330; 0,0625; 0,0625; 181,47826086956522; 0,11939361
7331; 0,0625; 0,0625; 183,93478260869566; 0,121009745
7332; 0,0625; 0,0625; 183,80434782608697; 0,12092392
7333; 0,0625; 0,0625; 184,30434782608697; 0,12125289
7334; 0,0625; 0,0625; 184,3695652173913; 0,121295795
7335; 0,0625; 0,0625; 182,6304347826087; 0,12015163
7336; 0,0625; 0,0625; 184,0; 0,12105264
7337; 0,0625; 0,0625; 184,7826086956522; 0,12156752
7338; 0,0625; 0,0625; 183,5; 0,120723695
7339; 0,0625; 0,0625; 183,7391304347826; 0,12088102
7340; 0,0625; 0,0625; 185,1086956521739; 0,12178206
7341; 0,0625; 0,0625; 183,3695652173913; 0,120637886
7342; 0,0625; 0,0625; 182,8695652173913; 0,120308936
7343; 0,0625; 0,0625; 182,45652173913044; 0,12003721
7344; 0,0625; 0,0625; 182,58695652173913; 0,12012301
7345; 0,0625; 0,0625; 180,69565217391303; 0,11887874
7346; 0,0625; 0,0625; 184,15217391304347; 0,121152766
7347; 0,0625; 0,0625; 183,7608695652174; 0,12089531
7348; 0,0625; 0,0625; 184,6304347826087; 0,121467404
7349; 0,0625; 0,0625; 184,06521739130434; 0,12109556
7350; 0,0625; 0,0625; 183,2391304347826; 0,120552085
7351; 0,0625; 0,0625; 184,45652173913044; 0,121352986
7352; 0,0625; 0,0625; 181,8695652173913; 0,11965105
7353; 0,0625; 0,0625; 183,08695652173913; 0,12045196
7354; 0,0625; 0,0625; 184,34782608695653; 0,12128148
7355; 0,0625; 0,0625; 182,8695652173913; 0,12030893
7356; 0,0625; 0,0625; 184,02173913043478; 0,12106695
7357; 0,0625; 0,0625; 184,2826086956522; 0,121238574
7358; 0,0625; 0,0625; 184,6086956521739; 0,12145311
7359; 0,0625; 0,0625; 185,34782608695653; 0,121939376
7360; 0,0625; 0,0625; 183,7608695652174; 0,120895326
7361; 0,0625; 0,0625; 183,95652173913044; 0,12102406
7362; 0,0625; 0,0625; 182,84782608695653; 0,12029463
7363; 0,0625; 0,0625; 182,45652173913044; 0,120037206
7364; 0,0625; 0,0625; 183,84782608695653; 0,12095253
7365; 0,0625; 0,0625; 184,2391304347826; 0,121209964
7366; 0,0625; 0,0625; 184,17391304347825; 0,121167056
7367; 0,0625; 0,0625; 185,15217391304347; 0,12181065
7368; 0,0625; 0,0625; 182,80434782608697; 0,120266035
7369; 0,0625; 0,0625; 184,69565217391303; 0,1215103
7370; 0,0625; 0,0625; 184,7173913043478; 0,12152462
7371; 0,0625; 0,0625; 183,7173913043478; 0,12086672
7372; 0,0625; 0,0625; 184,69565217391303; 0,12151031
7373; 0,0625; 0,0625; 184,7826086956522; 0,12156751
7374; 0,0625; 0,0625; 183,6304347826087; 0,12080951
7375; 0,0625; 0,0625; 183,6086956521739; 0,12079519
7376; 0,0625; 0,0625; 183,8695652173913; 0,12096684
7377; 0,0625; 0,0625; 184,04347826086956; 0,12108125
7378; 0,0625; 0,0625; 184,2173913043478; 0,12119568
7379; 0,0625; 0,0625; 184,06521739130434; 0,121095546
7380; 0,0625; 0,0625; 182,84782608695653; 0,120294645
7381; 0,0625; 0,0625; 182,56521739130434; 0,12010871
7382; 0,0625; 0,0625; 183,2173913043478; 0,12053778
7383; 0,0625; 0,0625; 183,2173913043478; 0,120537765
7384; 0,0625; 0,0625; 182,91304347826087; 0,120337546
7385; 0,0625; 0,0625; 184,15217391304347; 0,12115275
7386; 0,0625; 0,0625; 184,2826086956522; 0,121238574
7387; 0,0625; 0,0625; 180,30434782608697; 0,118621305
7388; 0,0625; 0,0625; 184,43478260869566; 0,12133869
7389; 0,0625; 0,0625; 183,7608695652174; 0,120895326
7390; 0,0625; 0,0625; 185,2608695652174; 0,121882156
7391; 0,0625; 0,0625; 185,17391304347825; 0,12182495
7392; 0,0625; 0,0625; 184,52173913043478; 0,12139588
7393; 0,0625; 0,0625; 183,7608695652174; 0,12089533
7394; 0,0625; 0,0625; 184,3913043478261; 0,12131008
7395; 0,0625; 0,0625; 183,54347826086956; 0,120752305
7396; 0,0625; 0,0625; 184,2391304347826; 0,12120997
7397; 0,0625; 0,0625; 181,41304347826087; 0,119350694
7398; 0,0625; 0,0625; 183,30434782608697; 0,120594986
7399; 0,0625; 0,0625; 183,7608695652174; 0,120895326
7400; 0,0625; 0,0625; 184,2173913043478; 0,12119566
7401; 0,0625; 0,0625; 184,2826086956522; 0,12123857
7402; 0,0625; 0,0625; 184,54347826086956; 0,121410206
7403; 0,0625; 0,0625; 184,06521739130434; 0,121095546
7404; 0,0625; 0,0625; 184,52173913043478; 0,1213959
7405; 0,0625; 0,0625; 180,7608695652174; 0,11892163
7406; 0,0625; 0,0625; 183,93478260869566; 0,12100975
7407; 0,0625; 0,0625; 185,2391304347826; 0,121867865
7408; 0,0625; 0,0625; 184,2173913043478; 0,12119567
7409; 0,0625; 0,0625; 183,41304347826087; 0,1206665
7410; 0,0625; 0,0625; 184,8695652173913; 0,121624716
7411; 0,0625; 0,0625; 184,0; 0,121052645
7412; 0,0625; 0,0625; 182,2173913043478; 0,11987988
7413; 0,0625; 0,0625; 182,32608695652175; 0,11995138
7414; 0,0625; 0,0625; 183,7608695652174; 0,120895326
7415; 0,0625; 0,0625; 182,6086956521739; 0,12013733
7416; 0,0625; 0,0625; 182,56521739130434; 0,12010871
7417; 0,0625; 0,0625; 184,34782608695653; 0,12128148
7418; 0,0625; 0,0625; 184,41304347826087; 0,12132438
7419; 0,0625; 0,0625; 183,04347826086956; 0,12042335
7420; 0,0625; 0,0625; 184,3913043478261; 0,12131009
7421; 0,0625; 0,0625; 183,7173913043478; 0,12086672
7422; 0,0625; 0,0625; 183,17391304347825; 0,12050915
7423; 0,0625; 0,0625; 184,19565217391303; 0,12118136
7424; 0,0625; 0,0625; 183,84782608695653; 0,12095253
7425; 0,0625; 0,0625; 183,65217391304347; 0,120823786
7426; 0,0625; 0,0625; 183,34782608695653; 0,12062358
7427; 0,0625; 0,0625; 184,30434782608697; 0,12125287
7428; 0,0625; 0,0625; 184,56521739130434; 0,12142451
7429; 0,0625; 0,0625; 183,47826086956522; 0,1207094
7430; 0,0625; 0,0625; 183,93478260869566; 0,121009745
7431; 0,0625; 0,0625; 181,52173913043478; 0,11942222
7432; 0,0625; 0,0625; 183,1304347826087; 0,12048056
7433; 0,0625; 0,0625; 183,3695652173913; 0,120637886
7434; 0,0625; 0,0625; 183,8695652173913; 0,12096684
7435; 0,0625; 0,0625; 182,93478260869566; 0,12035184
7436; 0,0625; 0,0625; 183,7608695652174; 0,120895326
7437; 0,0625; 0,0625; 183,95652173913044; 0,121024035
7438; 0,0625; 0,0625; 184,04347826086956; 0,12108125
7439; 0,0625; 0,0625; 182,91304347826087; 0,12033756
7440; 0,0625; 0,0625; 183,82608695652175; 0,12093824
7441; 0,0625; 0,0625; 183,7608695652174; 0,12089533
7442; 0,0625; 0,0625; 185,67391304347825; 0,1221539
7443; 0,0625; 0,0625; 184,7826086956522; 0,12156752
7444; 0,0625; 0,0625; 182,1304347826087; 0,11982268
7445; 0,0625; 0,0625; 183,91304347826087; 0,12099545
7446; 0,0625; 0,0625; 183,7173913043478; 0,12086672
7447; 0,0625; 0,0625; 183,95652173913044; 0,12102405
7448; 0,0625; 0,0625; 184,06521739130434; 0,12109556
7449; 0,0625; 0,0625; 183,65217391304347; 0,1208238
7450; 0,0625; 0,0625; 182,2173913043478; 0,11987988
7451; 0,0625; 0,0625; 184,06521739130434; 0,12109555
7452; 0,0625; 0,0625; 183,93478260869566; 0,121009745
7453; 0,0625; 0,0625; 182,58695652173913; 0,120123014
7454; 0,0625; 0,0625; 182,6304347826087; 0,12015162
7455; 0,0625; 0,0625; 184,6304347826087; 0,121467404
7456; 0,0625; 0,0625; 184,6304347826087; 0,1214674
7457; 0,0625; 0,0625; 184,06521739130434; 0,12109556
7458; 0,0625; 0,0625; 183,1304347826087; 0,12048057
7459; 0,0625; 0,0625; 184,47826086956522; 0,121367276
7460; 0,0625; 0,0625; 183,2608695652174; 0,120566376
7461; 0,0625; 0,0625; 183,56521739130434; 0,120766595
7462; 0,0625; 0,0625; 184,3913043478261; 0,12131009
7463; 0,0625; 0,0625; 182,82608695652175; 0,12028034
7464; 0,0625; 0,0625; 183,32608695652175; 0,12060929
7465; 0,0625; 0,0625; 183,65217391304347; 0,1208238
7466; 0,0625; 0,0625; 183,45652173913044; 0,12069509
7467; 0,0625; 0,0625; 182,47826086956522; 0,12005148
7468; 0,0625; 0,0625; 180,95652173913044; 0,11905037
7469; 0,0625; 0,0625; 183,8695652173913; 0,120966814
7470; 0,0625; 0,0625; 183,8695652173913; 0,120966814
7471; 0,0625; 0,0625; 185,06521739130434; 0,121753454
7472; 0,0625; 0,0625; 181,8695652173913; 0,11965106
7473; 0,0625; 0,0625; 183,97826086956522; 0,12103833
7474; 0,0625; 0,0625; 183,19565217391303; 0,12052346
7475; 0,0625; 0,0625; 183,7173913043478; 0,12086672
7476; 0,0625; 0,0625; 184,58695652173913; 0,121438794
7477; 0,0625; 0,0625; 184,2173913043478; 0,12119568
7478; 0,0625; 0,0625; 183,97826086956522; 0,121038355
7479; 0,0625; 0,0625; 183,15217391304347; 0,12049487
7480; 0,0625; 0,0625; 181,43478260869566; 0,119365
7481; 0,0625; 0,0625; 185,17391304347825; 0,12182497
7482; 0,0625; 0,0625; 183,54347826086956; 0,120752305
7483; 0,0625; 0,0625; 181,45652173913044; 0,119379304
7484; 0,0625; 0,0625; 183,47826086956522; 0,120709375
7485; 0,0625; 0,0625; 183,8913043478261; 0,12098116
7486; 0,0625; 0,0625; 184,2826086956522; 0,121238574
7487; 0,0625; 0,0625; 184,45652173913044; 0,12135297
7488; 0,0625; 0,0625; 182,56521739130434; 0,12010871
7489; 0,0625; 0,0625; 183,6304347826087; 0,12080951
7490; 0,0625; 0,0625; 183,95652173913044; 0,12102405
7491; 0,0625; 0,0625; 184,1086956521739; 0,12112416
7492; 0,0625; 0,0625; 184,1304347826087; 0,121138446
7493; 0,0625; 0,0625; 183,95652173913044; 0,12102405
7494; 0,0625; 0,0625; 183,06521739130434; 0,12043765
7495; 0,0625; 0,0625; 185,52173913043478; 0,12205379
7496; 0,0625; 0,0625; 182,7826086956522; 0,12025174
7497; 0,0625; 0,0625; 181,54347826086956; 0,1194365
7498; 0,0625; 0,0625; 183,69565217391303; 0,120852426
7499; 0,0625; 0,0625; 184,17391304347825; 0,12116708
7500; 0,0625; 0,0625; 184,30434782608697; 0,12125288
7501; 0,0625; 0,0625; 180,93478260869566; 0,11903606
7502; 0,0625; 0,0625; 185,2173913043478; 0,12185357
7503; 0,0625; 0,0625; 184,43478260869566; 0,12133869
7504; 0,0625; 0,0625; 184,58695652173913; 0,121438794
7505; 0,0625; 0,0625; 184,6086956521739; 0,12145311
7506; 0,0625; 0,0625; 184,0; 0,12105266
7507; 0,0625; 0,0625; 184,7608695652174; 0,12155321
7508; 0,0625; 0,0625; 183,95652173913044; 0,121024035
7509; 0,0625; 0,0625; 183,6304347826087; 0,1208095
7510; 0,0625; 0,0625; 185,04347826086956; 0,12173915
7511; 0,0625; 0,0625; 182,47826086956522; 0,12005151
7512; 0,0625; 0,0625; 183,30434782608697; 0,120594986
7513; 0,0625; 0,0625; 183,54347826086956; 0,120752305
7514; 0,0625; 0,0625; 184,6304347826087; 0,121467404
7515; 0,0625; 0,0625; 184,43478260869566; 0,12133868
7516; 0,0625; 0,0625; 183,32608695652175; 0,120609276
7517; 0,0625; 0,0625; 182,91304347826087; 0,12033754
7518; 0,0625; 0,0625; 184,19565217391303; 0,12118136
7519; 0,0625; 0,0625; 182,41304347826087; 0,120008595
7520; 0,0625; 0,0625; 185,45652173913044; 0,12201089
7521; 0,0625; 0,0625; 183,97826086956522; 0,12103834
7522; 0,0625; 0,0625; 184,1304347826087; 0,12113847
7523; 0,0625; 0,0625; 182,58695652173913; 0,12012301
7524; 0,0625; 0,0625; 183,52173913043478; 0,12073801
7525; 0,0625; 0,0625; 184,15217391304347; 0,12115275
7526; 0,0625; 0,0625; 181,80434782608697; 0,11960814
7527; 0,0625; 0,0625; 184,30434782608697; 0,12125288
7528; 0,0625; 0,0625; 182,65217391304347; 0,12016591
7529; 0,0625; 0,0625; 183,95652173913044; 0,121024035
7530; 0,0625; 0,0625; 185,0; 0,12171053
7531; 0,0625; 0,0625; 184,32608695652175; 0,121267185
7532; 0,0625; 0,0625; 184,08695652173913; 0,12110986
7533; 0,0625; 0,0625; 184,84782608695653; 0,121610425
7534; 0,0625; 0,0625; 184,45652173913044; 0,121352986
7535; 0,0625; 0,0625; 183,8913043478261; 0,12098112
7536; 0,0625; 0,0625; 182,8695652173913; 0,120308936
7537; 0,0625; 0,0625; 184,45652173913044; 0,12135299
7538; 0,0625; 0,0625; 184,47826086956522; 0,12136729
7539; 0,0625; 0,0625; 182,97826086956522; 0,120380454
7540; 0,0625; 0,0625; 183,02173913043478; 0,120409064
7541; 0,0625; 0,0625; 184,08695652173913; 0,121109836
7542; 0,0625; 0,0625; 184,30434782608697; 0,12125288
7543; 0,0625; 0,0625; 183,84782608695653; 0,12095253
7544; 0,0625; 0,0625; 183,30434782608697; 0,12059498
7545; 0,0625; 0,0625; 183,80434782608697; 0,12092394
7546; 0,0625; 0,0625; 184,7608695652174; 0,121553205
7547; 0,0625; 0,0625; 180,69565217391303; 0,11887873
7548; 0,0625; 0,0625; 184,15217391304347; 0,12115277
7549; 0,0625; 0,0625; 184,2608695652174; 0,12122427
7550; 0,0625; 0,0625; 183,2173913043478; 0,12053778
7551; 0,0625; 0,0625; 183,93478260869566; 0,12100973
7552; 0,0625; 0,0625; 182,41304347826087; 0,120008595
7553; 0,0625; 0,0625; 184,17391304347825; 0,12116707
7554; 0,0625; 0,0625; 183,08695652173913; 0,120451935
7555; 0,0625; 0,0625; 183,82608695652175; 0,12093823
7556; 0,0625; 0,0625; 184,65217391304347; 0,12148172
7557; 0,0625; 0,0625; 183,93478260869566; 0,12100973
7558; 0,0625; 0,0625; 184,15217391304347; 0,12115274
7559; 0,0625; 0,0625; 183,93478260869566; 0,12100973
7560; 0,0625; 0,0625; 184,2173913043478; 0,12119565
7561; 0,0625; 0,0625; 183,04347826086956; 0,12042335
7562; 0,0625; 0,0625; 184,2391304347826; 0,12120997
7563; 0,0625; 0,0625; 183,7826086956522; 0,12090963
7564; 0,0625; 0,0625; 184,3913043478261; 0,12131008
7565; 0,0625; 0,0625; 182,7608695652174; 0,120237425
7566; 0,0625; 0,0625; 184,04347826086956; 0,12108125
7567; 0,0625; 0,0625; 184,06521739130434; 0,12109555
7568; 0,0625; 0,0625; 184,04347826086956; 0,121081255
7569; 0,0625; 0,0625; 183,7608695652174; 0,120895304
7570; 0,0625; 0,0625; 184,2173913043478; 0,12119567
7571; 0,0625; 0,0625; 183,97826086956522; 0,121038355
7572; 0,0625; 0,0625; 184,34782608695653; 0,12128147
7573; 0,0625; 0,0625; 184,19565217391303; 0,12118138
7574; 0,0625; 0,0625; 182,8695652173913; 0,12030895
7575; 0,0625; 0,0625; 181,15217391304347; 0,119179085
7576; 0,0625; 0,0625; 185,06521739130434; 0,12175345
7577; 0,0625; 0,0625; 182,2608695652174; 0,119908474
7578; 0,0625; 0,0625; 184,6304347826087; 0,121467404
7579; 0,0625; 0,0625; 184,45652173913044; 0,121352986
7580; 0,0625; 0,0625; 184,02173913043478; 0,121066965
7581; 0,0625; 0,0625; 183,54347826086956; 0,12075229
7582; 0,0625; 0,0625; 184,97826086956522; 0,121696256
7583; 0,0625; 0,0625; 184,2826086956522; 0,121238574
7584; 0,0625; 0,0625; 184,2173913043478; 0,12119567
7585; 0,0625; 0,0625; 182,45652173913044; 0,120037206
7586; 0,0625; 0,0625; 184,2608695652174; 0,12122428
7587; 0,0625; 0,0625; 184,82608695652175; 0,1215961
7588; 0,0625; 0,0625; 184,1304347826087; 0,12113846
7589; 0,0625; 0,0625; 181,1086956521739; 0,11915046
7590; 0,0625; 0,0625; 185,02173913043478; 0,12172482
7591; 0,0625; 0,0625; 184,02173913043478; 0,12106695
7592; 0,0625; 0,0625; 184,41304347826087; 0,12132438
7593; 0,0625; 0,0625; 183,47826086956522; 0,1207094
7594; 0,0625; 0,0625; 182,6086956521739; 0,12013732
7595; 0,0625; 0,0625; 184,2173913043478; 0,12119566
7596; 0,0625; 0,0625; 184,6304347826087; 0,121467404
7597; 0,0625; 0,0625; 183,84782608695653; 0,12095253
7598; 0,0625; 0,0625; 183,8695652173913; 0,12096683
7599; 0,0625; 0,0625; 183,3695652173913; 0,12063787
7600; 0,0625; 0,0625; 183,82608695652175; 0,12093823
7601; 0,0625; 0,0625; 184,1304347826087; 0,12113847
7602; 0,0625; 0,0625; 181,17391304347825; 0,119193375
7603; 0,0625; 0,0625; 184,15217391304347; 0,121152766
7604; 0,0625; 0,0625; 184,19565217391303; 0,12118136
7605; 0,0625; 0,0625; 184,1304347826087; 0,12113846
7606; 0,0625; 0,0625; 183,6304347826087; 0,120809525
7607; 0,0625; 0,0625; 184,2608695652174; 0,12122427
7608; 0,0625; 0,0625; 183,8913043478261; 0,120981134
7609; 0,0625; 0,0625; 183,80434782608697; 0,120923914
7610; 0,0625; 0,0625; 184,15217391304347; 0,121152766
7611; 0,0625; 0,0625; 183,95652173913044; 0,12102405
7612; 0,0625; 0,0625; 184,52173913043478; 0,1213959
7613; 0,0625; 0,0625; 184,34782608695653; 0,12128149
7614; 0,0625; 0,0625; 183,2608695652174; 0,12056637
7615; 0,0625; 0,0625; 185,02173913043478; 0,12172485
7616; 0,0625; 0,0625; 183,32608695652175; 0,12060928
7617; 0,0625; 0,0625; 183,7173913043478; 0,12086672
7618; 0,0625; 0,0625; 183,7173913043478; 0,120866716
7619; 0,0625; 0,0625; 183,7826086956522; 0,12090962
7620; 0,0625; 0,0625; 184,1086956521739; 0,121124156
7621; 0,0625; 0,0625; 180,5; 0,11875002
7622; 0,0625; 0,0625; 182,3913043478261; 0,1199943
7623; 0,0625; 0,0625; 184,0; 0,12105264
7624; 0,0625; 0,0625; 183,91304347826087; 0,12099544
7625; 0,0625; 0,0625; 183,95652173913044; 0,12102405
7626; 0,0625; 0,0625; 181,52173913043478; 0,119422205
7627; 0,0625; 0,0625; 184,17391304347825; 0,121167056
7628; 0,0625; 0,0625; 183,7173913043478; 0,1208667
7629; 0,0625; 0,0625; 182,5; 0,120065816
7630; 0,0625; 0,0625; 182,0; 0,119736865
7631; 0,0625; 0,0625; 182,47826086956522; 0,12005149
7632; 0,0625; 0,0625; 184,82608695652175; 0,12159612
7633; 0,0625; 0,0625; 184,0; 0,121052645
7634; 0,0625; 0,0625; 184,43478260869566; 0,12133868
7635; 0,0625; 0,0625; 183,93478260869566; 0,121009745
7636; 0,0625; 0,0625; 184,2391304347826; 0,12120997
7637; 0,0625; 0,0625; 183,56521739130434; 0,12076661
7638; 0,0625; 0,0625; 184,02173913043478; 0,12106695
7639; 0,0625; 0,0625; 184,2391304347826; 0,121209964
7640; 0,0625; 0,0625; 184,2173913043478; 0,12119566
7641; 0,0625; 0,0625; 184,2173913043478; 0,12119565
7642; 0,0625; 0,0625; 184,2608695652174; 0,12122428
7643; 0,0625; 0,0625; 184,93478260869566; 0,121667646
7644; 0,0625; 0,0625; 183,2826086956522; 0,12058068
7645; 0,0625; 0,0625; 184,67391304347825; 0,12149601
7646; 0,0625; 0,0625; 184,54347826086956; 0,12141019
7647; 0,0625; 0,0625; 184,30434782608697; 0,12125288
7648; 0,0625; 0,0625; 182,5; 0,12006579
7649; 0,0625; 0,0625; 184,47826086956522; 0,12136729
7650; 0,0625; 0,0625; 184,6086956521739; 0,1214531
7651; 0,0625; 0,0625; 185,06521739130434; 0,121753454
7652; 0,0625; 0,0625; 184,08695652173913; 0,12110986
7653; 0,0625; 0,0625; 182,56521739130434; 0,12010871
7654; 0,0625; 0,0625; 184,7173913043478; 0,1215246
7655; 0,0625; 0,0625; 184,3695652173913; 0,12129579
7656; 0,0625; 0,0625; 184,32608695652175; 0,121267185
7657; 0,0625; 0,0625; 184,08695652173913; 0,12110986
7658; 0,0625; 0,0625; 181,6304347826087; 0,11949372
7659; 0,0625; 0,0625; 183,91304347826087; 0,120995425
7660; 0,0625; 0,0625; 184,15217391304347; 0,121152766
7661; 0,0625; 0,0625; 183,7826086956522; 0,12090964
7662; 0,0625; 0,0625; 184,2608695652174; 0,12122426
7663; 0,0625; 0,0625; 182,56521739130434; 0,120108716
7664; 0,0625; 0,0625; 183,30434782608697; 0,120594986
7665; 0,0625; 0,0625; 183,2826086956522; 0,12058067
7666; 0,0625; 0,0625; 182,06521739130434; 0,11977977
7667; 0,0625; 0,0625; 182,08695652173913; 0,11979407
7668; 0,0625; 0,0625; 181,69565217391303; 0,11953663
7669; 0,0625; 0,0625; 184,2391304347826; 0,121209964
7670; 0,0625; 0,0625; 183,17391304347825; 0,120509155
7671; 0,0625; 0,0625; 182,34782608695653; 0,119965695
7672; 0,0625; 0,0625; 182,65217391304347; 0,12016592
7673; 0,0625; 0,0625; 184,2391304347826; 0,121209964
7674; 0,0625; 0,0625; 182,7826086956522; 0,12025174
7675; 0,0625; 0,0625; 184,43478260869566; 0,12133869
7676; 0,0625; 0,0625; 183,91304347826087; 0,12099544
7677; 0,0625; 0,0625; 184,43478260869566; 0,12133868
7678; 0,0625; 0,0625; 182,6086956521739; 0,12013731
7679; 0,0625; 0,0625; 183,93478260869566; 0,121009745
7680; 0,0625; 0,0625; 184,2826086956522; 0,12123857
7681; 0,0625; 0,0625; 184,93478260869566; 0,121667646
7682; 0,0625; 0,0625; 184,0; 0,12105266
7683; 0,0625; 0,0625; 183,69565217391303; 0,12085242
7684; 0,0625; 0,0625; 182,5; 0,1200658
7685; 0,0625; 0,0625; 183,5; 0,12072372
7686; 0,0625; 0,0625; 183,34782608695653; 0,120623596
7687; 0,0625; 0,0625; 183,58695652173913; 0,120780915
7688; 0,0625; 0,0625; 183,7826086956522; 0,12090963
7689; 0,0625; 0,0625; 184,7391304347826; 0,12153892
7690; 0,0625; 0,0625; 183,56521739130434; 0,12076659
7691; 0,0625; 0,0625; 183,7391304347826; 0,120881006
7692; 0,0625; 0,0625; 184,2608695652174; 0,12122427
7693; 0,0625; 0,0625; 183,34782608695653; 0,12062359
7694; 0,0625; 0,0625; 183,69565217391303; 0,12085241
7695; 0,0625; 0,0625; 183,84782608695653; 0,12095255
7696; 0,0625; 0,0625; 184,34782608695653; 0,12128148
7697; 0,0625; 0,0625; 183,80434782608697; 0,12092394
7698; 0,0625; 0,0625; 183,2826086956522; 0,12058067
7699; 0,0625; 0,0625; 181,91304347826087; 0,11967966
7700; 0,0625; 0,0625; 183,45652173913044; 0,12069509
7701; 0,0625; 0,0625; 183,97826086956522; 0,121038355
7702; 0,0625; 0,0625; 184,08695652173913; 0,12110986
7703; 0,0625; 0,0625; 183,95652173913044; 0,12102405
7704; 0,0625; 0,0625; 183,3695652173913; 0,12063789
7705; 0,0625; 0,0625; 184,3695652173913; 0,12129579
7706; 0,0625; 0,0625; 184,34782608695653; 0,12128147
7707; 0,0625; 0,0625; 183,65217391304347; 0,120823815
7708; 0,0625; 0,0625; 184,19565217391303; 0,121181354
7709; 0,0625; 0,0625; 184,2391304347826; 0,121209964
7710; 0,0625; 0,0625; 184,58695652173913; 0,1214388
7711; 0,0625; 0,0625; 183,2608695652174; 0,12056639
7712; 0,0625; 0,0625; 183,84782608695653; 0,120952554
7713; 0,0625; 0,0625; 182,7391304347826; 0,12022313
7714; 0,0625; 0,0625; 184,41304347826087; 0,1213244
7715; 0,0625; 0,0625; 184,2826086956522; 0,12123858
7716; 0,0625; 0,0625; 183,8695652173913; 0,120966814
7717; 0,0625; 0,0625; 183,80434782608697; 0,12092394
7718; 0,0625; 0,0625; 183,91304347826087; 0,120995425
7719; 0,0625; 0,0625; 183,2608695652174; 0,12056636
7720; 0,0625; 0,0625; 183,80434782608697; 0,120923944
7721; 0,0625; 0,0625; 183,6086956521739; 0,12079522
7722; 0,0625; 0,0625; 182,6086956521739; 0,12013731
7723; 0,0625; 0,0625; 183,2826086956522; 0,12058068
7724; 0,0625; 0,0625; 182,7826086956522; 0,12025173
7725; 0,0625; 0,0625; 183,8695652173913; 0,12096684
7726; 0,0625; 0,0625; 182,3695652173913; 0,11997999
7727; 0,0625; 0,0625; 184,30434782608697; 0,12125288
7728; 0,0625; 0,0625; 182,47826086956522; 0,120051496
7729; 0,0625; 0,0625; 183,34782608695653; 0,120623566
7730; 0,0625; 0,0625; 182,8913043478261; 0,120323256
7731; 0,0625; 0,0625; 182,06521739130434; 0,11977975
7732; 0,0625; 0,0625; 184,0; 0,121052645
7733; 0,0625; 0,0625; 182,7391304347826; 0,12022313
7734; 0,0625; 0,0625; 184,8695652173913; 0,12162474
7735; 0,0625; 0,0625; 183,82608695652175; 0,12093822
7736; 0,0625; 0,0625; 182,80434782608697; 0,120266035
7737; 0,0625; 0,0625; 182,6086956521739; 0,12013731
7738; 0,0625; 0,0625; 184,43478260869566; 0,12133868
7739; 0,0625; 0,0625; 184,34782608695653; 0,12128148
7740; 0,0625; 0,0625; 184,54347826086956; 0,121410206
7741; 0,0625; 0,0625; 184,0; 0,12105264
7742; 0,0625; 0,0625; 185,2391304347826; 0,12186785
7743; 0,0625; 0,0625; 183,93478260869566; 0,121009745
7744; 0,0625; 0,0625; 183,19565217391303; 0,12052346
7745; 0,0625; 0,0625; 183,93478260869566; 0,121009745
7746; 0,0625; 0,0625; 184,2391304347826; 0,121209964
7747; 0,0625; 0,0625; 183,52173913043478; 0,120738
7748; 0,0625; 0,0625; 182,41304347826087; 0,120008595
7749; 0,0625; 0,0625; 182,7173913043478; 0,12020882
7750; 0,0625; 0,0625; 184,30434782608697; 0,12125289
7751; 0,0625; 0,0625; 182,8695652173913; 0,120308936
7752; 0,0625; 0,0625; 182,2608695652174; 0,119908474
7753; 0,0625; 0,0625; 184,1304347826087; 0,12113846
7754; 0,0625; 0,0625; 184,6304347826087; 0,12146741
7755; 0,0625; 0,0625; 184,19565217391303; 0,121181354
7756; 0,0625; 0,0625; 185,0; 0,12171055
7757; 0,0625; 0,0625; 185,15217391304347; 0,12181065
7758; 0,0625; 0,0625; 183,69565217391303; 0,12085241
7759; 0,0625; 0,0625; 184,34782608695653; 0,12128149
7760; 0,0625; 0,0625; 184,2391304347826; 0,12120997
7761; 0,0625; 0,0625; 183,08695652173913; 0,12045197
7762; 0,0625; 0,0625; 185,2608695652174; 0,12188217
7763; 0,0625; 0,0625; 184,54347826086956; 0,12141018
7764; 0,0625; 0,0625; 183,82608695652175; 0,12093823
7765; 0,0625; 0,0625; 181,91304347826087; 0,119679645
7766; 0,0625; 0,0625; 184,2826086956522; 0,121238574
7767; 0,0625; 0,0625; 183,93478260869566; 0,12100975
7768; 0,0625; 0,0625; 184,2608695652174; 0,12122428
7769; 0,0625; 0,0625; 185,1304347826087; 0,12179636
7770; 0,0625; 0,0625; 184,45652173913044; 0,12135299
7771; 0,0625; 0,0625; 184,30434782608697; 0,12125287
7772; 0,0625; 0,0625; 184,3913043478261; 0,12131009
7773; 0,0625; 0,0625; 183,3695652173913; 0,120637886
7774; 0,0625; 0,0625; 184,04347826086956; 0,12108125
7775; 0,0625; 0,0625; 184,34782608695653; 0,12128148
7776; 0,0625; 0,0625; 184,6086956521739; 0,12145311
7777; 0,0625; 0,0625; 183,69565217391303; 0,120852426
7778; 0,0625; 0,0625; 183,34782608695653; 0,12062359
7779; 0,0625; 0,0625; 184,91304347826087; 0,12165334
7780; 0,0625; 0,0625; 183,45652173913044; 0,120695084
7781; 0,0625; 0,0625; 184,02173913043478; 0,12106694
7782; 0,0625; 0,0625; 182,45652173913044; 0,120037206
7783; 0,0625; 0,0625; 184,2391304347826; 0,12120999
7784; 0,0625; 0,0625; 182,8913043478261; 0,12032324
7785; 0,0625; 0,0625; 184,2391304347826; 0,121209964
7786; 0,0625; 0,0625; 184,2826086956522; 0,12123858
7787; 0,0625; 0,0625; 182,69565217391303; 0,12019452
7788; 0,0625; 0,0625; 183,6086956521739; 0,1207952
7789; 0,0625; 0,0625; 184,6304347826087; 0,121467404
7790; 0,0625; 0,0625; 183,80434782608697; 0,12092394
7791; 0,0625; 0,0625; 184,2826086956522; 0,121238574
7792; 0,0625; 0,0625; 183,7173913043478; 0,120866716
7793; 0,0625; 0,0625; 182,93478260869566; 0,12035185
7794; 0,0625; 0,0625; 183,34782608695653; 0,12062359
7795; 0,0625; 0,0625; 184,82608695652175; 0,12159612
7796; 0,0625; 0,0625; 183,97826086956522; 0,12103834
7797; 0,0625; 0,0625; 182,3695652173913; 0,11998
7798; 0,0625; 0,0625; 183,1304347826087; 0,12048057
7799; 0,0625; 0,0625; 184,2608695652174; 0,12122427
7800; 0,0625; 0,0625; 182,67391304347825; 0,12018023
7801; 0,0625; 0,0625; 184,1086956521739; 0,121124156
7802; 0,0625; 0,0625; 184,2173913043478; 0,12119565
7803; 0,0625; 0,0625; 183,04347826086956; 0,12042336
7804; 0,0625; 0,0625; 184,2608695652174; 0,12122427
7805; 0,0625; 0,0625; 185,34782608695653; 0,121939376
7806; 0,0625; 0,0625; 184,04347826086956; 0,12108125
7807; 0,0625; 0,0625; 184,7826086956522; 0,12156751
7808; 0,0625; 0,0625; 183,93478260869566; 0,12100975
7809; 0,0625; 0,0625; 183,2173913043478; 0,12053778
7810; 0,0625; 0,0625; 183,69565217391303; 0,120852426
7811; 0,0625; 0,0625; 183,58695652173913; 0,1207809
7812; 0,0625; 0,0625; 184,2173913043478; 0,12119567
7813; 0,0625; 0,0625; 182,6304347826087; 0,1201516
7814; 0,0625; 0,0625; 182,80434782608697; 0,120266035
7815; 0,0625; 0,0625; 184,7608695652174; 0,12155323
7816; 0,0625; 0,0625; 184,1086956521739; 0,12112416
7817; 0,0625; 0,0625; 183,5; 0,1207237
7818; 0,0625; 0,0625; 182,0; 0,11973686
7819; 0,0625; 0,0625; 184,32608695652175; 0,121267185
7820; 0,0625; 0,0625; 183,8695652173913; 0,12096684
7821; 0,0625; 0,0625; 183,0; 0,12039474
7822; 0,0625; 0,0625; 183,52173913043478; 0,12073801
7823; 0,0625; 0,0625; 184,02173913043478; 0,12106694
7824; 0,0625; 0,0625; 184,17391304347825; 0,121167056
7825; 0,0625; 0,0625; 184,06521739130434; 0,12109556
7826; 0,0625; 0,0625; 183,0; 0,12039475
7827; 0,0625; 0,0625; 183,3695652173913; 0,120637886
7828; 0,0625; 0,0625; 184,47826086956522; 0,12136731
7829; 0,0625; 0,0625; 184,7391304347826; 0,12153893
7830; 0,0625; 0,0625; 184,65217391304347; 0,12148171
7831; 0,0625; 0,0625; 184,65217391304347; 0,12148172
7832; 0,0625; 0,0625; 182,19565217391303; 0,119865574
7833; 0,0625; 0,0625; 183,6304347826087; 0,120809525
7834; 0,0625; 0,0625; 182,8695652173913; 0,120308936
7835; 0,0625; 0,0625; 181,97826086956522; 0,119722545
7836; 0,0625; 0,0625; 183,97826086956522; 0,12103833
7837; 0,0625; 0,0625; 183,97826086956522; 0,12103834
7838; 0,0625; 0,0625; 184,02173913043478; 0,12106694
7839; 0,0625; 0,0625; 182,91304347826087; 0,120337546
7840; 0,0625; 0,0625; 184,04347826086956; 0,12108125
7841; 0,0625; 0,0625; 183,3695652173913; 0,12063789
7842; 0,0625; 0,0625; 184,1086956521739; 0,12112416
7843; 0,0625; 0,0625; 184,19565217391303; 0,121181354
7844; 0,0625; 0,0625; 182,15217391304347; 0,11983697
7845; 0,0625; 0,0625; 184,02173913043478; 0,12106695
7846; 0,0625; 0,0625; 182,97826086956522; 0,12038043
7847; 0,0625; 0,0625; 184,7608695652174; 0,121553235
7848; 0,0625; 0,0625; 184,95652173913044; 0,121681936
7849; 0,0625; 0,0625; 183,2391304347826; 0,12055207
7850; 0,0625; 0,0625; 183,52173913043478; 0,120738
7851; 0,0625; 0,0625; 183,7173913043478; 0,12086673
7852; 0,0625; 0,0625; 182,06521739130434; 0,11977977
7853; 0,0625; 0,0625; 184,02173913043478; 0,12106695
7854; 0,0625; 0,0625; 181,97826086956522; 0,119722545
7855; 0,0625; 0,0625; 183,17391304347825; 0,12050917
7856; 0,0625; 0,0625; 183,32608695652175; 0,12060928
7857; 0,0625; 0,0625; 184,67391304347825; 0,121496014
7858; 0,0625; 0,0625; 184,15217391304347; 0,121152766
7859; 0,0625; 0,0625; 183,04347826086956; 0,12042336
7860; 0,0625; 0,0625; 184,1304347826087; 0,121138446
7861; 0,0625; 0,0625; 184,95652173913044; 0,12168193
7862; 0,0625; 0,0625; 183,3695652173913; 0,12063787
7863; 0,0625; 0,0625; 181,65217391304347; 0,11950803
7864; 0,0625; 0,0625; 183,3695652173913; 0,1206379
7865; 0,0625; 0,0625; 183,2608695652174; 0,12056639
7866; 0,0625; 0,0625; 183,91304347826087; 0,12099545
7867; 0,0625; 0,0625; 182,69565217391303; 0,12019452
7868; 0,0625; 0,0625; 184,1086956521739; 0,12112416
7869; 0,0625; 0,0625; 184,0; 0,12105264
7870; 0,0625; 0,0625; 182,7391304347826; 0,12022313
7871; 0,0625; 0,0625; 184,52173913043478; 0,1213959
7872; 0,0625; 0,0625; 182,69565217391303; 0,12019453
7873; 0,0625; 0,0625; 184,3695652173913; 0,12129579
7874; 0,0625; 0,0625; 184,91304347826087; 0,12165331
7875; 0,0625; 0,0625; 183,95652173913044; 0,121024035
7876; 0,0625; 0,0625; 184,2391304347826; 0,12120999
7877; 0,0625; 0,0625; 182,30434782608697; 0,119937085
7878; 0,0625; 0,0625; 183,54347826086956; 0,120752305
7879; 0,0625; 0,0625; 182,91304347826087; 0,120337546
7880; 0,0625; 0,0625; 183,3913043478261; 0,12065219
7881; 0,0625; 0,0625; 182,5; 0,120065816
7882; 0,0625; 0,0625; 183,41304347826087; 0,120666474
7883; 0,0625; 0,0625; 184,2173913043478; 0,12119567
7884; 0,0625; 0,0625; 183,91304347826087; 0,12099545
7885; 0,0625; 0,0625; 184,2391304347826; 0,12120997
7886; 0,0625; 0,0625; 184,32608695652175; 0,121267185
7887; 0,0625; 0,0625; 184,7826086956522; 0,12156752
7888; 0,0625; 0,0625; 182,41304347826087; 0,120008595
7889; 0,0625; 0,0625; 184,3695652173913; 0,12129577
7890; 0,0625; 0,0625; 184,1304347826087; 0,12113847
7891; 0,0625; 0,0625; 183,67391304347825; 0,12083812
7892; 0,0625; 0,0625; 183,6304347826087; 0,120809495
7893; 0,0625; 0,0625; 183,2826086956522; 0,12058068
7894; 0,0625; 0,0625; 183,69565217391303; 0,12085242
7895; 0,0625; 0,0625; 182,56521739130434; 0,1201087
7896; 0,0625; 0,0625; 182,04347826086956; 0,11976546
7897; 0,0625; 0,0625; 184,3695652173913; 0,12129577
7898; 0,0625; 0,0625; 184,2391304347826; 0,12120999
7899; 0,0625; 0,0625; 183,08695652173913; 0,12045197
7900; 0,0625; 0,0625; 183,2826086956522; 0,12058067
7901; 0,0625; 0,0625; 181,56521739130434; 0,11945081
7902; 0,0625; 0,0625; 184,34782608695653; 0,12128148
7903; 0,0625; 0,0625; 184,04347826086956; 0,121081255
7904; 0,0625; 0,0625; 183,6086956521739; 0,120795205
7905; 0,0625; 0,0625; 183,7391304347826; 0,120881006
7906; 0,0625; 0,0625; 183,2826086956522; 0,12058067
7907; 0,0625; 0,0625; 184,43478260869566; 0,12133869
7908; 0,0625; 0,0625; 184,52173913043478; 0,1213959
7909; 0,0625; 0,0625; 185,15217391304347; 0,12181065
7910; 0,0625; 0,0625; 182,17391304347825; 0,11985128
7911; 0,0625; 0,0625; 183,52173913043478; 0,12073798
7912; 0,0625; 0,0625; 184,2608695652174; 0,12122426
7913; 0,0625; 0,0625; 184,8913043478261; 0,12163901
7914; 0,0625; 0,0625; 184,95652173913044; 0,121681936
7915; 0,0625; 0,0625; 183,47826086956522; 0,12070939
7916; 0,0625; 0,0625; 183,7826086956522; 0,12090962
7917; 0,0625; 0,0625; 183,7826086956522; 0,12090962
7918; 0,0625; 0,0625; 183,7608695652174; 0,12089531
7919; 0,0625; 0,0625; 179,17391304347825; 0,117877595
7920; 0,0625; 0,0625; 183,7173913043478; 0,120866716
7921; 0,0625; 0,0625; 183,06521739130434; 0,12043765
7922; 0,0625; 0,0625; 184,84782608695653; 0,12161043
7923; 0,0625; 0,0625; 182,7391304347826; 0,12022313
7924; 0,0625; 0,0625; 184,5; 0,1213816
7925; 0,0625; 0,0625; 184,02173913043478; 0,12106695
7926; 0,0625; 0,0625; 183,58695652173913; 0,120780915
7927; 0,0625; 0,0625; 183,8695652173913; 0,12096684
7928; 0,0625; 0,0625; 183,93478260869566; 0,12100975
7929; 0,0625; 0,0625; 183,30434782608697; 0,12059498
7930; 0,0625; 0,0625; 183,91304347826087; 0,12099545
7931; 0,0625; 0,0625; 185,3695652173913; 0,12195367
7932; 0,0625; 0,0625; 182,30434782608697; 0,11993708
7933; 0,0625; 0,0625; 184,6304347826087; 0,12146741
7934; 0,0625; 0,0625; 184,56521739130434; 0,121424496
7935; 0,0625; 0,0625; 183,1304347826087; 0,12048057
7936; 0,0625; 0,0625; 183,06521739130434; 0,12043765
7937; 0,0625; 0,0625; 184,67391304347825; 0,12149601
7938; 0,0625; 0,0625; 184,45652173913044; 0,12135301
7939; 0,0625; 0,0625; 184,3695652173913; 0,12129577
7940; 0,0625; 0,0625; 184,08695652173913; 0,121109866
7941; 0,0625; 0,0625; 184,19565217391303; 0,12118138
7942; 0,0625; 0,0625; 183,8913043478261; 0,120981134
7943; 0,0625; 0,0625; 182,15217391304347; 0,119836986
7944; 0,0625; 0,0625; 185,17391304347825; 0,12182495
7945; 0,0625; 0,0625; 183,30434782608697; 0,120595
7946; 0,0625; 0,0625; 182,7391304347826; 0,12022314
7947; 0,0625; 0,0625; 184,06521739130434; 0,12109555
7948; 0,0625; 0,0625; 183,7826086956522; 0,12090962
7949; 0,0625; 0,0625; 183,3913043478261; 0,1206522
7950; 0,0625; 0,0625; 182,56521739130434; 0,12010871
7951; 0,0625; 0,0625; 184,65217391304347; 0,12148172
7952; 0,0625; 0,0625; 183,69565217391303; 0,120852426
7953; 0,0625; 0,0625; 184,2608695652174; 0,12122427
7954; 0,0625; 0,0625; 183,6304347826087; 0,12080951
7955; 0,0625; 0,0625; 184,67391304347825; 0,121496014
7956; 0,0625; 0,0625; 184,1304347826087; 0,121138446
7957; 0,0625; 0,0625; 182,91304347826087; 0,120337546
7958; 0,0625; 0,0625; 181,82608695652175; 0,11962244
7959; 0,0625; 0,0625; 184,02173913043478; 0,121066935
7960; 0,0625; 0,0625; 184,0; 0,121052645
7961; 0,0625; 0,0625; 180,93478260869566; 0,119036056
7962; 0,0625; 0,0625; 181,6304347826087; 0,119493715
7963; 0,0625; 0,0625; 184,30434782608697; 0,12125287
7964; 0,0625; 0,0625; 185,7608695652174; 0,12221111
7965; 0,0625; 0,0625; 183,56521739130434; 0,12076661
7966; 0,0625; 0,0625; 183,3695652173913; 0,12063789
7967; 0,0625; 0,0625; 183,8695652173913; 0,12096683
7968; 0,0625; 0,0625; 183,80434782608697; 0,12092392
7969; 0,0625; 0,0625; 186,17391304347825; 0,12248285
7970; 0,0625; 0,0625; 184,47826086956522; 0,1213673
7971; 0,0625; 0,0625; 185,6086956521739; 0,12211101
7972; 0,0625; 0,0625; 182,54347826086956; 0,120094426
7973; 0,0625; 0,0625; 184,32608695652175; 0,12126718
7974; 0,0625; 0,0625; 184,0; 0,121052645
7975; 0,0625; 0,0625; 184,52173913043478; 0,12139591
7976; 0,0625; 0,0625; 181,2826086956522; 0,119264886
7977; 0,0625; 0,0625; 184,8913043478261; 0,121639036
7978; 0,0625; 0,0625; 181,1086956521739; 0,11915048
7979; 0,0625; 0,0625; 183,08695652173913; 0,12045197
7980; 0,0625; 0,0625; 183,7173913043478; 0,12086672
7981; 0,0625; 0,0625; 184,45652173913044; 0,12135299
7982; 0,0625; 0,0625; 182,7608695652174; 0,12023743
7983; 0,0625; 0,0625; 184,34782608695653; 0,12128147
7984; 0,0625; 0,0625; 184,08695652173913; 0,12110985
7985; 0,0625; 0,0625; 183,8913043478261; 0,12098116
7986; 0,0625; 0,0625; 184,08695652173913; 0,121109866
7987; 0,0625; 0,0625; 184,2173913043478; 0,12119567
7988; 0,0625; 0,0625; 183,5; 0,1207237
7989; 0,0625; 0,0625; 183,17391304347825; 0,12050917
7990; 0,0625; 0,0625; 179,3695652173913; 0,11800631
7991; 0,0625; 0,0625; 183,3695652173913; 0,12063789
7992; 0,0625; 0,0625; 184,58695652173913; 0,121438816
7993; 0,0625; 0,0625; 184,2826086956522; 0,12123858
7994; 0,0625; 0,0625; 185,19565217391303; 0,121839255
7995; 0,0625; 0,0625; 182,5; 0,120065816
7996; 0,0625; 0,0625; 182,8913043478261; 0,120323256
7997; 0,0625; 0,0625; 184,17391304347825; 0,121167056
7998; 0,0625; 0,0625; 184,30434782608697; 0,12125288
7999; 0,0625; 0,0625; 182,7608695652174; 0,120237425
8000; 0,0625; 0,0625; 182,45652173913044; 0,120037206
8001; 0,0625; 0,0625; 183,47826086956522; 0,12070939
8002; 0,0625; 0,0625; 184,65217391304347; 0,12148169
8003; 0,0625; 0,0625; 182,95652173913044; 0,12036615
8004; 0,0625; 0,0625; 184,17391304347825; 0,12116707
8005; 0,0625; 0,0625; 184,7608695652174; 0,12155323
8006; 0,0625; 0,0625; 184,58695652173913; 0,121438794
8007; 0,0625; 0,0625; 184,2173913043478; 0,12119566
8008; 0,0625; 0,0625; 184,2608695652174; 0,12122427
8009; 0,0625; 0,0625; 184,0; 0,121052645
8010; 0,0625; 0,0625; 182,1086956521739; 0,119808376
8011; 0,0625; 0,0625; 184,43478260869566; 0,12133868
8012; 0,0625; 0,0625; 184,19565217391303; 0,12118138
8013; 0,0625; 0,0625; 184,2608695652174; 0,12122427
8014; 0,0625; 0,0625; 183,45652173913044; 0,12069507
8015; 0,0625; 0,0625; 184,2608695652174; 0,12122426
8016; 0,0625; 0,0625; 185,6086956521739; 0,122110985
8017; 0,0625; 0,0625; 184,02173913043478; 0,12106694
8018; 0,0625; 0,0625; 184,82608695652175; 0,12159612
8019; 0,0625; 0,0625; 183,80434782608697; 0,12092392
8020; 0,0625; 0,0625; 181,2391304347826; 0,119236305
8021; 0,0625; 0,0625; 184,2826086956522; 0,121238574
8022; 0,0625; 0,0625; 185,17391304347825; 0,12182495
8023; 0,0625; 0,0625; 182,54347826086956; 0,1200944
8024; 0,0625; 0,0625; 181,54347826086956; 0,119436525
8025; 0,0625; 0,0625; 182,82608695652175; 0,12028032
8026; 0,0625; 0,0625; 184,43478260869566; 0,12133869
8027; 0,0625; 0,0625; 182,8695652173913; 0,120308936
8028; 0,0625; 0,0625; 184,3695652173913; 0,12129579
8029; 0,0625; 0,0625; 185,65217391304347; 0,12213961
8030; 0,0625; 0,0625; 184,8695652173913; 0,12162473
8031; 0,0625; 0,0625; 183,8913043478261; 0,12098114
8032; 0,0625; 0,0625; 184,06521739130434; 0,12109555
8033; 0,0625; 0,0625; 185,19565217391303; 0,12183926
8034; 0,0625; 0,0625; 184,65217391304347; 0,12148171
8035; 0,0625; 0,0625; 183,95652173913044; 0,12102403
8036; 0,0625; 0,0625; 183,95652173913044; 0,121024035
8037; 0,0625; 0,0625; 182,2608695652174; 0,11990849
8038; 0,0625; 0,0625; 184,1086956521739; 0,12112414
8039; 0,0625; 0,0625; 182,6304347826087; 0,12015162
8040; 0,0625; 0,0625; 183,34782608695653; 0,120623596
8041; 0,0625; 0,0625; 185,2173913043478; 0,12185356
8042; 0,0625; 0,0625; 183,1304347826087; 0,12048057
8043; 0,0625; 0,0625; 185,69565217391303; 0,122168206
8044; 0,0625; 0,0625; 184,3695652173913; 0,12129579
8045; 0,0625; 0,0625; 183,7173913043478; 0,12086673
8046; 0,0625; 0,0625; 184,7391304347826; 0,12153893
8047; 0,0625; 0,0625; 184,8695652173913; 0,121624716
8048; 0,0625; 0,0625; 184,19565217391303; 0,12118136
8049; 0,0625; 0,0625; 184,7391304347826; 0,12153893
8050; 0,0625; 0,0625; 184,08695652173913; 0,12110986
8051; 0,0625; 0,0625; 184,43478260869566; 0,12133869
8052; 0,0625; 0,0625; 182,91304347826087; 0,120337546
8053; 0,0625; 0,0625; 182,3913043478261; 0,1199943
8054; 0,0625; 0,0625; 183,97826086956522; 0,12103833
8055; 0,0625; 0,0625; 182,6304347826087; 0,12015162
8056; 0,0625; 0,0625; 183,3695652173913; 0,120637886
8057; 0,0625; 0,0625; 182,82608695652175; 0,12028034
8058; 0,0625; 0,0625; 184,34782608695653; 0,12128148
8059; 0,0625; 0,0625; 183,2608695652174; 0,120566376
8060; 0,0625; 0,0625; 182,69565217391303; 0,12019453
8061; 0,0625; 0,0625; 183,84782608695653; 0,120952524
8062; 0,0625; 0,0625; 184,34782608695653; 0,12128147
8063; 0,0625; 0,0625; 182,7173913043478; 0,120208815
8064; 0,0625; 0,0625; 184,02173913043478; 0,12106694
8065; 0,0625; 0,0625; 182,69565217391303; 0,12019454
8066; 0,0625; 0,0625; 183,97826086956522; 0,12103834
8067; 0,0625; 0,0625; 183,06521739130434; 0,12043765
8068; 0,0625; 0,0625; 182,8913043478261; 0,12032323
8069; 0,0625; 0,0625; 183,69565217391303; 0,120852426
8070; 0,0625; 0,0625; 183,7173913043478; 0,12086672
8071; 0,0625; 0,0625; 183,02173913043478; 0,12040904
8072; 0,0625; 0,0625; 182,82608695652175; 0,12028035
8073; 0,0625; 0,0625; 184,0; 0,12105266
8074; 0,0625; 0,0625; 184,04347826086956; 0,12108125
8075; 0,0625; 0,0625; 184,0; 0,121052645
8076; 0,0625; 0,0625; 183,6304347826087; 0,120809525
8077; 0,0625; 0,0625; 183,34782608695653; 0,12062359
8078; 0,0625; 0,0625; 184,19565217391303; 0,12118136
8079; 0,0625; 0,0625; 182,6304347826087; 0,120151624
8080; 0,0625; 0,0625; 184,15217391304347; 0,121152766
8081; 0,0625; 0,0625; 183,8695652173913; 0,12096684
8082; 0,0625; 0,0625; 184,30434782608697; 0,12125286
8083; 0,0625; 0,0625; 184,04347826086956; 0,121081255
8084; 0,0625; 0,0625; 184,84782608695653; 0,12161043
8085; 0,0625; 0,0625; 182,41304347826087; 0,1200086
8086; 0,0625; 0,0625; 183,91304347826087; 0,12099544
8087; 0,0625; 0,0625; 184,02173913043478; 0,12106695
8088; 0,0625; 0,0625; 182,7826086956522; 0,12025174
8089; 0,0625; 0,0625; 184,2608695652174; 0,12122427
8090; 0,0625; 0,0625; 185,41304347826087; 0,121982284
8091; 0,0625; 0,0625; 183,04347826086956; 0,12042337
8092; 0,0625; 0,0625; 181,7826086956522; 0,11959385
8093; 0,0625; 0,0625; 184,2173913043478; 0,12119565
8094; 0,0625; 0,0625; 183,84782608695653; 0,12095251
8095; 0,0625; 0,0625; 184,32608695652175; 0,12126716
8096; 0,0625; 0,0625; 184,06521739130434; 0,121095546
8097; 0,0625; 0,0625; 184,65217391304347; 0,12148171
8098; 0,0625; 0,0625; 182,8695652173913; 0,120308936
8099; 0,0625; 0,0625; 184,2826086956522; 0,12123857
8100; 0,0625; 0,0625; 184,2608695652174; 0,12122428
8101; 0,0625; 0,0625; 183,41304347826087; 0,120666474
8102; 0,0625; 0,0625; 183,95652173913044; 0,12102406
8103; 0,0625; 0,0625; 180,80434782608697; 0,11895024
8104; 0,0625; 0,0625; 183,2826086956522; 0,12058067
8105; 0,0625; 0,0625; 183,1304347826087; 0,12048057
8106; 0,0625; 0,0625; 184,34782608695653; 0,12128147
8107; 0,0625; 0,0625; 184,2391304347826; 0,121209964
8108; 0,0625; 0,0625; 184,19565217391303; 0,12118136
8109; 0,0625; 0,0625; 183,95652173913044; 0,12102405
8110; 0,0625; 0,0625; 184,30434782608697; 0,12125288
8111; 0,0625; 0,0625; 183,93478260869566; 0,121009745
8112; 0,0625; 0,0625; 183,8913043478261; 0,120981134
8113; 0,0625; 0,0625; 184,45652173913044; 0,12135301
8114; 0,0625; 0,0625; 183,7173913043478; 0,120866716
8115; 0,0625; 0,0625; 183,54347826086956; 0,120752305
8116; 0,0625; 0,0625; 184,2826086956522; 0,1212386
8117; 0,0625; 0,0625; 183,32608695652175; 0,12060929
8118; 0,0625; 0,0625; 183,54347826086956; 0,12075229
8119; 0,0625; 0,0625; 184,8695652173913; 0,121624716
8120; 0,0625; 0,0625; 183,15217391304347; 0,12049485
8121; 0,0625; 0,0625; 182,58695652173913; 0,120123014
8122; 0,0625; 0,0625; 183,2826086956522; 0,12058067
8123; 0,0625; 0,0625; 184,02173913043478; 0,12106695
8124; 0,0625; 0,0625; 184,1086956521739; 0,12112417
8125; 0,0625; 0,0625; 184,52173913043478; 0,121395886
8126; 0,0625; 0,0625; 183,7173913043478; 0,12086669
8127; 0,0625; 0,0625; 183,30434782608697; 0,120594956
8128; 0,0625; 0,0625; 183,91304347826087; 0,12099544
8129; 0,0625; 0,0625; 182,02173913043478; 0,11975116
8130; 0,0625; 0,0625; 184,6086956521739; 0,1214531
8131; 0,0625; 0,0625; 181,7173913043478; 0,11955092
8132; 0,0625; 0,0625; 183,2391304347826; 0,120552085
8133; 0,0625; 0,0625; 183,2391304347826; 0,12055206
8134; 0,0625; 0,0625; 182,80434782608697; 0,120266035
8135; 0,0625; 0,0625; 184,52173913043478; 0,121395886
8136; 0,0625; 0,0625; 184,3913043478261; 0,12131009
8137; 0,0625; 0,0625; 183,17391304347825; 0,12050918
8138; 0,0625; 0,0625; 182,32608695652175; 0,11995139
8139; 0,0625; 0,0625; 183,6304347826087; 0,120809525
8140; 0,0625; 0,0625; 184,97826086956522; 0,121696234
8141; 0,0625; 0,0625; 182,91304347826087; 0,12033753
8142; 0,0625; 0,0625; 182,3913043478261; 0,1199943
8143; 0,0625; 0,0625; 184,52173913043478; 0,121395886
8144; 0,0625; 0,0625; 183,8695652173913; 0,120966814
8145; 0,0625; 0,0625; 183,69565217391303; 0,120852396
8146; 0,0625; 0,0625; 181,04347826086956; 0,11910757
8147; 0,0625; 0,0625; 184,15217391304347; 0,121152766
8148; 0,0625; 0,0625; 181,15217391304347; 0,11917907
8149; 0,0625; 0,0625; 182,3695652173913; 0,119979985
8150; 0,0625; 0,0625; 184,2391304347826; 0,12120999
8151; 0,0625; 0,0625; 182,84782608695653; 0,120294645
8152; 0,0625; 0,0625; 184,2826086956522; 0,121238574
8153; 0,0625; 0,0625; 184,15217391304347; 0,121152766
8154; 0,0625; 0,0625; 184,97826086956522; 0,121696234
8155; 0,0625; 0,0625; 184,56521739130434; 0,12142451
8156; 0,0625; 0,0625; 184,30434782608697; 0,12125287
8157; 0,0625; 0,0625; 182,93478260869566; 0,120351836
8158; 0,0625; 0,0625; 183,3913043478261; 0,12065217
8159; 0,0625; 0,0625; 184,43478260869566; 0,12133869
8160; 0,0625; 0,0625; 183,7826086956522; 0,12090963
8161; 0,0625; 0,0625; 182,7826086956522; 0,12025174
8162; 0,0625; 0,0625; 184,17391304347825; 0,12116707
8163; 0,0625; 0,0625; 181,58695652173913; 0,11946512
8164; 0,0625; 0,0625; 181,58695652173913; 0,11946511
8165; 0,0625; 0,0625; 183,30434782608697; 0,120594986
8166; 0,0625; 0,0625; 183,7608695652174; 0,120895326
8167; 0,0625; 0,0625; 184,08695652173913; 0,12110985
8168; 0,0625; 0,0625; 184,2391304347826; 0,12120997
8169; 0,0625; 0,0625; 182,69565217391303; 0,12019453
8170; 0,0625; 0,0625; 183,91304347826087; 0,12099544
8171; 0,0625; 0,0625; 181,69565217391303; 0,11953664
8172; 0,0625; 0,0625; 184,45652173913044; 0,12135299
8173; 0,0625; 0,0625; 184,65217391304347; 0,12148171
8174; 0,0625; 0,0625; 183,6304347826087; 0,12080951
8175; 0,0625; 0,0625; 183,08695652173913; 0,12045195
8176; 0,0625; 0,0625; 184,58695652173913; 0,1214388
8177; 0,0625; 0,0625; 183,3913043478261; 0,12065219
8178; 0,0625; 0,0625; 185,2826086956522; 0,121896476
8179; 0,0625; 0,0625; 185,06521739130434; 0,12175345
8180; 0,0625; 0,0625; 182,19565217391303; 0,11986558
8181; 0,0625; 0,0625; 182,15217391304347; 0,11983697
8182; 0,0625; 0,0625; 183,91304347826087; 0,12099545
8183; 0,0625; 0,0625; 184,2826086956522; 0,12123858
8184; 0,0625; 0,0625; 184,0; 0,12105266
8185; 0,0625; 0,0625; 183,82608695652175; 0,12093822
8186; 0,0625; 0,0625; 181,02173913043478; 0,11909326
8187; 0,0625; 0,0625; 180,3695652173913; 0,11866419
8188; 0,0625; 0,0625; 183,04347826086956; 0,12042335
8189; 0,0625; 0,0625; 183,6304347826087; 0,1208095
8190; 0,0625; 0,0625; 184,0; 0,12105266
8191; 0,0625; 0,0625; 183,84782608695653; 0,12095253
8192; 0,0625; 0,0625; 184,8695652173913; 0,12162474
8193; 0,0625; 0,0625; 183,91304347826087; 0,12099544
8194; 0,0625; 0,0625; 184,3913043478261; 0,12131008
8195; 0,0625; 0,0625; 183,5; 0,12072368
8196; 0,0625; 0,0625; 183,52173913043478; 0,12073801
8197; 0,0625; 0,0625; 183,56521739130434; 0,120766595
8198; 0,0625; 0,0625; 183,65217391304347; 0,12082381
8199; 0,0625; 0,0625; 182,84782608695653; 0,12029463
8200; 0,0625; 0,0625; 183,95652173913044; 0,12102405
8201; 0,0625; 0,0625; 184,69565217391303; 0,12151032
8202; 0,0625; 0,0625; 184,6086956521739; 0,1214531
8203; 0,0625; 0,0625; 182,7826086956522; 0,12025173
8204; 0,0625; 0,0625; 183,95652173913044; 0,12102405
8205; 0,0625; 0,0625; 182,67391304347825; 0,120180205
8206; 0,0625; 0,0625; 184,3913043478261; 0,12131009
8207; 0,0625; 0,0625; 184,56521739130434; 0,121424496
8208; 0,0625; 0,0625; 184,04347826086956; 0,12108125
8209; 0,0625; 0,0625; 184,6086956521739; 0,1214531
8210; 0,0625; 0,0625; 183,41304347826087; 0,12066648
8211; 0,0625; 0,0625; 180,7173913043478; 0,118893035
8212; 0,0625; 0,0625; 184,52173913043478; 0,1213959
8213; 0,0625; 0,0625; 184,34782608695653; 0,12128148
8214; 0,0625; 0,0625; 185,82608695652175; 0,12225401
8215; 0,0625; 0,0625; 184,65217391304347; 0,12148172
8216; 0,0625; 0,0625; 183,3913043478261; 0,12065219
8217; 0,0625; 0,0625; 183,91304347826087; 0,12099544
8218; 0,0625; 0,0625; 183,91304347826087; 0,12099544
8219; 0,0625; 0,0625; 183,82608695652175; 0,12093823
8220; 0,0625; 0,0625; 184,2608695652174; 0,12122427
8221; 0,0625; 0,0625; 183,91304347826087; 0,120995425
8222; 0,0625; 0,0625; 183,06521739130434; 0,12043765
8223; 0,0625; 0,0625; 184,43478260869566; 0,12133869
8224; 0,0625; 0,0625; 183,84782608695653; 0,12095251
8225; 0,0625; 0,0625; 184,0; 0,12105264
8226; 0,0625; 0,0625; 184,15217391304347; 0,121152766
8227; 0,0625; 0,0625; 184,67391304347825; 0,12149602
8228; 0,0625; 0,0625; 184,32608695652175; 0,12126716
8229; 0,0625; 0,0625; 184,7391304347826; 0,12153892
8230; 0,0625; 0,0625; 184,8695652173913; 0,12162473
8231; 0,0625; 0,0625; 183,45652173913044; 0,12069509
8232; 0,0625; 0,0625; 183,06521739130434; 0,12043767
8233; 0,0625; 0,0625; 184,1304347826087; 0,12113846
8234; 0,0625; 0,0625; 183,06521739130434; 0,12043767
8235; 0,0625; 0,0625; 183,7608695652174; 0,12089533
8236; 0,0625; 0,0625; 181,56521739130434; 0,11945081
8237; 0,0625; 0,0625; 183,32608695652175; 0,12060928
8238; 0,0625; 0,0625; 183,30434782608697; 0,12059498
8239; 0,0625; 0,0625; 181,8913043478261; 0,119665354
8240; 0,0625; 0,0625; 184,52173913043478; 0,12139591
8241; 0,0625; 0,0625; 184,8695652173913; 0,12162474
8242; 0,0625; 0,0625; 181,80434782608697; 0,11960814
8243; 0,0625; 0,0625; 183,91304347826087; 0,12099544
8244; 0,0625; 0,0625; 184,45652173913044; 0,12135299
8245; 0,0625; 0,0625; 183,65217391304347; 0,120823815
8246; 0,0625; 0,0625; 183,58695652173913; 0,1207809
8247; 0,0625; 0,0625; 183,93478260869566; 0,121009745
8248; 0,0625; 0,0625; 183,91304347826087; 0,120995425
8249; 0,0625; 0,0625; 183,97826086956522; 0,121038355
8250; 0,0625; 0,0625; 184,08695652173913; 0,121109866
8251; 0,0625; 0,0625; 184,3913043478261; 0,12131009
8252; 0,0625; 0,0625; 184,7173913043478; 0,121524625
8253; 0,0625; 0,0625; 184,1304347826087; 0,12113846
8254; 0,0625; 0,0625; 185,5; 0,1220395
8255; 0,0625; 0,0625; 184,54347826086956; 0,12141019
8256; 0,0625; 0,0625; 184,19565217391303; 0,121181354
8257; 0,0625; 0,0625; 183,82608695652175; 0,12093824
8258; 0,0625; 0,0625; 184,08695652173913; 0,12110985
8259; 0,0625; 0,0625; 183,3913043478261; 0,1206522
8260; 0,0625; 0,0625; 184,17391304347825; 0,12116707
8261; 0,0625; 0,0625; 182,34782608695653; 0,11996569
8262; 0,0625; 0,0625; 183,6086956521739; 0,120795205
8263; 0,0625; 0,0625; 183,8695652173913; 0,12096683
8264; 0,0625; 0,0625; 184,02173913043478; 0,12106694
8265; 0,0625; 0,0625; 184,69565217391303; 0,12151032
8266; 0,0625; 0,0625; 181,7173913043478; 0,11955094
8267; 0,0625; 0,0625; 185,84782608695653; 0,12226833
8268; 0,0625; 0,0625; 184,84782608695653; 0,12161043
8269; 0,0625; 0,0625; 183,45652173913044; 0,12069509
8270; 0,0625; 0,0625; 184,06521739130434; 0,12109555
8271; 0,0625; 0,0625; 182,67391304347825; 0,12018023
8272; 0,0625; 0,0625; 183,0; 0,12039475
8273; 0,0625; 0,0625; 184,7173913043478; 0,12152462
8274; 0,0625; 0,0625; 184,3695652173913; 0,12129577
8275; 0,0625; 0,0625; 184,3695652173913; 0,121295795
8276; 0,0625; 0,0625; 183,97826086956522; 0,12103833
8277; 0,0625; 0,0625; 184,54347826086956; 0,121410206
8278; 0,0625; 0,0625; 184,5; 0,121381596
8279; 0,0625; 0,0625; 185,08695652173913; 0,12176775
8280; 0,0625; 0,0625; 181,58695652173913; 0,11946511
8281; 0,0625; 0,0625; 184,15217391304347; 0,12115275
8282; 0,0625; 0,0625; 184,08695652173913; 0,12110986
8283; 0,0625; 0,0625; 184,84782608695653; 0,12161041
8284; 0,0625; 0,0625; 184,3913043478261; 0,12131009
8285; 0,0625; 0,0625; 182,7173913043478; 0,12020884
8286; 0,0625; 0,0625; 185,1086956521739; 0,12178206
8287; 0,0625; 0,0625; 185,54347826086956; 0,12206809
8288; 0,0625; 0,0625; 184,2173913043478; 0,12119565
8289; 0,0625; 0,0625; 184,1086956521739; 0,12112416
8290; 0,0625; 0,0625; 184,02173913043478; 0,12106694
8291; 0,0625; 0,0625; 184,0; 0,121052645
8292; 0,0625; 0,0625; 184,6086956521739; 0,1214531
8293; 0,0625; 0,0625; 181,45652173913044; 0,11937931
8294; 0,0625; 0,0625; 184,2826086956522; 0,12123857
8295; 0,0625; 0,0625; 182,6086956521739; 0,12013732
8296; 0,0625; 0,0625; 181,7826086956522; 0,11959383
8297; 0,0625; 0,0625; 184,1086956521739; 0,121124156
8298; 0,0625; 0,0625; 185,06521739130434; 0,12175345
8299; 0,0625; 0,0625; 184,52173913043478; 0,12139588
8300; 0,0625; 0,0625; 181,5; 0,119407915
8301; 0,0625; 0,0625; 184,0; 0,121052645
8302; 0,0625; 0,0625; 183,3695652173913; 0,120637886
8303; 0,0625; 0,0625; 184,2608695652174; 0,12122427
8304; 0,0625; 0,0625; 179,82608695652175; 0,118306644
8305; 0,0625; 0,0625; 183,47826086956522; 0,1207094
8306; 0,0625; 0,0625; 184,17391304347825; 0,12116707
8307; 0,0625; 0,0625; 184,2173913043478; 0,12119567
8308; 0,0625; 0,0625; 184,08695652173913; 0,12110985
8309; 0,0625; 0,0625; 182,84782608695653; 0,12029463
8310; 0,0625; 0,0625; 184,02173913043478; 0,121066935
8311; 0,0625; 0,0625; 183,43478260869566; 0,12068078
8312; 0,0625; 0,0625; 183,2391304347826; 0,120552085
8313; 0,0625; 0,0625; 182,67391304347825; 0,12018023
8314; 0,0625; 0,0625; 184,04347826086956; 0,121081255
8315; 0,0625; 0,0625; 183,8695652173913; 0,12096684
8316; 0,0625; 0,0625; 183,8913043478261; 0,120981134
8317; 0,0625; 0,0625; 182,5; 0,1200658
8318; 0,0625; 0,0625; 184,08695652173913; 0,12110986
8319; 0,0625; 0,0625; 183,30434782608697; 0,120594986
8320; 0,0625; 0,0625; 183,3913043478261; 0,12065218
8321; 0,0625; 0,0625; 182,7826086956522; 0,12025174
8322; 0,0625; 0,0625; 184,1304347826087; 0,12113847
8323; 0,0625; 0,0625; 184,56521739130434; 0,121424496
8324; 0,0625; 0,0625; 183,91304347826087; 0,12099544
8325; 0,0625; 0,0625; 184,56521739130434; 0,12142448
8326; 0,0625; 0,0625; 184,58695652173913; 0,121438794
8327; 0,0625; 0,0625; 183,1086956521739; 0,12046628
8328; 0,0625; 0,0625; 185,02173913043478; 0,12172484
8329; 0,0625; 0,0625; 182,58695652173913; 0,12012302
8330; 0,0625; 0,0625; 183,04347826086956; 0,12042337
8331; 0,0625; 0,0625; 183,41304347826087; 0,12066646
8332; 0,0625; 0,0625; 182,67391304347825; 0,12018021
8333; 0,0625; 0,0625; 183,97826086956522; 0,12103834
8334; 0,0625; 0,0625; 183,80434782608697; 0,12092394
8335; 0,0625; 0,0625; 182,52173913043478; 0,1200801
8336; 0,0625; 0,0625; 183,93478260869566; 0,12100972
8337; 0,0625; 0,0625; 182,82608695652175; 0,12028034
8338; 0,0625; 0,0625; 185,47826086956522; 0,1220252
8339; 0,0625; 0,0625; 184,08695652173913; 0,12110985
8340; 0,0625; 0,0625; 184,69565217391303; 0,12151032
8341; 0,0625; 0,0625; 184,04347826086956; 0,12108125
8342; 0,0625; 0,0625; 184,08695652173913; 0,12110986
8343; 0,0625; 0,0625; 184,45652173913044; 0,121352986
8344; 0,0625; 0,0625; 183,32608695652175; 0,12060928
8345; 0,0625; 0,0625; 184,30434782608697; 0,12125287
8346; 0,0625; 0,0625; 183,5; 0,1207237
8347; 0,0625; 0,0625; 183,47826086956522; 0,1207094
8348; 0,0625; 0,0625; 182,15217391304347; 0,11983697
8349; 0,0625; 0,0625; 184,6086956521739; 0,12145311
8350; 0,0625; 0,0625; 184,7608695652174; 0,12155321
8351; 0,0625; 0,0625; 182,5; 0,1200658
8352; 0,0625; 0,0625; 184,1086956521739; 0,12112416
8353; 0,0625; 0,0625; 182,97826086956522; 0,12038046
8354; 0,0625; 0,0625; 184,58695652173913; 0,1214388
8355; 0,0625; 0,0625; 183,80434782608697; 0,12092392
8356; 0,0625; 0,0625; 183,80434782608697; 0,120923914
8357; 0,0625; 0,0625; 183,69565217391303; 0,12085242
8358; 0,0625; 0,0625; 184,43478260869566; 0,12133869
8359; 0,0625; 0,0625; 183,84782608695653; 0,120952524
8360; 0,0625; 0,0625; 185,43478260869566; 0,12199659
8361; 0,0625; 0,0625; 185,08695652173913; 0,12176775
8362; 0,0625; 0,0625; 182,97826086956522; 0,12038045
8363; 0,0625; 0,0625; 182,19565217391303; 0,11986558
8364; 0,0625; 0,0625; 183,67391304347825; 0,12083811
8365; 0,0625; 0,0625; 183,97826086956522; 0,12103834
8366; 0,0625; 0,0625; 184,2391304347826; 0,121209964
8367; 0,0625; 0,0625; 183,41304347826087; 0,1206665
8368; 0,0625; 0,0625; 183,97826086956522; 0,12103833
8369; 0,0625; 0,0625; 183,19565217391303; 0,12052346
8370; 0,0625; 0,0625; 182,58695652173913; 0,12012299
8371; 0,0625; 0,0625; 183,82608695652175; 0,12093824
8372; 0,0625; 0,0625; 184,1086956521739; 0,12112416
8373; 0,0625; 0,0625; 183,17391304347825; 0,12050917
8374; 0,0625; 0,0625; 182,45652173913044; 0,12003719
8375; 0,0625; 0,0625; 183,95652173913044; 0,12102403
8376; 0,0625; 0,0625; 182,04347826086956; 0,119765475
8377; 0,0625; 0,0625; 183,8695652173913; 0,12096685
8378; 0,0625; 0,0625; 184,1086956521739; 0,12112416
8379; 0,0625; 0,0625; 183,69565217391303; 0,12085241
8380; 0,0625; 0,0625; 184,67391304347825; 0,12149602
8381; 0,0625; 0,0625; 184,30434782608697; 0,12125287
8382; 0,0625; 0,0625; 182,45652173913044; 0,12003719
8383; 0,0625; 0,0625; 183,34782608695653; 0,120623566
8384; 0,0625; 0,0625; 184,06521739130434; 0,12109555
8385; 0,0625; 0,0625; 182,84782608695653; 0,12029463
8386; 0,0625; 0,0625; 183,69565217391303; 0,120852396
8387; 0,0625; 0,0625; 182,84782608695653; 0,120294645
8388; 0,0625; 0,0625; 183,0; 0,12039475
8389; 0,0625; 0,0625; 184,08695652173913; 0,12110986
8390; 0,0625; 0,0625; 183,8695652173913; 0,12096684
8391; 0,0625; 0,0625; 185,1304347826087; 0,12179635
8392; 0,0625; 0,0625; 183,6086956521739; 0,12079522
8393; 0,0625; 0,0625; 184,93478260869566; 0,12166762
8394; 0,0625; 0,0625; 184,3695652173913; 0,121295795
8395; 0,0625; 0,0625; 184,1304347826087; 0,12113846
8396; 0,0625; 0,0625; 182,7391304347826; 0,12022313
8397; 0,0625; 0,0625; 182,34782608695653; 0,119965695
8398; 0,0625; 0,0625; 182,2608695652174; 0,119908474
8399; 0,0625; 0,0625; 182,6304347826087; 0,12015162
8400; 0,0625; 0,0625; 183,95652173913044; 0,12102405
8401; 0,0625; 0,0625; 184,3695652173913; 0,12129579
8402; 0,0625; 0,0625; 182,7826086956522; 0,12025174
8403; 0,0625; 0,0625; 184,30434782608697; 0,12125287
8404; 0,0625; 0,0625; 183,58695652173913; 0,1207809
8405; 0,0625; 0,0625; 184,84782608695653; 0,12161043
8406; 0,0625; 0,0625; 183,2173913043478; 0,120537765
8407; 0,0625; 0,0625; 183,82608695652175; 0,12093824
8408; 0,0625; 0,0625; 181,08695652173913; 0,11913617
8409; 0,0625; 0,0625; 183,06521739130434; 0,12043767
8410; 0,0625; 0,0625; 182,7826086956522; 0,12025173
8411; 0,0625; 0,0625; 184,1086956521739; 0,121124156
8412; 0,0625; 0,0625; 183,82608695652175; 0,12093824
8413; 0,0625; 0,0625; 185,43478260869566; 0,12199658
8414; 0,0625; 0,0625; 182,69565217391303; 0,12019454
8415; 0,0625; 0,0625; 183,2173913043478; 0,120537765
8416; 0,0625; 0,0625; 184,41304347826087; 0,1213244
8417; 0,0625; 0,0625; 184,2608695652174; 0,12122428
8418; 0,0625; 0,0625; 184,30434782608697; 0,12125288
8419; 0,0625; 0,0625; 184,30434782608697; 0,12125286
8420; 0,0625; 0,0625; 185,06521739130434; 0,121753454
8421; 0,0625; 0,0625; 183,84782608695653; 0,12095253
8422; 0,0625; 0,0625; 184,69565217391303; 0,12151031
8423; 0,0625; 0,0625; 183,08695652173913; 0,12045197
8424; 0,0625; 0,0625; 184,58695652173913; 0,121438816
8425; 0,0625; 0,0625; 183,56521739130434; 0,12076661
8426; 0,0625; 0,0625; 181,80434782608697; 0,119608134
8427; 0,0625; 0,0625; 183,08695652173913; 0,12045197
8428; 0,0625; 0,0625; 183,95652173913044; 0,121024035
8429; 0,0625; 0,0625; 182,2173913043478; 0,11987988
8430; 0,0625; 0,0625; 181,58695652173913; 0,11946511
8431; 0,0625; 0,0625; 183,8695652173913; 0,12096684
8432; 0,0625; 0,0625; 183,7173913043478; 0,12086672
8433; 0,0625; 0,0625; 181,2608695652174; 0,11925058
8434; 0,0625; 0,0625; 184,1304347826087; 0,12113847
8435; 0,0625; 0,0625; 184,52173913043478; 0,1213959
8436; 0,0625; 0,0625; 183,06521739130434; 0,12043767
8437; 0,0625; 0,0625; 183,5; 0,120723695
8438; 0,0625; 0,0625; 183,69565217391303; 0,12085242
8439; 0,0625; 0,0625; 183,17391304347825; 0,12050917
8440; 0,0625; 0,0625; 184,2391304347826; 0,12120997
8441; 0,0625; 0,0625; 181,8695652173913; 0,119651034
8442; 0,0625; 0,0625; 185,91304347826087; 0,12231123
8443; 0,0625; 0,0625; 184,34782608695653; 0,12128148
8444; 0,0625; 0,0625; 183,1086956521739; 0,120466255
8445; 0,0625; 0,0625; 183,54347826086956; 0,12075231
8446; 0,0625; 0,0625; 184,7608695652174; 0,12155321
8447; 0,0625; 0,0625; 183,82608695652175; 0,12093822
8448; 0,0625; 0,0625; 185,2608695652174; 0,121882156
8449; 0,0625; 0,0625; 181,58695652173913; 0,11946512
8450; 0,0625; 0,0625; 184,30434782608697; 0,12125287
8451; 0,0625; 0,0625; 184,2391304347826; 0,121209964
8452; 0,0625; 0,0625; 185,1304347826087; 0,12179635
8453; 0,0625; 0,0625; 184,80434782608697; 0,12158182
8454; 0,0625; 0,0625; 184,0; 0,12105263
8455; 0,0625; 0,0625; 182,8913043478261; 0,120323256
8456; 0,0625; 0,0625; 183,08695652173913; 0,12045197
8457; 0,0625; 0,0625; 185,32608695652175; 0,12192507
8458; 0,0625; 0,0625; 184,43478260869566; 0,12133869
8459; 0,0625; 0,0625; 184,2826086956522; 0,12123857
8460; 0,0625; 0,0625; 183,7608695652174; 0,120895326
8461; 0,0625; 0,0625; 182,8913043478261; 0,12032323
8462; 0,0625; 0,0625; 184,5; 0,1213816
8463; 0,0625; 0,0625; 183,58695652173913; 0,120780915
8464; 0,0625; 0,0625; 183,52173913043478; 0,120738
8465; 0,0625; 0,0625; 184,06521739130434; 0,12109555
8466; 0,0625; 0,0625; 184,2826086956522; 0,121238574
8467; 0,0625; 0,0625; 183,91304347826087; 0,12099544
8468; 0,0625; 0,0625; 183,7826086956522; 0,12090962
8469; 0,0625; 0,0625; 185,17391304347825; 0,121824935
8470; 0,0625; 0,0625; 181,34782608695653; 0,119307786
8471; 0,0625; 0,0625; 182,3913043478261; 0,1199943
8472; 0,0625; 0,0625; 182,02173913043478; 0,11975117
8473; 0,0625; 0,0625; 184,47826086956522; 0,12136729
8474; 0,0625; 0,0625; 182,8695652173913; 0,12030893
8475; 0,0625; 0,0625; 184,7173913043478; 0,12152462
8476; 0,0625; 0,0625; 183,7173913043478; 0,12086673
8477; 0,0625; 0,0625; 183,8695652173913; 0,12096683
8478; 0,0625; 0,0625; 184,67391304347825; 0,121496014
8479; 0,0625; 0,0625; 182,19565217391303; 0,119865574
8480; 0,0625; 0,0625; 183,8695652173913; 0,12096684
8481; 0,0625; 0,0625; 182,67391304347825; 0,12018023
8482; 0,0625; 0,0625; 184,0; 0,12105264
8483; 0,0625; 0,0625; 182,2826086956522; 0,11992278
8484; 0,0625; 0,0625; 182,47826086956522; 0,12005151
8485; 0,0625; 0,0625; 183,58695652173913; 0,1207809
8486; 0,0625; 0,0625; 183,6086956521739; 0,120795205
8487; 0,0625; 0,0625; 182,95652173913044; 0,120366156
8488; 0,0625; 0,0625; 184,06521739130434; 0,12109556
8489; 0,0625; 0,0625; 184,30434782608697; 0,12125287
8490; 0,0625; 0,0625; 184,80434782608697; 0,12158182
8491; 0,0625; 0,0625; 185,02173913043478; 0,12172485
8492; 0,0625; 0,0625; 181,0; 0,11907896
8493; 0,0625; 0,0625; 182,82608695652175; 0,12028034
8494; 0,0625; 0,0625; 183,95652173913044; 0,121024035
8495; 0,0625; 0,0625; 182,67391304347825; 0,12018023
8496; 0,0625; 0,0625; 184,54347826086956; 0,121410206
8497; 0,0625; 0,0625; 184,19565217391303; 0,12118136
8498; 0,0625; 0,0625; 180,56521739130434; 0,11879293
8499; 0,0625; 0,0625; 182,58695652173913; 0,120123014
8500; 0,0625; 0,0625; 183,2608695652174; 0,12056636
8501; 0,0625; 0,0625; 183,91304347826087; 0,120995425
8502; 0,0625; 0,0625; 185,43478260869566; 0,12199659
8503; 0,0625; 0,0625; 184,30434782608697; 0,12125288
8504; 0,0625; 0,0625; 183,15217391304347; 0,12049487
8505; 0,0625; 0,0625; 181,17391304347825; 0,11919339
8506; 0,0625; 0,0625; 183,69565217391303; 0,12085241
8507; 0,0625; 0,0625; 184,15217391304347; 0,12115275
8508; 0,0625; 0,0625; 183,2608695652174; 0,120566376
8509; 0,0625; 0,0625; 183,91304347826087; 0,12099544
8510; 0,0625; 0,0625; 183,84782608695653; 0,12095253
8511; 0,0625; 0,0625; 184,2391304347826; 0,12120997
8512; 0,0625; 0,0625; 183,65217391304347; 0,120823815
8513; 0,0625; 0,0625; 183,2173913043478; 0,120537765
8514; 0,0625; 0,0625; 182,30434782608697; 0,11993708
8515; 0,0625; 0,0625; 183,8913043478261; 0,120981134
8516; 0,0625; 0,0625; 185,17391304347825; 0,12182496
8517; 0,0625; 0,0625; 183,95652173913044; 0,12102405
8518; 0,0625; 0,0625; 181,97826086956522; 0,11972255
8519; 0,0625; 0,0625; 185,06521739130434; 0,121753454
8520; 0,0625; 0,0625; 184,1304347826087; 0,121138446
8521; 0,0625; 0,0625; 183,65217391304347; 0,1208238
8522; 0,0625; 0,0625; 184,3695652173913; 0,121295795
8523; 0,0625; 0,0625; 183,6304347826087; 0,12080951
8524; 0,0625; 0,0625; 184,04347826086956; 0,12108125
8525; 0,0625; 0,0625; 184,6086956521739; 0,1214531
8526; 0,0625; 0,0625; 184,2608695652174; 0,12122428
8527; 0,0625; 0,0625; 182,8695652173913; 0,12030895
8528; 0,0625; 0,0625; 183,43478260869566; 0,12068079
8529; 0,0625; 0,0625; 184,58695652173913; 0,1214388
8530; 0,0625; 0,0625; 184,19565217391303; 0,12118136
8531; 0,0625; 0,0625; 182,7608695652174; 0,120237425
8532; 0,0625; 0,0625; 182,69565217391303; 0,12019451
8533; 0,0625; 0,0625; 181,2608695652174; 0,119250596
8534; 0,0625; 0,0625; 183,19565217391303; 0,120523445
8535; 0,0625; 0,0625; 184,15217391304347; 0,121152766
8536; 0,0625; 0,0625; 183,17391304347825; 0,12050917
8537; 0,0625; 0,0625; 184,7173913043478; 0,12152462
8538; 0,0625; 0,0625; 183,7173913043478; 0,12086673
8539; 0,0625; 0,0625; 183,58695652173913; 0,120780915
8540; 0,0625; 0,0625; 183,19565217391303; 0,12052348
8541; 0,0625; 0,0625; 183,82608695652175; 0,12093823
8542; 0,0625; 0,0625; 184,04347826086956; 0,121081255
8543; 0,0625; 0,0625; 183,30434782608697; 0,120594986
8544; 0,0625; 0,0625; 183,6304347826087; 0,1208095
8545; 0,0625; 0,0625; 182,6304347826087; 0,120151624
8546; 0,0625; 0,0625; 183,15217391304347; 0,12049487
8547; 0,0625; 0,0625; 182,91304347826087; 0,12033753
8548; 0,0625; 0,0625; 184,56521739130434; 0,12142451
8549; 0,0625; 0,0625; 184,47826086956522; 0,12136729
8550; 0,0625; 0,0625; 182,91304347826087; 0,120337546
8551; 0,0625; 0,0625; 181,43478260869566; 0,119365
8552; 0,0625; 0,0625; 184,52173913043478; 0,121395886
8553; 0,0625; 0,0625; 182,1304347826087; 0,11982266
8554; 0,0625; 0,0625; 183,95652173913044; 0,121024035
8555; 0,0625; 0,0625; 185,06521739130434; 0,12175345
8556; 0,0625; 0,0625; 184,1086956521739; 0,121124156
8557; 0,0625; 0,0625; 184,34782608695653; 0,12128149
8558; 0,0625; 0,0625; 183,97826086956522; 0,121038355
8559; 0,0625; 0,0625; 183,93478260869566; 0,121009745
8560; 0,0625; 0,0625; 182,2826086956522; 0,11992278
8561; 0,0625; 0,0625; 181,82608695652175; 0,11962245
8562; 0,0625; 0,0625; 185,02173913043478; 0,121724844
8563; 0,0625; 0,0625; 184,19565217391303; 0,121181354
8564; 0,0625; 0,0625; 184,3913043478261; 0,12131009
8565; 0,0625; 0,0625; 182,84782608695653; 0,120294645
8566; 0,0625; 0,0625; 182,04347826086956; 0,119765446
8567; 0,0625; 0,0625; 184,67391304347825; 0,121496014
8568; 0,0625; 0,0625; 182,65217391304347; 0,12016591
8569; 0,0625; 0,0625; 182,7173913043478; 0,12020884
8570; 0,0625; 0,0625; 183,95652173913044; 0,12102406
8571; 0,0625; 0,0625; 183,47826086956522; 0,1207094
8572; 0,0625; 0,0625; 184,15217391304347; 0,12115275
8573; 0,0625; 0,0625; 183,56521739130434; 0,120766595
8574; 0,0625; 0,0625; 183,02173913043478; 0,12040906
8575; 0,0625; 0,0625; 184,04347826086956; 0,12108125
8576; 0,0625; 0,0625; 183,97826086956522; 0,121038355
8577; 0,0625; 0,0625; 184,6086956521739; 0,12145311
8578; 0,0625; 0,0625; 182,58695652173913; 0,120123014
8579; 0,0625; 0,0625; 182,93478260869566; 0,12035185
8580; 0,0625; 0,0625; 184,93478260869566; 0,121667646
8581; 0,0625; 0,0625; 184,2826086956522; 0,121238574
8582; 0,0625; 0,0625; 182,82608695652175; 0,12028032
8583; 0,0625; 0,0625; 184,47826086956522; 0,12136729
8584; 0,0625; 0,0625; 183,2608695652174; 0,1205664
8585; 0,0625; 0,0625; 183,8695652173913; 0,12096684
8586; 0,0625; 0,0625; 183,67391304347825; 0,12083811
8587; 0,0625; 0,0625; 184,7826086956522; 0,12156751
8588; 0,0625; 0,0625; 184,5; 0,121381596
8589; 0,0625; 0,0625; 182,95652173913044; 0,120366156
8590; 0,0625; 0,0625; 184,3913043478261; 0,12131008
8591; 0,0625; 0,0625; 182,82608695652175; 0,120280325
8592; 0,0625; 0,0625; 182,93478260869566; 0,120351866
8593; 0,0625; 0,0625; 184,52173913043478; 0,12139591
8594; 0,0625; 0,0625; 183,32608695652175; 0,12060928
8595; 0,0625; 0,0625; 183,7391304347826; 0,12088103
8596; 0,0625; 0,0625; 185,17391304347825; 0,12182497
8597; 0,0625; 0,0625; 182,58695652173913; 0,120123014
8598; 0,0625; 0,0625; 184,1086956521739; 0,121124156
8599; 0,0625; 0,0625; 184,6086956521739; 0,12145311
8600; 0,0625; 0,0625; 182,45652173913044; 0,120037206
8601; 0,0625; 0,0625; 183,7391304347826; 0,12088103
8602; 0,0625; 0,0625; 184,3695652173913; 0,12129579
8603; 0,0625; 0,0625; 183,58695652173913; 0,120780915
8604; 0,0625; 0,0625; 183,84782608695653; 0,12095253
8605; 0,0625; 0,0625; 184,1304347826087; 0,12113847
8606; 0,0625; 0,0625; 184,34782608695653; 0,12128148
8607; 0,0625; 0,0625; 184,30434782608697; 0,12125289
8608; 0,0625; 0,0625; 184,2391304347826; 0,12120997
8609; 0,0625; 0,0625; 184,34782608695653; 0,12128148
8610; 0,0625; 0,0625; 185,5; 0,12203948
8611; 0,0625; 0,0625; 184,97826086956522; 0,121696234
8612; 0,0625; 0,0625; 183,84782608695653; 0,12095253
8613; 0,0625; 0,0625; 184,2826086956522; 0,12123858
8614; 0,0625; 0,0625; 181,65217391304347; 0,11950803
8615; 0,0625; 0,0625; 183,65217391304347; 0,12082381
8616; 0,0625; 0,0625; 183,1304347826087; 0,12048057
8617; 0,0625; 0,0625; 184,65217391304347; 0,12148171
8618; 0,0625; 0,0625; 183,58695652173913; 0,12078092
8619; 0,0625; 0,0625; 183,8695652173913; 0,12096683
8620; 0,0625; 0,0625; 184,04347826086956; 0,12108125
8621; 0,0625; 0,0625; 183,7173913043478; 0,1208667
8622; 0,0625; 0,0625; 183,0; 0,12039475
8623; 0,0625; 0,0625; 184,15217391304347; 0,12115274
8624; 0,0625; 0,0625; 182,47826086956522; 0,12005151
8625; 0,0625; 0,0625; 183,34782608695653; 0,12062359
8626; 0,0625; 0,0625; 183,84782608695653; 0,12095255
8627; 0,0625; 0,0625; 182,54347826086956; 0,120094396
8628; 0,0625; 0,0625; 184,34782608695653; 0,12128149
8629; 0,0625; 0,0625; 185,17391304347825; 0,12182495
8630; 0,0625; 0,0625; 184,3695652173913; 0,12129577
8631; 0,0625; 0,0625; 184,32608695652175; 0,121267185
8632; 0,0625; 0,0625; 182,45652173913044; 0,120037206
8633; 0,0625; 0,0625; 184,8913043478261; 0,121639036
8634; 0,0625; 0,0625; 183,17391304347825; 0,12050917
8635; 0,0625; 0,0625; 183,45652173913044; 0,12069511
8636; 0,0625; 0,0625; 183,0; 0,12039475
8637; 0,0625; 0,0625; 183,95652173913044; 0,121024035
8638; 0,0625; 0,0625; 184,08695652173913; 0,121109836
8639; 0,0625; 0,0625; 184,3913043478261; 0,12131009
8640; 0,0625; 0,0625; 183,6086956521739; 0,12079522
8641; 0,0625; 0,0625; 184,2826086956522; 0,12123857
8642; 0,0625; 0,0625; 184,80434782608697; 0,12158182
8643; 0,0625; 0,0625; 184,1086956521739; 0,121124156
8644; 0,0625; 0,0625; 184,54347826086956; 0,121410206
8645; 0,0625; 0,0625; 184,1304347826087; 0,12113844
8646; 0,0625; 0,0625; 182,65217391304347; 0,12016592
8647; 0,0625; 0,0625; 183,2391304347826; 0,12055207
8648; 0,0625; 0,0625; 183,43478260869566; 0,1206808
8649; 0,0625; 0,0625; 183,08695652173913; 0,12045197
8650; 0,0625; 0,0625; 184,6086956521739; 0,12145311
8651; 0,0625; 0,0625; 184,06521739130434; 0,12109556
8652; 0,0625; 0,0625; 181,32608695652175; 0,1192935
8653; 0,0625; 0,0625; 183,17391304347825; 0,12050918
8654; 0,0625; 0,0625; 183,8913043478261; 0,120981134
8655; 0,0625; 0,0625; 183,7173913043478; 0,120866716
8656; 0,0625; 0,0625; 183,54347826086956; 0,12075229
8657; 0,0625; 0,0625; 182,47826086956522; 0,12005151
8658; 0,0625; 0,0625; 183,56521739130434; 0,12076662
8659; 0,0625; 0,0625; 182,7826086956522; 0,12025174
8660; 0,0625; 0,0625; 184,3913043478261; 0,12131008
8661; 0,0625; 0,0625; 184,3913043478261; 0,12131009
8662; 0,0625; 0,0625; 184,2173913043478; 0,12119568
8663; 0,0625; 0,0625; 184,7173913043478; 0,12152462
8664; 0,0625; 0,0625; 183,30434782608697; 0,12059498
8665; 0,0625; 0,0625; 184,80434782608697; 0,12158182
8666; 0,0625; 0,0625; 183,93478260869566; 0,12100973
8667; 0,0625; 0,0625; 183,34782608695653; 0,12062356
8668; 0,0625; 0,0625; 183,67391304347825; 0,12083812
8669; 0,0625; 0,0625; 183,69565217391303; 0,12085242
8670; 0,0625; 0,0625; 183,34782608695653; 0,12062358
8671; 0,0625; 0,0625; 183,80434782608697; 0,12092392
8672; 0,0625; 0,0625; 183,54347826086956; 0,12075231
8673; 0,0625; 0,0625; 182,7608695652174; 0,12023741
8674; 0,0625; 0,0625; 183,3913043478261; 0,12065218
8675; 0,0625; 0,0625; 183,91304347826087; 0,12099545
8676; 0,0625; 0,0625; 183,69565217391303; 0,12085241
8677; 0,0625; 0,0625; 183,93478260869566; 0,12100975
8678; 0,0625; 0,0625; 183,65217391304347; 0,12082381
8679; 0,0625; 0,0625; 183,84782608695653; 0,120952524
8680; 0,0625; 0,0625; 182,7391304347826; 0,12022313
8681; 0,0625; 0,0625; 183,41304347826087; 0,12066648
8682; 0,0625; 0,0625; 184,45652173913044; 0,12135299
8683; 0,0625; 0,0625; 182,6304347826087; 0,12015162
8684; 0,0625; 0,0625; 185,41304347826087; 0,121982284
8685; 0,0625; 0,0625; 184,97826086956522; 0,121696234
8686; 0,0625; 0,0625; 181,93478260869566; 0,11969394
8687; 0,0625; 0,0625; 182,32608695652175; 0,11995139
8688; 0,0625; 0,0625; 183,7391304347826; 0,12088102
8689; 0,0625; 0,0625; 185,19565217391303; 0,121839255
8690; 0,0625; 0,0625; 182,80434782608697; 0,12026604
8691; 0,0625; 0,0625; 181,82608695652175; 0,11962242
8692; 0,0625; 0,0625; 182,8695652173913; 0,120308936
8693; 0,0625; 0,0625; 183,8913043478261; 0,12098114
8694; 0,0625; 0,0625; 182,6086956521739; 0,12013733
8695; 0,0625; 0,0625; 182,5; 0,120065816
8696; 0,0625; 0,0625; 183,5; 0,120723695
8697; 0,0625; 0,0625; 184,56521739130434; 0,12142449
8698; 0,0625; 0,0625; 183,93478260869566; 0,12100973
8699; 0,0625; 0,0625; 184,04347826086956; 0,121081255
8700; 0,0625; 0,0625; 183,7391304347826; 0,12088103
8701; 0,0625; 0,0625; 182,52173913043478; 0,12008012
8702; 0,0625; 0,0625; 183,5; 0,1207237
8703; 0,0625; 0,0625; 183,93478260869566; 0,121009745
8704; 0,0625; 0,0625; 183,08695652173913; 0,12045196
8705; 0,0625; 0,0625; 183,1086956521739; 0,120466255
8706; 0,0625; 0,0625; 184,08695652173913; 0,121109866
8707; 0,0625; 0,0625; 181,3695652173913; 0,119322106
8708; 0,0625; 0,0625; 182,19565217391303; 0,11986556
8709; 0,0625; 0,0625; 183,3913043478261; 0,1206522
8710; 0,0625; 0,0625; 184,2391304347826; 0,121209964
8711; 0,0625; 0,0625; 183,41304347826087; 0,12066648
8712; 0,0625; 0,0625; 183,84782608695653; 0,120952524
8713; 0,0625; 0,0625; 184,58695652173913; 0,121438816
8714; 0,0625; 0,0625; 185,43478260869566; 0,12199659
8715; 0,0625; 0,0625; 183,95652173913044; 0,121024035
8716; 0,0625; 0,0625; 184,2391304347826; 0,12120997
8717; 0,0625; 0,0625; 182,7826086956522; 0,12025174
8718; 0,0625; 0,0625; 185,2608695652174; 0,12188217
8719; 0,0625; 0,0625; 184,2826086956522; 0,121238574
8720; 0,0625; 0,0625; 184,04347826086956; 0,12108125
8721; 0,0625; 0,0625; 183,8695652173913; 0,12096683
8722; 0,0625; 0,0625; 184,56521739130434; 0,12142451
8723; 0,0625; 0,0625; 182,8913043478261; 0,12032323
8724; 0,0625; 0,0625; 183,3913043478261; 0,12065218
8725; 0,0625; 0,0625; 183,52173913043478; 0,120738
8726; 0,0625; 0,0625; 183,08695652173913; 0,12045196
8727; 0,0625; 0,0625; 182,67391304347825; 0,12018023
8728; 0,0625; 0,0625; 185,02173913043478; 0,121724844
8729; 0,0625; 0,0625; 182,95652173913044; 0,12036615
8730; 0,0625; 0,0625; 183,58695652173913; 0,12078089
8731; 0,0625; 0,0625; 183,52173913043478; 0,12073801
8732; 0,0625; 0,0625; 183,84782608695653; 0,120952524
8733; 0,0625; 0,0625; 184,58695652173913; 0,121438794
8734; 0,0625; 0,0625; 183,32608695652175; 0,12060928
8735; 0,0625; 0,0625; 184,34782608695653; 0,12128147
8736; 0,0625; 0,0625; 183,6086956521739; 0,12079523
8737; 0,0625; 0,0625; 184,45652173913044; 0,121352986
8738; 0,0625; 0,0625; 181,7608695652174; 0,119579546
8739; 0,0625; 0,0625; 184,1304347826087; 0,12113847
8740; 0,0625; 0,0625; 183,41304347826087; 0,1206665
8741; 0,0625; 0,0625; 184,84782608695653; 0,12161043
8742; 0,0625; 0,0625; 183,84782608695653; 0,12095255
8743; 0,0625; 0,0625; 183,30434782608697; 0,12059498
8744; 0,0625; 0,0625; 183,80434782608697; 0,12092394
8745; 0,0625; 0,0625; 184,02173913043478; 0,121066965
8746; 0,0625; 0,0625; 184,02173913043478; 0,121066965
8747; 0,0625; 0,0625; 184,7173913043478; 0,121524625
8748; 0,0625; 0,0625; 183,69565217391303; 0,12085242
8749; 0,0625; 0,0625; 183,3695652173913; 0,120637886
8750; 0,0625; 0,0625; 183,56521739130434; 0,120766595
8751; 0,0625; 0,0625; 181,95652173913044; 0,119708255
8752; 0,0625; 0,0625; 184,2608695652174; 0,12122428
8753; 0,0625; 0,0625; 184,02173913043478; 0,12106695
8754; 0,0625; 0,0625; 183,1304347826087; 0,12048058
8755; 0,0625; 0,0625; 184,2173913043478; 0,12119567
8756; 0,0625; 0,0625; 180,34782608695653; 0,118649885
8757; 0,0625; 0,0625; 184,2173913043478; 0,12119567
8758; 0,0625; 0,0625; 184,67391304347825; 0,12149602
8759; 0,0625; 0,0625; 184,19565217391303; 0,121181354
8760; 0,0625; 0,0625; 183,2608695652174; 0,120566346
8761; 0,0625; 0,0625; 183,19565217391303; 0,12052346
8762; 0,0625; 0,0625; 183,7173913043478; 0,120866716
8763; 0,0625; 0,0625; 184,32608695652175; 0,121267185
8764; 0,0625; 0,0625; 184,08695652173913; 0,121109836
8765; 0,0625; 0,0625; 184,2173913043478; 0,12119567
8766; 0,0625; 0,0625; 184,04347826086956; 0,12108124
8767; 0,0625; 0,0625; 184,3913043478261; 0,12131008
8768; 0,0625; 0,0625; 183,47826086956522; 0,1207094
8769; 0,0625; 0,0625; 182,7391304347826; 0,12022313
8770; 0,0625; 0,0625; 184,58695652173913; 0,1214388
8771; 0,0625; 0,0625; 183,69565217391303; 0,120852396
8772; 0,0625; 0,0625; 182,6304347826087; 0,12015162
8773; 0,0625; 0,0625; 182,7826086956522; 0,12025174
8774; 0,0625; 0,0625; 180,69565217391303; 0,11887874
8775; 0,0625; 0,0625; 183,58695652173913; 0,120780915
8776; 0,0625; 0,0625; 182,8913043478261; 0,12032323
8777; 0,0625; 0,0625; 183,2391304347826; 0,12055207
8778; 0,0625; 0,0625; 184,80434782608697; 0,121581815
8779; 0,0625; 0,0625; 182,2391304347826; 0,119894184
8780; 0,0625; 0,0625; 183,69565217391303; 0,12085241
8781; 0,0625; 0,0625; 182,54347826086956; 0,1200944
8782; 0,0625; 0,0625; 183,2173913043478; 0,120537765
8783; 0,0625; 0,0625; 184,2826086956522; 0,12123858
8784; 0,0625; 0,0625; 184,30434782608697; 0,12125288
8785; 0,0625; 0,0625; 183,15217391304347; 0,12049487
8786; 0,0625; 0,0625; 182,67391304347825; 0,12018023
8787; 0,0625; 0,0625; 183,8913043478261; 0,120981134
8788; 0,0625; 0,0625; 182,3695652173913; 0,119979985
8789; 0,0625; 0,0625; 183,82608695652175; 0,120938204
8790; 0,0625; 0,0625; 183,8695652173913; 0,12096684
8791; 0,0625; 0,0625; 184,19565217391303; 0,121181354
8792; 0,0625; 0,0625; 180,82608695652175; 0,118964545
8793; 0,0625; 0,0625; 184,3913043478261; 0,12131008
8794; 0,0625; 0,0625; 183,65217391304347; 0,12082381
8795; 0,0625; 0,0625; 184,58695652173913; 0,121438816
8796; 0,0625; 0,0625; 183,7391304347826; 0,12088102
8797; 0,0625; 0,0625; 184,1086956521739; 0,12112416
8798; 0,0625; 0,0625; 183,97826086956522; 0,121038355
8799; 0,0625; 0,0625; 185,17391304347825; 0,12182495
8800; 0,0625; 0,0625; 184,52173913043478; 0,1213959
8801; 0,0625; 0,0625; 184,2826086956522; 0,121238574
8802; 0,0625; 0,0625; 182,7391304347826; 0,12022313
8803; 0,0625; 0,0625; 183,7608695652174; 0,120895326
8804; 0,0625; 0,0625; 182,52173913043478; 0,1200801
8805; 0,0625; 0,0625; 184,0; 0,12105266
8806; 0,0625; 0,0625; 182,0; 0,11973686
8807; 0,0625; 0,0625; 183,97826086956522; 0,12103833
8808; 0,0625; 0,0625; 183,8913043478261; 0,12098114
8809; 0,0625; 0,0625; 184,17391304347825; 0,121167056
8810; 0,0625; 0,0625; 183,91304347826087; 0,12099546
8811; 0,0625; 0,0625; 183,19565217391303; 0,120523475
8812; 0,0625; 0,0625; 180,58695652173913; 0,11880721
8813; 0,0625; 0,0625; 184,06521739130434; 0,12109555
8814; 0,0625; 0,0625; 184,08695652173913; 0,12110986
8815; 0,0625; 0,0625; 184,30434782608697; 0,12125288
8816; 0,0625; 0,0625; 182,3913043478261; 0,1199943
8817; 0,0625; 0,0625; 181,95652173913044; 0,11970824
8818; 0,0625; 0,0625; 184,1086956521739; 0,12112416
8819; 0,0625; 0,0625; 183,8913043478261; 0,12098114
8820; 0,0625; 0,0625; 183,5; 0,12072368
8821; 0,0625; 0,0625; 183,17391304347825; 0,12050917
8822; 0,0625; 0,0625; 183,80434782608697; 0,12092392
8823; 0,0625; 0,0625; 185,02173913043478; 0,121724844
8824; 0,0625; 0,0625; 183,91304347826087; 0,12099545
8825; 0,0625; 0,0625; 184,3913043478261; 0,12131009
8826; 0,0625; 0,0625; 184,47826086956522; 0,1213673
8827; 0,0625; 0,0625; 183,47826086956522; 0,12070939
8828; 0,0625; 0,0625; 183,7826086956522; 0,12090963
8829; 0,0625; 0,0625; 182,08695652173913; 0,11979405
8830; 0,0625; 0,0625; 183,7173913043478; 0,120866716
8831; 0,0625; 0,0625; 184,7826086956522; 0,12156753
8832; 0,0625; 0,0625; 182,82608695652175; 0,12028034
8833; 0,0625; 0,0625; 183,91304347826087; 0,12099545
8834; 0,0625; 0,0625; 182,54347826086956; 0,120094396
8835; 0,0625; 0,0625; 184,19565217391303; 0,12118136
8836; 0,0625; 0,0625; 183,82608695652175; 0,12093823
8837; 0,0625; 0,0625; 183,82608695652175; 0,12093822
8838; 0,0625; 0,0625; 183,65217391304347; 0,12082381
8839; 0,0625; 0,0625; 184,2173913043478; 0,12119567
8840; 0,0625; 0,0625; 184,2826086956522; 0,12123858
8841; 0,0625; 0,0625; 183,02173913043478; 0,12040906
8842; 0,0625; 0,0625; 184,30434782608697; 0,12125287
8843; 0,0625; 0,0625; 183,91304347826087; 0,120995425
8844; 0,0625; 0,0625; 181,84782608695653; 0,119636744
8845; 0,0625; 0,0625; 182,67391304347825; 0,12018021
8846; 0,0625; 0,0625; 184,5; 0,1213816
8847; 0,0625; 0,0625; 184,47826086956522; 0,12136729
8848; 0,0625; 0,0625; 182,7391304347826; 0,12022312
8849; 0,0625; 0,0625; 183,7826086956522; 0,12090962
8850; 0,0625; 0,0625; 184,08695652173913; 0,12110986
8851; 0,0625; 0,0625; 182,02173913043478; 0,11975116
8852; 0,0625; 0,0625; 184,0; 0,12105264
8853; 0,0625; 0,0625; 185,43478260869566; 0,12199658
8854; 0,0625; 0,0625; 184,52173913043478; 0,12139591
8855; 0,0625; 0,0625; 183,7826086956522; 0,12090963
8856; 0,0625; 0,0625; 184,19565217391303; 0,12118136
8857; 0,0625; 0,0625; 184,30434782608697; 0,12125287
8858; 0,0625; 0,0625; 184,2608695652174; 0,12122428
8859; 0,0625; 0,0625; 183,7826086956522; 0,12090962
8860; 0,0625; 0,0625; 184,7608695652174; 0,12155323
8861; 0,0625; 0,0625; 184,5; 0,1213816
8862; 0,0625; 0,0625; 184,1086956521739; 0,12112416
8863; 0,0625; 0,0625; 183,95652173913044; 0,121024035
8864; 0,0625; 0,0625; 181,56521739130434; 0,11945083
8865; 0,0625; 0,0625; 183,02173913043478; 0,120409064
8866; 0,0625; 0,0625; 182,80434782608697; 0,120266035
8867; 0,0625; 0,0625; 183,32608695652175; 0,12060928
8868; 0,0625; 0,0625; 183,1086956521739; 0,12046626
8869; 0,0625; 0,0625; 184,0; 0,12105266
8870; 0,0625; 0,0625; 184,04347826086956; 0,12108124
8871; 0,0625; 0,0625; 183,04347826086956; 0,12042336
8872; 0,0625; 0,0625; 182,97826086956522; 0,12038045
8873; 0,0625; 0,0625; 184,3695652173913; 0,12129577
8874; 0,0625; 0,0625; 184,84782608695653; 0,121610425
8875; 0,0625; 0,0625; 183,8913043478261; 0,12098114
8876; 0,0625; 0,0625; 183,15217391304347; 0,12049489
8877; 0,0625; 0,0625; 180,8695652173913; 0,118993156
8878; 0,0625; 0,0625; 183,08695652173913; 0,12045197
8879; 0,0625; 0,0625; 182,3913043478261; 0,1199943
8880; 0,0625; 0,0625; 184,8913043478261; 0,121639036
8881; 0,0625; 0,0625; 184,30434782608697; 0,12125286
8882; 0,0625; 0,0625; 184,06521739130434; 0,121095546
8883; 0,0625; 0,0625; 183,3695652173913; 0,12063789
8884; 0,0625; 0,0625; 184,0; 0,121052645
8885; 0,0625; 0,0625; 181,2826086956522; 0,11926487
8886; 0,0625; 0,0625; 182,80434782608697; 0,12026604
8887; 0,0625; 0,0625; 184,2608695652174; 0,12122427
8888; 0,0625; 0,0625; 184,30434782608697; 0,12125286
8889; 0,0625; 0,0625; 183,54347826086956; 0,120752305
8890; 0,0625; 0,0625; 183,6304347826087; 0,12080951
8891; 0,0625; 0,0625; 183,67391304347825; 0,12083811
8892; 0,0625; 0,0625; 184,1304347826087; 0,12113847
8893; 0,0625; 0,0625; 182,34782608695653; 0,119965695
8894; 0,0625; 0,0625; 184,2391304347826; 0,12120997
8895; 0,0625; 0,0625; 182,67391304347825; 0,12018023
8896; 0,0625; 0,0625; 184,41304347826087; 0,1213244
8897; 0,0625; 0,0625; 183,67391304347825; 0,120838106
8898; 0,0625; 0,0625; 183,97826086956522; 0,121038355
8899; 0,0625; 0,0625; 183,2391304347826; 0,12055207
8900; 0,0625; 0,0625; 184,52173913043478; 0,1213959
8901; 0,0625; 0,0625; 185,1304347826087; 0,12179636
8902; 0,0625; 0,0625; 183,84782608695653; 0,12095253
8903; 0,0625; 0,0625; 184,3695652173913; 0,12129577
8904; 0,0625; 0,0625; 184,1086956521739; 0,12112414
8905; 0,0625; 0,0625; 184,80434782608697; 0,121581815
8906; 0,0625; 0,0625; 185,06521739130434; 0,121753454
8907; 0,0625; 0,0625; 183,8913043478261; 0,12098112
8908; 0,0625; 0,0625; 182,95652173913044; 0,12036615
8909; 0,0625; 0,0625; 183,7826086956522; 0,12090962
8910; 0,0625; 0,0625; 183,82608695652175; 0,12093822
8911; 0,0625; 0,0625; 184,41304347826087; 0,1213244
8912; 0,0625; 0,0625; 183,7173913043478; 0,120866716
8913; 0,0625; 0,0625; 183,82608695652175; 0,12093822
8914; 0,0625; 0,0625; 184,15217391304347; 0,12115274
8915; 0,0625; 0,0625; 183,32608695652175; 0,120609276
8916; 0,0625; 0,0625; 183,95652173913044; 0,121024035
8917; 0,0625; 0,0625; 183,67391304347825; 0,120838135
8918; 0,0625; 0,0625; 184,7391304347826; 0,12153891
8919; 0,0625; 0,0625; 183,8695652173913; 0,12096683
8920; 0,0625; 0,0625; 184,54347826086956; 0,121410206
8921; 0,0625; 0,0625; 182,7608695652174; 0,120237425
8922; 0,0625; 0,0625; 184,30434782608697; 0,12125288
8923; 0,0625; 0,0625; 182,30434782608697; 0,119937085
8924; 0,0625; 0,0625; 184,2391304347826; 0,12120997
8925; 0,0625; 0,0625; 184,6086956521739; 0,12145311
8926; 0,0625; 0,0625; 181,7608695652174; 0,11957953
8927; 0,0625; 0,0625; 184,67391304347825; 0,121496014
8928; 0,0625; 0,0625; 182,82608695652175; 0,12028034
8929; 0,0625; 0,0625; 184,2826086956522; 0,121238574
8930; 0,0625; 0,0625; 182,0; 0,11973686
8931; 0,0625; 0,0625; 184,32608695652175; 0,12126718
8932; 0,0625; 0,0625; 184,6086956521739; 0,12145311
8933; 0,0625; 0,0625; 184,19565217391303; 0,12118136
8934; 0,0625; 0,0625; 184,1086956521739; 0,121124156
8935; 0,0625; 0,0625; 184,02173913043478; 0,12106694
8936; 0,0625; 0,0625; 184,41304347826087; 0,12132438
8937; 0,0625; 0,0625; 182,65217391304347; 0,12016592
8938; 0,0625; 0,0625; 184,1086956521739; 0,12112417
8939; 0,0625; 0,0625; 185,7391304347826; 0,122196816
8940; 0,0625; 0,0625; 183,69565217391303; 0,12085242
8941; 0,0625; 0,0625; 182,82608695652175; 0,12028034
8942; 0,0625; 0,0625; 185,1304347826087; 0,12179636
8943; 0,0625; 0,0625; 183,43478260869566; 0,12068079
8944; 0,0625; 0,0625; 184,54347826086956; 0,12141018
8945; 0,0625; 0,0625; 182,52173913043478; 0,12008012
8946; 0,0625; 0,0625; 184,67391304347825; 0,121496014
8947; 0,0625; 0,0625; 183,5; 0,1207237
8948; 0,0625; 0,0625; 183,15217391304347; 0,12049485
8949; 0,0625; 0,0625; 184,06521739130434; 0,12109555
8950; 0,0625; 0,0625; 185,0; 0,12171054
8951; 0,0625; 0,0625; 184,58695652173913; 0,1214388
8952; 0,0625; 0,0625; 184,1086956521739; 0,12112416
8953; 0,0625; 0,0625; 183,84782608695653; 0,12095255
8954; 0,0625; 0,0625; 183,52173913043478; 0,120737985
8955; 0,0625; 0,0625; 181,84782608695653; 0,119636744
8956; 0,0625; 0,0625; 183,5; 0,12072372
8957; 0,0625; 0,0625; 182,19565217391303; 0,11986556
8958; 0,0625; 0,0625; 184,02173913043478; 0,12106694
8959; 0,0625; 0,0625; 182,54347826086956; 0,1200944
8960; 0,0625; 0,0625; 184,17391304347825; 0,12116707
8961; 0,0625; 0,0625; 183,8695652173913; 0,12096683
8962; 0,0625; 0,0625; 184,02173913043478; 0,12106695
8963; 0,0625; 0,0625; 184,41304347826087; 0,12132438
8964; 0,0625; 0,0625; 182,0; 0,11973686
8965; 0,0625; 0,0625; 185,08695652173913; 0,12176776
8966; 0,0625; 0,0625; 183,08695652173913; 0,12045197
8967; 0,0625; 0,0625; 182,84782608695653; 0,12029463
8968; 0,0625; 0,0625; 184,2826086956522; 0,121238574
8969; 0,0625; 0,0625; 183,91304347826087; 0,120995425
8970; 0,0625; 0,0625; 183,43478260869566; 0,1206808
8971; 0,0625; 0,0625; 183,91304347826087; 0,12099544
8972; 0,0625; 0,0625; 183,2391304347826; 0,12055206
8973; 0,0625; 0,0625; 183,6086956521739; 0,120795205
8974; 0,0625; 0,0625; 183,56521739130434; 0,120766595
8975; 0,0625; 0,0625; 182,5; 0,12006579
8976; 0,0625; 0,0625; 184,08695652173913; 0,12110986
8977; 0,0625; 0,0625; 184,0; 0,12105266
8978; 0,0625; 0,0625; 183,7173913043478; 0,12086672
8979; 0,0625; 0,0625; 184,08695652173913; 0,121109866
8980; 0,0625; 0,0625; 184,7391304347826; 0,12153892
8981; 0,0625; 0,0625; 184,41304347826087; 0,12132438
8982; 0,0625; 0,0625; 183,6304347826087; 0,12080951
8983; 0,0625; 0,0625; 183,69565217391303; 0,12085242
8984; 0,0625; 0,0625; 183,7608695652174; 0,120895326
8985; 0,0625; 0,0625; 184,47826086956522; 0,1213673
8986; 0,0625; 0,0625; 182,80434782608697; 0,120266035
8987; 0,0625; 0,0625; 184,56521739130434; 0,121424496
8988; 0,0625; 0,0625; 184,02173913043478; 0,12106695
8989; 0,0625; 0,0625; 183,2826086956522; 0,12058067
8990; 0,0625; 0,0625; 185,32608695652175; 0,121925056
8991; 0,0625; 0,0625; 184,2391304347826; 0,121209964
8992; 0,0625; 0,0625; 182,84782608695653; 0,12029463
8993; 0,0625; 0,0625; 184,2391304347826; 0,12120999
8994; 0,0625; 0,0625; 182,93478260869566; 0,12035184
8995; 0,0625; 0,0625; 182,7391304347826; 0,12022314
8996; 0,0625; 0,0625; 183,1304347826087; 0,12048056
8997; 0,0625; 0,0625; 182,52173913043478; 0,12008012
8998; 0,0625; 0,0625; 182,34782608695653; 0,119965665
8999; 0,0625; 0,0625; 183,2826086956522; 0,120580666
9000; 0,0625; 0,0625; 181,8695652173913; 0,119651034
9001; 0,0625; 0,0625; 183,95652173913044; 0,12102405
9002; 0,0625; 0,0625; 184,43478260869566; 0,1213387
9003; 0,0625; 0,0625; 183,34782608695653; 0,12062358
9004; 0,0625; 0,0625; 184,19565217391303; 0,12118136
9005; 0,0625; 0,0625; 184,08695652173913; 0,121109836
9006; 0,0625; 0,0625; 184,1086956521739; 0,12112414
9007; 0,0625; 0,0625; 182,1304347826087; 0,11982268
9008; 0,0625; 0,0625; 183,7826086956522; 0,12090962
9009; 0,0625; 0,0625; 183,7826086956522; 0,12090964
9010; 0,0625; 0,0625; 183,69565217391303; 0,12085242
9011; 0,0625; 0,0625; 181,84782608695653; 0,11963673
9012; 0,0625; 0,0625; 184,1086956521739; 0,12112417
9013; 0,0625; 0,0625; 183,58695652173913; 0,1207809
9014; 0,0625; 0,0625; 182,93478260869566; 0,12035185
9015; 0,0625; 0,0625; 183,65217391304347; 0,120823815
9016; 0,0625; 0,0625; 183,67391304347825; 0,120838106
9017; 0,0625; 0,0625; 183,69565217391303; 0,12085242
9018; 0,0625; 0,0625; 184,15217391304347; 0,121152766
9019; 0,0625; 0,0625; 182,6086956521739; 0,12013732
9020; 0,0625; 0,0625; 184,7173913043478; 0,1215246
9021; 0,0625; 0,0625; 184,67391304347825; 0,12149601
9022; 0,0625; 0,0625; 184,0; 0,12105264
9023; 0,0625; 0,0625; 182,56521739130434; 0,120108716
9024; 0,0625; 0,0625; 183,7173913043478; 0,12086672
9025; 0,0625; 0,0625; 181,95652173913044; 0,119708255
9026; 0,0625; 0,0625; 181,97826086956522; 0,11972255
9027; 0,0625; 0,0625; 181,84782608695653; 0,11963675
9028; 0,0625; 0,0625; 182,7826086956522; 0,12025173
9029; 0,0625; 0,0625; 182,47826086956522; 0,12005151
9030; 0,0625; 0,0625; 184,06521739130434; 0,12109555
9031; 0,0625; 0,0625; 184,17391304347825; 0,12116705
9032; 0,0625; 0,0625; 183,56521739130434; 0,12076661
9033; 0,0625; 0,0625; 185,1304347826087; 0,12179636
9034; 0,0625; 0,0625; 184,3913043478261; 0,12131008
9035; 0,0625; 0,0625; 180,7391304347826; 0,11890734
9036; 0,0625; 0,0625; 184,95652173913044; 0,121681936
9037; 0,0625; 0,0625; 182,7173913043478; 0,120208815
9038; 0,0625; 0,0625; 184,82608695652175; 0,12159612
9039; 0,0625; 0,0625; 184,15217391304347; 0,12115275
9040; 0,0625; 0,0625; 183,43478260869566; 0,12068081
9041; 0,0625; 0,0625; 183,7173913043478; 0,12086672
9042; 0,0625; 0,0625; 183,30434782608697; 0,120595
9043; 0,0625; 0,0625; 181,7173913043478; 0,11955092
9044; 0,0625; 0,0625; 184,08695652173913; 0,12110985
9045; 0,0625; 0,0625; 184,0; 0,121052645
9046; 0,0625; 0,0625; 183,2173913043478; 0,12053778
9047; 0,0625; 0,0625; 183,65217391304347; 0,120823815
9048; 0,0625; 0,0625; 184,2391304347826; 0,12120997
9049; 0,0625; 0,0625; 183,93478260869566; 0,12100972
9050; 0,0625; 0,0625; 185,2608695652174; 0,121882156
9051; 0,0625; 0,0625; 183,84782608695653; 0,120952524
9052; 0,0625; 0,0625; 183,02173913043478; 0,120409034
9053; 0,0625; 0,0625; 184,56521739130434; 0,121424496
9054; 0,0625; 0,0625; 183,1304347826087; 0,12048057
9055; 0,0625; 0,0625; 183,0; 0,12039475
9056; 0,0625; 0,0625; 182,84782608695653; 0,120294645
9057; 0,0625; 0,0625; 183,95652173913044; 0,12102402
9058; 0,0625; 0,0625; 183,47826086956522; 0,12070939
9059; 0,0625; 0,0625; 184,17391304347825; 0,12116707
9060; 0,0625; 0,0625; 184,43478260869566; 0,12133868
9061; 0,0625; 0,0625; 183,43478260869566; 0,12068081
9062; 0,0625; 0,0625; 184,08695652173913; 0,12110986
9063; 0,0625; 0,0625; 183,17391304347825; 0,120509155
9064; 0,0625; 0,0625; 183,56521739130434; 0,12076662
9065; 0,0625; 0,0625; 183,80434782608697; 0,12092394
9066; 0,0625; 0,0625; 183,52173913043478; 0,120738
9067; 0,0625; 0,0625; 182,54347826086956; 0,12009441
9068; 0,0625; 0,0625; 183,15217391304347; 0,12049487
9069; 0,0625; 0,0625; 184,2826086956522; 0,12123858
9070; 0,0625; 0,0625; 184,52173913043478; 0,1213959
9071; 0,0625; 0,0625; 182,7826086956522; 0,120251715
9072; 0,0625; 0,0625; 183,95652173913044; 0,12102405
9073; 0,0625; 0,0625; 183,30434782608697; 0,120594986
9074; 0,0625; 0,0625; 182,56521739130434; 0,12010871
9075; 0,0625; 0,0625; 183,82608695652175; 0,12093823
9076; 0,0625; 0,0625; 184,3695652173913; 0,12129579
9077; 0,0625; 0,0625; 184,17391304347825; 0,12116708
9078; 0,0625; 0,0625; 183,82608695652175; 0,12093823
9079; 0,0625; 0,0625; 183,30434782608697; 0,12059498
9080; 0,0625; 0,0625; 184,1304347826087; 0,12113847
9081; 0,0625; 0,0625; 181,82608695652175; 0,11962244
9082; 0,0625; 0,0625; 182,2608695652174; 0,11990847
9083; 0,0625; 0,0625; 184,3913043478261; 0,12131007
9084; 0,0625; 0,0625; 183,06521739130434; 0,12043765
9085; 0,0625; 0,0625; 184,32608695652175; 0,121267185
9086; 0,0625; 0,0625; 184,1086956521739; 0,121124156
9087; 0,0625; 0,0625; 183,7826086956522; 0,12090962
9088; 0,0625; 0,0625; 183,8695652173913; 0,12096683
9089; 0,0625; 0,0625; 185,04347826086956; 0,12173916
9090; 0,0625; 0,0625; 184,06521739130434; 0,12109555
9091; 0,0625; 0,0625; 183,54347826086956; 0,120752305
9092; 0,0625; 0,0625; 184,69565217391303; 0,12151032
9093; 0,0625; 0,0625; 183,32608695652175; 0,12060928
9094; 0,0625; 0,0625; 183,91304347826087; 0,12099545
9095; 0,0625; 0,0625; 183,80434782608697; 0,12092394
9096; 0,0625; 0,0625; 183,58695652173913; 0,1207809
9097; 0,0625; 0,0625; 182,80434782608697; 0,12026604
9098; 0,0625; 0,0625; 183,91304347826087; 0,12099544
9099; 0,0625; 0,0625; 184,1304347826087; 0,12113846
9100; 0,0625; 0,0625; 182,52173913043478; 0,1200801
9101; 0,0625; 0,0625; 184,5; 0,121381596
9102; 0,0625; 0,0625; 185,7608695652174; 0,12221111
9103; 0,0625; 0,0625; 182,93478260869566; 0,12035185
9104; 0,0625; 0,0625; 184,7391304347826; 0,12153893
9105; 0,0625; 0,0625; 183,08695652173913; 0,12045196
9106; 0,0625; 0,0625; 182,3913043478261; 0,119994275
9107; 0,0625; 0,0625; 182,0; 0,119736835
9108; 0,0625; 0,0625; 184,2608695652174; 0,12122427
9109; 0,0625; 0,0625; 184,97826086956522; 0,121696234
9110; 0,0625; 0,0625; 183,08695652173913; 0,12045196
9111; 0,0625; 0,0625; 183,7608695652174; 0,12089533
9112; 0,0625; 0,0625; 182,69565217391303; 0,12019452
9113; 0,0625; 0,0625; 184,8695652173913; 0,121624716
9114; 0,0625; 0,0625; 183,69565217391303; 0,12085242
9115; 0,0625; 0,0625; 182,82608695652175; 0,120280325
9116; 0,0625; 0,0625; 184,69565217391303; 0,12151031
9117; 0,0625; 0,0625; 184,1086956521739; 0,121124156
9118; 0,0625; 0,0625; 182,54347826086956; 0,1200944
9119; 0,0625; 0,0625; 184,7608695652174; 0,12155321
9120; 0,0625; 0,0625; 184,6086956521739; 0,1214531
9121; 0,0625; 0,0625; 184,2826086956522; 0,12123857
9122; 0,0625; 0,0625; 183,7826086956522; 0,12090962
9123; 0,0625; 0,0625; 183,41304347826087; 0,12066648
9124; 0,0625; 0,0625; 182,32608695652175; 0,11995138
9125; 0,0625; 0,0625; 184,45652173913044; 0,121352986
9126; 0,0625; 0,0625; 183,1086956521739; 0,12046626
9127; 0,0625; 0,0625; 182,8695652173913; 0,120308936
9128; 0,0625; 0,0625; 183,84782608695653; 0,12095255
9129; 0,0625; 0,0625; 184,19565217391303; 0,12118136
9130; 0,0625; 0,0625; 183,47826086956522; 0,1207094
9131; 0,0625; 0,0625; 184,1304347826087; 0,12113847
9132; 0,0625; 0,0625; 184,0; 0,12105266
9133; 0,0625; 0,0625; 183,52173913043478; 0,120737985
9134; 0,0625; 0,0625; 185,17391304347825; 0,121824935
9135; 0,0625; 0,0625; 182,04347826086956; 0,11976546
9136; 0,0625; 0,0625; 183,5; 0,120723695
9137; 0,0625; 0,0625; 184,0; 0,121052645
9138; 0,0625; 0,0625; 183,5; 0,12072368
9139; 0,0625; 0,0625; 184,2173913043478; 0,12119568
9140; 0,0625; 0,0625; 183,91304347826087; 0,12099544
9141; 0,0625; 0,0625; 183,6304347826087; 0,1208095
9142; 0,0625; 0,0625; 180,54347826086956; 0,11877862
9143; 0,0625; 0,0625; 180,7608695652174; 0,118921645
9144; 0,0625; 0,0625; 183,97826086956522; 0,12103834
9145; 0,0625; 0,0625; 184,1086956521739; 0,121124156
9146; 0,0625; 0,0625; 184,56521739130434; 0,121424496
9147; 0,0625; 0,0625; 184,06521739130434; 0,12109553
9148; 0,0625; 0,0625; 185,04347826086956; 0,12173915
9149; 0,0625; 0,0625; 183,8695652173913; 0,120966814
9150; 0,0625; 0,0625; 182,08695652173913; 0,119794056
9151; 0,0625; 0,0625; 181,43478260869566; 0,11936501
9152; 0,0625; 0,0625; 182,69565217391303; 0,12019451
9153; 0,0625; 0,0625; 184,19565217391303; 0,12118136
9154; 0,0625; 0,0625; 182,1304347826087; 0,11982266
9155; 0,0625; 0,0625; 183,43478260869566; 0,12068079
9156; 0,0625; 0,0625; 184,67391304347825; 0,12149599
9157; 0,0625; 0,0625; 183,02173913043478; 0,12040906
9158; 0,0625; 0,0625; 184,7608695652174; 0,121553205
9159; 0,0625; 0,0625; 184,2173913043478; 0,12119567
9160; 0,0625; 0,0625; 184,06521739130434; 0,121095546
9161; 0,0625; 0,0625; 184,2826086956522; 0,121238574
9162; 0,0625; 0,0625; 184,52173913043478; 0,121395886
9163; 0,0625; 0,0625; 183,8913043478261; 0,12098114
9164; 0,0625; 0,0625; 183,8913043478261; 0,120981134
9165; 0,0625; 0,0625; 183,04347826086956; 0,12042335
9166; 0,0625; 0,0625; 184,43478260869566; 0,12133869
9167; 0,0625; 0,0625; 182,3695652173913; 0,11997999
9168; 0,0625; 0,0625; 183,7608695652174; 0,12089531
9169; 0,0625; 0,0625; 184,04347826086956; 0,121081255
9170; 0,0625; 0,0625; 182,54347826086956; 0,12009441
9171; 0,0625; 0,0625; 183,3695652173913; 0,120637886
9172; 0,0625; 0,0625; 183,91304347826087; 0,12099544
9173; 0,0625; 0,0625; 185,30434782608697; 0,121910766
9174; 0,0625; 0,0625; 184,41304347826087; 0,12132438
9175; 0,0625; 0,0625; 183,69565217391303; 0,120852426
9176; 0,0625; 0,0625; 183,69565217391303; 0,12085242
9177; 0,0625; 0,0625; 184,43478260869566; 0,12133868
9178; 0,0625; 0,0625; 182,7608695652174; 0,12023743
9179; 0,0625; 0,0625; 180,65217391304347; 0,11885013
9180; 0,0625; 0,0625; 184,06521739130434; 0,12109555
9181; 0,0625; 0,0625; 184,02173913043478; 0,121066965
9182; 0,0625; 0,0625; 184,2391304347826; 0,121209964
9183; 0,0625; 0,0625; 183,30434782608697; 0,12059497
9184; 0,0625; 0,0625; 184,34782608695653; 0,12128148
9185; 0,0625; 0,0625; 183,04347826086956; 0,12042334
9186; 0,0625; 0,0625; 183,80434782608697; 0,12092392
9187; 0,0625; 0,0625; 184,8913043478261; 0,121639036
9188; 0,0625; 0,0625; 183,6304347826087; 0,12080951
9189; 0,0625; 0,0625; 184,54347826086956; 0,12141019
9190; 0,0625; 0,0625; 184,2173913043478; 0,12119566
9191; 0,0625; 0,0625; 184,6304347826087; 0,12146741
9192; 0,0625; 0,0625; 184,19565217391303; 0,12118136
9193; 0,0625; 0,0625; 184,5; 0,121381596
9194; 0,0625; 0,0625; 184,8695652173913; 0,121624716
9195; 0,0625; 0,0625; 183,67391304347825; 0,120838106
9196; 0,0625; 0,0625; 184,2173913043478; 0,12119567
9197; 0,0625; 0,0625; 184,32608695652175; 0,121267185
9198; 0,0625; 0,0625; 184,2173913043478; 0,12119567
9199; 0,0625; 0,0625; 184,1304347826087; 0,12113846
9200; 0,0625; 0,0625; 184,7391304347826; 0,12153892
9201; 0,0625; 0,0625; 183,7608695652174; 0,12089533
9202; 0,0625; 0,0625; 181,82608695652175; 0,11962245
9203; 0,0625; 0,0625; 185,06521739130434; 0,12175345
9204; 0,0625; 0,0625; 184,7826086956522; 0,12156752
9205; 0,0625; 0,0625; 183,8695652173913; 0,12096683
9206; 0,0625; 0,0625; 183,93478260869566; 0,121009745
9207; 0,0625; 0,0625; 184,1304347826087; 0,12113846
9208; 0,0625; 0,0625; 178,41304347826087; 0,117377
9209; 0,0625; 0,0625; 182,43478260869566; 0,12002288
9210; 0,0625; 0,0625; 184,2608695652174; 0,12122427
9211; 0,0625; 0,0625; 184,04347826086956; 0,12108124
9212; 0,0625; 0,0625; 182,47826086956522; 0,12005151
9213; 0,0625; 0,0625; 183,19565217391303; 0,120523475
9214; 0,0625; 0,0625; 182,8913043478261; 0,120323256
9215; 0,0625; 0,0625; 182,3913043478261; 0,11999429
9216; 0,0625; 0,0625; 183,54347826086956; 0,12075231
9217; 0,0625; 0,0625; 183,41304347826087; 0,1206665
9218; 0,0625; 0,0625; 184,52173913043478; 0,121395886
9219; 0,0625; 0,0625; 184,1304347826087; 0,12113844
9220; 0,0625; 0,0625; 183,1304347826087; 0,12048057
9221; 0,0625; 0,0625; 184,7391304347826; 0,12153893
9222; 0,0625; 0,0625; 184,04347826086956; 0,121081255
9223; 0,0625; 0,0625; 184,04347826086956; 0,12108124
9224; 0,0625; 0,0625; 185,2608695652174; 0,12188218
9225; 0,0625; 0,0625; 181,91304347826087; 0,119679645
9226; 0,0625; 0,0625; 183,1304347826087; 0,12048057
9227; 0,0625; 0,0625; 184,80434782608697; 0,121581815
9228; 0,0625; 0,0625; 183,56521739130434; 0,12076661
9229; 0,0625; 0,0625; 182,65217391304347; 0,12016591
9230; 0,0625; 0,0625; 182,7173913043478; 0,12020884
9231; 0,0625; 0,0625; 183,1304347826087; 0,12048058
9232; 0,0625; 0,0625; 184,19565217391303; 0,12118136
9233; 0,0625; 0,0625; 183,8695652173913; 0,12096684
9234; 0,0625; 0,0625; 183,47826086956522; 0,12070939
9235; 0,0625; 0,0625; 183,67391304347825; 0,12083812
9236; 0,0625; 0,0625; 184,6086956521739; 0,1214531
9237; 0,0625; 0,0625; 183,8913043478261; 0,120981134
9238; 0,0625; 0,0625; 183,65217391304347; 0,120823815
9239; 0,0625; 0,0625; 184,84782608695653; 0,12161043
9240; 0,0625; 0,0625; 184,80434782608697; 0,12158182
9241; 0,0625; 0,0625; 184,56521739130434; 0,12142449
9242; 0,0625; 0,0625; 184,2826086956522; 0,121238574
9243; 0,0625; 0,0625; 184,45652173913044; 0,12135297
9244; 0,0625; 0,0625; 183,84782608695653; 0,120952524
9245; 0,0625; 0,0625; 183,91304347826087; 0,12099544
9246; 0,0625; 0,0625; 183,3695652173913; 0,120637886
9247; 0,0625; 0,0625; 181,47826086956522; 0,119393595
9248; 0,0625; 0,0625; 182,2608695652174; 0,11990849
9249; 0,0625; 0,0625; 184,43478260869566; 0,121338665
9250; 0,0625; 0,0625; 182,8913043478261; 0,12032323
9251; 0,0625; 0,0625; 184,3695652173913; 0,12129577
9252; 0,0625; 0,0625; 181,19565217391303; 0,11920768
9253; 0,0625; 0,0625; 183,52173913043478; 0,120738
9254; 0,0625; 0,0625; 183,6086956521739; 0,120795175
9255; 0,0625; 0,0625; 182,0; 0,11973685
9256; 0,0625; 0,0625; 184,2608695652174; 0,12122428
9257; 0,0625; 0,0625; 184,15217391304347; 0,12115274
9258; 0,0625; 0,0625; 183,8695652173913; 0,12096683
9259; 0,0625; 0,0625; 182,7608695652174; 0,12023743
9260; 0,0625; 0,0625; 184,47826086956522; 0,1213673
9261; 0,0625; 0,0625; 182,80434782608697; 0,120266035
9262; 0,0625; 0,0625; 184,7173913043478; 0,121524595
9263; 0,0625; 0,0625; 183,7826086956522; 0,12090962
9264; 0,0625; 0,0625; 185,15217391304347; 0,121810645
9265; 0,0625; 0,0625; 183,54347826086956; 0,120752305
9266; 0,0625; 0,0625; 183,0; 0,12039475
9267; 0,0625; 0,0625; 184,95652173913044; 0,12168193
9268; 0,0625; 0,0625; 185,2391304347826; 0,121867865
9269; 0,0625; 0,0625; 184,2608695652174; 0,12122428
9270; 0,0625; 0,0625; 184,5; 0,121381596
9271; 0,0625; 0,0625; 184,19565217391303; 0,12118136
9272; 0,0625; 0,0625; 184,7391304347826; 0,12153892
9273; 0,0625; 0,0625; 183,93478260869566; 0,121009745
9274; 0,0625; 0,0625; 184,17391304347825; 0,12116707
9275; 0,0625; 0,0625; 183,97826086956522; 0,12103834
9276; 0,0625; 0,0625; 184,02173913043478; 0,12106694
9277; 0,0625; 0,0625; 184,8913043478261; 0,121639036
9278; 0,0625; 0,0625; 183,7826086956522; 0,12090964
9279; 0,0625; 0,0625; 183,97826086956522; 0,12103833
9280; 0,0625; 0,0625; 183,41304347826087; 0,1206665
9281; 0,0625; 0,0625; 184,93478260869566; 0,12166763
9282; 0,0625; 0,0625; 183,47826086956522; 0,12070939
9283; 0,0625; 0,0625; 183,3913043478261; 0,1206522
9284; 0,0625; 0,0625; 184,17391304347825; 0,12116707
9285; 0,0625; 0,0625; 182,3913043478261; 0,11999429
9286; 0,0625; 0,0625; 184,54347826086956; 0,121410206
9287; 0,0625; 0,0625; 183,2608695652174; 0,120566376
9288; 0,0625; 0,0625; 183,7826086956522; 0,12090963
9289; 0,0625; 0,0625; 184,45652173913044; 0,12135301
9290; 0,0625; 0,0625; 182,6086956521739; 0,12013731
9291; 0,0625; 0,0625; 183,7608695652174; 0,120895326
9292; 0,0625; 0,0625; 183,95652173913044; 0,121024035
9293; 0,0625; 0,0625; 183,93478260869566; 0,12100973
9294; 0,0625; 0,0625; 184,2173913043478; 0,12119566
9295; 0,0625; 0,0625; 183,34782608695653; 0,12062358
9296; 0,0625; 0,0625; 183,7391304347826; 0,12088102
9297; 0,0625; 0,0625; 180,6086956521739; 0,11882152
9298; 0,0625; 0,0625; 183,0; 0,12039476
9299; 0,0625; 0,0625; 183,06521739130434; 0,120437674
9300; 0,0625; 0,0625; 184,19565217391303; 0,121181354
9301; 0,0625; 0,0625; 184,08695652173913; 0,12110986
9302; 0,0625; 0,0625; 181,84782608695653; 0,11963673
9303; 0,0625; 0,0625; 184,2826086956522; 0,121238574
9304; 0,0625; 0,0625; 183,32608695652175; 0,120609276
9305; 0,0625; 0,0625; 183,34782608695653; 0,12062358
9306; 0,0625; 0,0625; 183,7826086956522; 0,12090963
9307; 0,0625; 0,0625; 182,65217391304347; 0,12016591
9308; 0,0625; 0,0625; 183,84782608695653; 0,120952524
9309; 0,0625; 0,0625; 183,80434782608697; 0,12092394
9310; 0,0625; 0,0625; 183,32608695652175; 0,12060928
9311; 0,0625; 0,0625; 184,54347826086956; 0,12141018
9312; 0,0625; 0,0625; 183,8695652173913; 0,12096683
9313; 0,0625; 0,0625; 183,84782608695653; 0,12095253
9314; 0,0625; 0,0625; 183,67391304347825; 0,12083812
9315; 0,0625; 0,0625; 184,69565217391303; 0,12151031
9316; 0,0625; 0,0625; 183,65217391304347; 0,1208238
9317; 0,0625; 0,0625; 183,67391304347825; 0,12083811
9318; 0,0625; 0,0625; 183,69565217391303; 0,120852426
9319; 0,0625; 0,0625; 182,02173913043478; 0,11975116
9320; 0,0625; 0,0625; 182,67391304347825; 0,120180205
9321; 0,0625; 0,0625; 184,2391304347826; 0,12120996
9322; 0,0625; 0,0625; 182,95652173913044; 0,120366156
9323; 0,0625; 0,0625; 182,1086956521739; 0,11980836
9324; 0,0625; 0,0625; 184,43478260869566; 0,12133868
9325; 0,0625; 0,0625; 184,02173913043478; 0,12106695
9326; 0,0625; 0,0625; 182,65217391304347; 0,12016593
9327; 0,0625; 0,0625; 183,56521739130434; 0,12076661
9328; 0,0625; 0,0625; 184,67391304347825; 0,12149602
9329; 0,0625; 0,0625; 184,43478260869566; 0,1213387
9330; 0,0625; 0,0625; 183,97826086956522; 0,12103834
9331; 0,0625; 0,0625; 184,2391304347826; 0,121209964
9332; 0,0625; 0,0625; 184,1086956521739; 0,121124156
9333; 0,0625; 0,0625; 182,2391304347826; 0,11989416
9334; 0,0625; 0,0625; 183,82608695652175; 0,12093822
9335; 0,0625; 0,0625; 184,02173913043478; 0,12106694
9336; 0,0625; 0,0625; 183,82608695652175; 0,12093824
9337; 0,0625; 0,0625; 183,84782608695653; 0,12095253
9338; 0,0625; 0,0625; 181,56521739130434; 0,11945081
9339; 0,0625; 0,0625; 183,7173913043478; 0,12086673
9340; 0,0625; 0,0625; 184,06521739130434; 0,12109555
9341; 0,0625; 0,0625; 185,34782608695653; 0,12193939
9342; 0,0625; 0,0625; 184,17391304347825; 0,121167056
9343; 0,0625; 0,0625; 183,34782608695653; 0,12062358
9344; 0,0625; 0,0625; 184,2826086956522; 0,121238574
9345; 0,0625; 0,0625; 184,30434782608697; 0,12125288
9346; 0,0625; 0,0625; 183,97826086956522; 0,12103834
9347; 0,0625; 0,0625; 184,08695652173913; 0,121109836
9348; 0,0625; 0,0625; 183,80434782608697; 0,12092392
9349; 0,0625; 0,0625; 185,41304347826087; 0,12198228
9350; 0,0625; 0,0625; 184,97826086956522; 0,12169623
9351; 0,0625; 0,0625; 180,6086956521739; 0,11882152
9352; 0,0625; 0,0625; 184,6086956521739; 0,12145311
9353; 0,0625; 0,0625; 183,6304347826087; 0,1208095
9354; 0,0625; 0,0625; 184,15217391304347; 0,12115274
9355; 0,0625; 0,0625; 183,69565217391303; 0,12085242
9356; 0,0625; 0,0625; 184,08695652173913; 0,12110986
9357; 0,0625; 0,0625; 182,2826086956522; 0,11992278
9358; 0,0625; 0,0625; 183,91304347826087; 0,12099544
9359; 0,0625; 0,0625; 182,93478260869566; 0,12035185
9360; 0,0625; 0,0625; 183,8913043478261; 0,12098114
9361; 0,0625; 0,0625; 183,2173913043478; 0,120537765
9362; 0,0625; 0,0625; 184,17391304347825; 0,12116707
9363; 0,0625; 0,0625; 184,2608695652174; 0,12122427
9364; 0,0625; 0,0625; 183,54347826086956; 0,12075229
9365; 0,0625; 0,0625; 184,6086956521739; 0,1214531
9366; 0,0625; 0,0625; 184,54347826086956; 0,121410206
9367; 0,0625; 0,0625; 184,52173913043478; 0,1213959
9368; 0,0625; 0,0625; 184,82608695652175; 0,12159613
9369; 0,0625; 0,0625; 183,6086956521739; 0,12079522
9370; 0,0625; 0,0625; 182,7608695652174; 0,12023745
9371; 0,0625; 0,0625; 183,91304347826087; 0,12099542
9372; 0,0625; 0,0625; 182,95652173913044; 0,120366156
9373; 0,0625; 0,0625; 184,30434782608697; 0,12125288
9374; 0,0625; 0,0625; 183,95652173913044; 0,121024035
9375; 0,0625; 0,0625; 183,7826086956522; 0,12090962
9376; 0,0625; 0,0625; 182,8695652173913; 0,12030895
9377; 0,0625; 0,0625; 182,7826086956522; 0,12025174
9378; 0,0625; 0,0625; 184,2391304347826; 0,12120999
9379; 0,0625; 0,0625; 185,17391304347825; 0,12182497
9380; 0,0625; 0,0625; 184,45652173913044; 0,121352986
9381; 0,0625; 0,0625; 183,32608695652175; 0,12060928
9382; 0,0625; 0,0625; 181,30434782608697; 0,11927919
9383; 0,0625; 0,0625; 184,1304347826087; 0,121138446
9384; 0,0625; 0,0625; 184,1304347826087; 0,12113847
9385; 0,0625; 0,0625; 184,30434782608697; 0,12125288
9386; 0,0625; 0,0625; 184,34782608695653; 0,12128148
9387; 0,0625; 0,0625; 183,5; 0,12072368
9388; 0,0625; 0,0625; 184,02173913043478; 0,12106695
9389; 0,0625; 0,0625; 184,5; 0,12138158
9390; 0,0625; 0,0625; 183,7173913043478; 0,12086673
9391; 0,0625; 0,0625; 182,91304347826087; 0,120337546
9392; 0,0625; 0,0625; 183,80434782608697; 0,120923914
9393; 0,0625; 0,0625; 185,41304347826087; 0,121982284
9394; 0,0625; 0,0625; 182,8913043478261; 0,12032323
9395; 0,0625; 0,0625; 182,6086956521739; 0,12013732
9396; 0,0625; 0,0625; 182,2826086956522; 0,11992278
9397; 0,0625; 0,0625; 181,95652173913044; 0,11970825
9398; 0,0625; 0,0625; 183,91304347826087; 0,12099545
9399; 0,0625; 0,0625; 184,1086956521739; 0,121124156
9400; 0,0625; 0,0625; 183,8913043478261; 0,120981134
9401; 0,0625; 0,0625; 183,82608695652175; 0,12093823
9402; 0,0625; 0,0625; 182,97826086956522; 0,12038046
9403; 0,0625; 0,0625; 181,30434782608697; 0,119279176
9404; 0,0625; 0,0625; 180,7391304347826; 0,11890735
9405; 0,0625; 0,0625; 183,1304347826087; 0,12048057
9406; 0,0625; 0,0625; 183,95652173913044; 0,12102403
9407; 0,0625; 0,0625; 184,6304347826087; 0,121467404
9408; 0,0625; 0,0625; 181,8695652173913; 0,11965105
9409; 0,0625; 0,0625; 184,08695652173913; 0,12110986
9410; 0,0625; 0,0625; 182,5; 0,120065816
9411; 0,0625; 0,0625; 183,15217391304347; 0,12049487
9412; 0,0625; 0,0625; 184,1304347826087; 0,12113847
9413; 0,0625; 0,0625; 182,84782608695653; 0,120294616
9414; 0,0625; 0,0625; 184,65217391304347; 0,12148171
9415; 0,0625; 0,0625; 183,8913043478261; 0,120981134
9416; 0,0625; 0,0625; 184,1086956521739; 0,121124156
9417; 0,0625; 0,0625; 181,43478260869566; 0,119364984
9418; 0,0625; 0,0625; 184,19565217391303; 0,12118138
9419; 0,0625; 0,0625; 183,67391304347825; 0,120838106
9420; 0,0625; 0,0625; 184,17391304347825; 0,121167056
9421; 0,0625; 0,0625; 183,8695652173913; 0,12096684
9422; 0,0625; 0,0625; 183,93478260869566; 0,12100973
9423; 0,0625; 0,0625; 183,91304347826087; 0,12099545
9424; 0,0625; 0,0625; 183,93478260869566; 0,12100975
9425; 0,0625; 0,0625; 184,7173913043478; 0,121524625
9426; 0,0625; 0,0625; 183,06521739130434; 0,12043767
9427; 0,0625; 0,0625; 183,43478260869566; 0,12068078
9428; 0,0625; 0,0625; 183,95652173913044; 0,12102403
9429; 0,0625; 0,0625; 183,47826086956522; 0,1207094
9430; 0,0625; 0,0625; 182,34782608695653; 0,11996569
9431; 0,0625; 0,0625; 183,93478260869566; 0,121009745
9432; 0,0625; 0,0625; 183,67391304347825; 0,120838106
9433; 0,0625; 0,0625; 182,56521739130434; 0,1201087
9434; 0,0625; 0,0625; 184,8695652173913; 0,121624716
9435; 0,0625; 0,0625; 183,34782608695653; 0,120623566
9436; 0,0625; 0,0625; 183,56521739130434; 0,120766595
9437; 0,0625; 0,0625; 183,95652173913044; 0,12102405
9438; 0,0625; 0,0625; 184,1304347826087; 0,12113847
9439; 0,0625; 0,0625; 184,17391304347825; 0,121167056
9440; 0,0625; 0,0625; 184,3695652173913; 0,12129579
9441; 0,0625; 0,0625; 184,2608695652174; 0,12122426
9442; 0,0625; 0,0625; 184,15217391304347; 0,12115277
9443; 0,0625; 0,0625; 182,97826086956522; 0,12038045
9444; 0,0625; 0,0625; 184,15217391304347; 0,121152766
9445; 0,0625; 0,0625; 183,91304347826087; 0,12099544
9446; 0,0625; 0,0625; 184,3913043478261; 0,12131009
9447; 0,0625; 0,0625; 182,41304347826087; 0,1200086
9448; 0,0625; 0,0625; 183,69565217391303; 0,120852426
9449; 0,0625; 0,0625; 183,2608695652174; 0,12056636
9450; 0,0625; 0,0625; 183,91304347826087; 0,12099544
9451; 0,0625; 0,0625; 184,2391304347826; 0,121209964
9452; 0,0625; 0,0625; 183,6086956521739; 0,120795205
9453; 0,0625; 0,0625; 183,58695652173913; 0,120780915
9454; 0,0625; 0,0625; 184,3913043478261; 0,12131009
9455; 0,0625; 0,0625; 184,02173913043478; 0,121066965
9456; 0,0625; 0,0625; 181,7391304347826; 0,119565226
9457; 0,0625; 0,0625; 182,8695652173913; 0,12030896
9458; 0,0625; 0,0625; 183,69565217391303; 0,12085242
9459; 0,0625; 0,0625; 185,0; 0,12171054
9460; 0,0625; 0,0625; 184,15217391304347; 0,121152766
9461; 0,0625; 0,0625; 183,7173913043478; 0,120866716
9462; 0,0625; 0,0625; 182,84782608695653; 0,12029463
9463; 0,0625; 0,0625; 184,84782608695653; 0,12161041
9464; 0,0625; 0,0625; 184,02173913043478; 0,12106695
9465; 0,0625; 0,0625; 182,52173913043478; 0,120080106
9466; 0,0625; 0,0625; 183,6304347826087; 0,12080951
9467; 0,0625; 0,0625; 182,84782608695653; 0,120294645
9468; 0,0625; 0,0625; 184,69565217391303; 0,12151032
9469; 0,0625; 0,0625; 184,2173913043478; 0,12119567
9470; 0,0625; 0,0625; 184,95652173913044; 0,121681936
9471; 0,0625; 0,0625; 184,56521739130434; 0,121424496
9472; 0,0625; 0,0625; 183,95652173913044; 0,12102405
9473; 0,0625; 0,0625; 184,02173913043478; 0,12106695
9474; 0,0625; 0,0625; 184,02173913043478; 0,12106694
9475; 0,0625; 0,0625; 184,3913043478261; 0,12131009
9476; 0,0625; 0,0625; 183,2173913043478; 0,12053778
9477; 0,0625; 0,0625; 183,34782608695653; 0,12062358
9478; 0,0625; 0,0625; 184,3913043478261; 0,12131008
9479; 0,0625; 0,0625; 183,1304347826087; 0,120480545
9480; 0,0625; 0,0625; 183,7173913043478; 0,1208667
9481; 0,0625; 0,0625; 183,7391304347826; 0,12088102
9482; 0,0625; 0,0625; 183,82608695652175; 0,12093823
9483; 0,0625; 0,0625; 185,19565217391303; 0,12183926
9484; 0,0625; 0,0625; 184,7173913043478; 0,12152462
9485; 0,0625; 0,0625; 184,52173913043478; 0,1213959
9486; 0,0625; 0,0625; 185,45652173913044; 0,12201087
9487; 0,0625; 0,0625; 183,06521739130434; 0,12043767
9488; 0,0625; 0,0625; 183,84782608695653; 0,120952524
9489; 0,0625; 0,0625; 181,8695652173913; 0,11965105
9490; 0,0625; 0,0625; 181,1304347826087; 0,119164765
9491; 0,0625; 0,0625; 183,43478260869566; 0,1206808
9492; 0,0625; 0,0625; 183,8695652173913; 0,12096683
9493; 0,0625; 0,0625; 183,84782608695653; 0,12095253
9494; 0,0625; 0,0625; 184,15217391304347; 0,121152766
9495; 0,0625; 0,0625; 184,1304347826087; 0,12113846
9496; 0,0625; 0,0625; 183,54347826086956; 0,12075231
9497; 0,0625; 0,0625; 183,91304347826087; 0,12099542
9498; 0,0625; 0,0625; 184,02173913043478; 0,12106694
9499; 0,0625; 0,0625; 182,54347826086956; 0,120094426
9500; 0,0625; 0,0625; 183,84782608695653; 0,120952524
9501; 0,0625; 0,0625; 184,47826086956522; 0,121367276
9502; 0,0625; 0,0625; 183,8913043478261; 0,12098112
9503; 0,0625; 0,0625; 184,2173913043478; 0,12119566
9504; 0,0625; 0,0625; 182,45652173913044; 0,12003719
9505; 0,0625; 0,0625; 182,7826086956522; 0,12025173
9506; 0,0625; 0,0625; 183,93478260869566; 0,12100975
9507; 0,0625; 0,0625; 184,2391304347826; 0,121209964
9508; 0,0625; 0,0625; 183,6304347826087; 0,12080951
9509; 0,0625; 0,0625; 180,7826086956522; 0,11893596
9510; 0,0625; 0,0625; 182,6304347826087; 0,12015162
9511; 0,0625; 0,0625; 183,04347826086956; 0,12042337
9512; 0,0625; 0,0625; 181,7608695652174; 0,11957953
9513; 0,0625; 0,0625; 183,54347826086956; 0,12075231
9514; 0,0625; 0,0625; 183,95652173913044; 0,12102403
9515; 0,0625; 0,0625; 182,8695652173913; 0,12030893
9516; 0,0625; 0,0625; 184,47826086956522; 0,12136729
9517; 0,0625; 0,0625; 182,7173913043478; 0,12020884
9518; 0,0625; 0,0625; 183,2608695652174; 0,120566376
9519; 0,0625; 0,0625; 183,54347826086956; 0,120752305
9520; 0,0625; 0,0625; 182,5; 0,1200658
9521; 0,0625; 0,0625; 184,2826086956522; 0,12123858
9522; 0,0625; 0,0625; 183,82608695652175; 0,12093824
9523; 0,0625; 0,0625; 183,7826086956522; 0,12090963
9524; 0,0625; 0,0625; 183,02173913043478; 0,12040906
9525; 0,0625; 0,0625; 184,45652173913044; 0,121352986
9526; 0,0625; 0,0625; 184,02173913043478; 0,12106694
9527; 0,0625; 0,0625; 183,8913043478261; 0,12098112
9528; 0,0625; 0,0625; 184,0; 0,121052645
9529; 0,0625; 0,0625; 182,82608695652175; 0,12028034
9530; 0,0625; 0,0625; 184,5; 0,1213816
9531; 0,0625; 0,0625; 184,3695652173913; 0,12129577
9532; 0,0625; 0,0625; 182,97826086956522; 0,12038045
9533; 0,0625; 0,0625; 183,58695652173913; 0,12078089
9534; 0,0625; 0,0625; 184,65217391304347; 0,12148171
9535; 0,0625; 0,0625; 183,17391304347825; 0,12050917
9536; 0,0625; 0,0625; 184,17391304347825; 0,121167056
9537; 0,0625; 0,0625; 182,06521739130434; 0,11977974
9538; 0,0625; 0,0625; 180,45652173913044; 0,118721426
9539; 0,0625; 0,0625; 183,52173913043478; 0,120737985
9540; 0,0625; 0,0625; 183,69565217391303; 0,120852426
9541; 0,0625; 0,0625; 183,2608695652174; 0,120566376
9542; 0,0625; 0,0625; 185,2826086956522; 0,12189646
9543; 0,0625; 0,0625; 183,3695652173913; 0,1206379
9544; 0,0625; 0,0625; 182,7826086956522; 0,12025174
9545; 0,0625; 0,0625; 184,41304347826087; 0,12132438
9546; 0,0625; 0,0625; 184,34782608695653; 0,12128148
9547; 0,0625; 0,0625; 181,43478260869566; 0,11936501
9548; 0,0625; 0,0625; 185,17391304347825; 0,12182497
9549; 0,0625; 0,0625; 184,2173913043478; 0,12119567
9550; 0,0625; 0,0625; 184,84782608695653; 0,12161043
9551; 0,0625; 0,0625; 182,91304347826087; 0,12033754
9552; 0,0625; 0,0625; 183,15217391304347; 0,12049487
9553; 0,0625; 0,0625; 181,1086956521739; 0,11915048
9554; 0,0625; 0,0625; 182,17391304347825; 0,11985128
9555; 0,0625; 0,0625; 184,67391304347825; 0,121496014
9556; 0,0625; 0,0625; 184,32608695652175; 0,12126718
9557; 0,0625; 0,0625; 184,0; 0,12105264
9558; 0,0625; 0,0625; 184,84782608695653; 0,121610425
9559; 0,0625; 0,0625; 182,84782608695653; 0,120294645
9560; 0,0625; 0,0625; 183,19565217391303; 0,12052348
9561; 0,0625; 0,0625; 183,7173913043478; 0,12086673
9562; 0,0625; 0,0625; 184,2391304347826; 0,121209964
9563; 0,0625; 0,0625; 184,08695652173913; 0,12110986
9564; 0,0625; 0,0625; 184,3913043478261; 0,12131009
9565; 0,0625; 0,0625; 184,08695652173913; 0,12110986
9566; 0,0625; 0,0625; 182,19565217391303; 0,119865574
9567; 0,0625; 0,0625; 183,95652173913044; 0,12102405
9568; 0,0625; 0,0625; 184,41304347826087; 0,1213244
9569; 0,0625; 0,0625; 184,19565217391303; 0,12118136
9570; 0,0625; 0,0625; 184,2391304347826; 0,121209964
9571; 0,0625; 0,0625; 181,19565217391303; 0,119207695
9572; 0,0625; 0,0625; 183,8913043478261; 0,12098114
9573; 0,0625; 0,0625; 182,08695652173913; 0,11979407
9574; 0,0625; 0,0625; 183,6304347826087; 0,1208095
9575; 0,0625; 0,0625; 182,5; 0,12006579
9576; 0,0625; 0,0625; 183,97826086956522; 0,12103834
9577; 0,0625; 0,0625; 182,34782608695653; 0,119965695
9578; 0,0625; 0,0625; 183,80434782608697; 0,12092394
9579; 0,0625; 0,0625; 184,6086956521739; 0,1214531
9580; 0,0625; 0,0625; 183,58695652173913; 0,120780915
9581; 0,0625; 0,0625; 183,3695652173913; 0,12063789
9582; 0,0625; 0,0625; 183,97826086956522; 0,121038355
9583; 0,0625; 0,0625; 184,2826086956522; 0,12123858
9584; 0,0625; 0,0625; 181,06521739130434; 0,119121864
9585; 0,0625; 0,0625; 182,3913043478261; 0,11999429
9586; 0,0625; 0,0625; 182,2391304347826; 0,11989419
9587; 0,0625; 0,0625; 182,80434782608697; 0,12026604
9588; 0,0625; 0,0625; 183,8695652173913; 0,12096685
9589; 0,0625; 0,0625; 183,54347826086956; 0,120752305
9590; 0,0625; 0,0625; 184,30434782608697; 0,12125288
9591; 0,0625; 0,0625; 184,43478260869566; 0,12133868
9592; 0,0625; 0,0625; 182,8913043478261; 0,12032323
9593; 0,0625; 0,0625; 184,41304347826087; 0,1213244
9594; 0,0625; 0,0625; 183,2608695652174; 0,120566376
9595; 0,0625; 0,0625; 184,67391304347825; 0,121496014
9596; 0,0625; 0,0625; 184,47826086956522; 0,1213673
9597; 0,0625; 0,0625; 183,82608695652175; 0,12093823
9598; 0,0625; 0,0625; 184,54347826086956; 0,12141018
9599; 0,0625; 0,0625; 183,1304347826087; 0,12048056
9600; 0,0625; 0,0625; 184,47826086956522; 0,1213673
9601; 0,0625; 0,0625; 184,06521739130434; 0,121095546
9602; 0,0625; 0,0625; 185,2608695652174; 0,12188217
9603; 0,0625; 0,0625; 184,06521739130434; 0,12109556
9604; 0,0625; 0,0625; 184,17391304347825; 0,12116707
9605; 0,0625; 0,0625; 183,84782608695653; 0,120952524
9606; 0,0625; 0,0625; 183,32608695652175; 0,120609276
9607; 0,0625; 0,0625; 182,8695652173913; 0,12030895
9608; 0,0625; 0,0625; 185,1086956521739; 0,12178206
9609; 0,0625; 0,0625; 183,54347826086956; 0,12075229
9610; 0,0625; 0,0625; 184,82608695652175; 0,121596105
9611; 0,0625; 0,0625; 184,84782608695653; 0,121610425
9612; 0,0625; 0,0625; 183,6304347826087; 0,12080951
9613; 0,0625; 0,0625; 184,45652173913044; 0,12135299
9614; 0,0625; 0,0625; 184,02173913043478; 0,12106694
9615; 0,0625; 0,0625; 184,3695652173913; 0,12129579
9616; 0,0625; 0,0625; 183,19565217391303; 0,12052346
9617; 0,0625; 0,0625; 182,1304347826087; 0,119822666
9618; 0,0625; 0,0625; 184,06521739130434; 0,12109555
9619; 0,0625; 0,0625; 184,43478260869566; 0,12133869
9620; 0,0625; 0,0625; 184,69565217391303; 0,12151031
9621; 0,0625; 0,0625; 183,95652173913044; 0,12102405
9622; 0,0625; 0,0625; 184,0; 0,121052645
9623; 0,0625; 0,0625; 185,34782608695653; 0,12193937
9624; 0,0625; 0,0625; 183,8695652173913; 0,12096683
9625; 0,0625; 0,0625; 184,6304347826087; 0,121467404
9626; 0,0625; 0,0625; 184,95652173913044; 0,12168192
9627; 0,0625; 0,0625; 184,15217391304347; 0,121152766
9628; 0,0625; 0,0625; 183,41304347826087; 0,1206665
9629; 0,0625; 0,0625; 182,30434782608697; 0,119937085
9630; 0,0625; 0,0625; 185,04347826086956; 0,12173915
9631; 0,0625; 0,0625; 181,7173913043478; 0,119550936
9632; 0,0625; 0,0625; 182,47826086956522; 0,120051496
9633; 0,0625; 0,0625; 184,0; 0,12105264
9634; 0,0625; 0,0625; 184,30434782608697; 0,12125287
9635; 0,0625; 0,0625; 183,6086956521739; 0,1207952
9636; 0,0625; 0,0625; 184,54347826086956; 0,12141021
9637; 0,0625; 0,0625; 182,7826086956522; 0,120251715
9638; 0,0625; 0,0625; 183,67391304347825; 0,12083812
9639; 0,0625; 0,0625; 185,58695652173913; 0,1220967
9640; 0,0625; 0,0625; 182,47826086956522; 0,120051496
9641; 0,0625; 0,0625; 183,1304347826087; 0,12048058
9642; 0,0625; 0,0625; 183,2826086956522; 0,12058068
9643; 0,0625; 0,0625; 182,82608695652175; 0,12028032
9644; 0,0625; 0,0625; 183,7826086956522; 0,12090964
9645; 0,0625; 0,0625; 184,2173913043478; 0,12119566
9646; 0,0625; 0,0625; 182,7826086956522; 0,12025175
9647; 0,0625; 0,0625; 180,93478260869566; 0,119036056
9648; 0,0625; 0,0625; 184,7608695652174; 0,12155321
9649; 0,0625; 0,0625; 183,84782608695653; 0,12095253
9650; 0,0625; 0,0625; 182,5; 0,120065816
9651; 0,0625; 0,0625; 181,91304347826087; 0,119679645
9652; 0,0625; 0,0625; 183,6304347826087; 0,12080951
9653; 0,0625; 0,0625; 184,67391304347825; 0,121496014
9654; 0,0625; 0,0625; 182,80434782608697; 0,12026601
9655; 0,0625; 0,0625; 183,93478260869566; 0,121009745
9656; 0,0625; 0,0625; 184,1304347826087; 0,12113846
9657; 0,0625; 0,0625; 184,47826086956522; 0,121367276
9658; 0,0625; 0,0625; 183,7826086956522; 0,12090964
9659; 0,0625; 0,0625; 185,04347826086956; 0,12173914
9660; 0,0625; 0,0625; 184,1086956521739; 0,12112414
9661; 0,0625; 0,0625; 183,7391304347826; 0,12088103
9662; 0,0625; 0,0625; 183,3913043478261; 0,12065218
9663; 0,0625; 0,0625; 184,7391304347826; 0,12153891
9664; 0,0625; 0,0625; 182,97826086956522; 0,120380454
9665; 0,0625; 0,0625; 183,67391304347825; 0,12083811
9666; 0,0625; 0,0625; 183,8695652173913; 0,12096684
9667; 0,0625; 0,0625; 183,7173913043478; 0,120866716
9668; 0,0625; 0,0625; 183,3913043478261; 0,1206522
9669; 0,0625; 0,0625; 183,56521739130434; 0,12076662
9670; 0,0625; 0,0625; 182,06521739130434; 0,11977974
9671; 0,0625; 0,0625; 183,5; 0,1207237
9672; 0,0625; 0,0625; 184,15217391304347; 0,121152766
9673; 0,0625; 0,0625; 183,3695652173913; 0,12063789
9674; 0,0625; 0,0625; 184,6304347826087; 0,12146741
9675; 0,0625; 0,0625; 182,7391304347826; 0,12022313
9676; 0,0625; 0,0625; 182,3913043478261; 0,119994305
9677; 0,0625; 0,0625; 185,08695652173913; 0,12176775
9678; 0,0625; 0,0625; 182,7391304347826; 0,12022314
9679; 0,0625; 0,0625; 183,69565217391303; 0,12085242
9680; 0,0625; 0,0625; 184,2173913043478; 0,12119567
9681; 0,0625; 0,0625; 181,19565217391303; 0,11920768
9682; 0,0625; 0,0625; 183,91304347826087; 0,120995425
9683; 0,0625; 0,0625; 184,34782608695653; 0,12128149
9684; 0,0625; 0,0625; 183,84782608695653; 0,12095253
9685; 0,0625; 0,0625; 184,67391304347825; 0,12149599
9686; 0,0625; 0,0625; 182,34782608695653; 0,11996569
9687; 0,0625; 0,0625; 184,8913043478261; 0,121639036
9688; 0,0625; 0,0625; 184,1086956521739; 0,12112416
9689; 0,0625; 0,0625; 183,19565217391303; 0,120523445
9690; 0,0625; 0,0625; 182,0; 0,119736865
9691; 0,0625; 0,0625; 184,41304347826087; 0,12132438
9692; 0,0625; 0,0625; 184,19565217391303; 0,12118138
9693; 0,0625; 0,0625; 183,82608695652175; 0,12093822
9694; 0,0625; 0,0625; 183,08695652173913; 0,12045196
9695; 0,0625; 0,0625; 183,1304347826087; 0,12048056
9696; 0,0625; 0,0625; 184,41304347826087; 0,121324375
9697; 0,0625; 0,0625; 182,95652173913044; 0,120366156
9698; 0,0625; 0,0625; 185,30434782608697; 0,121910766
9699; 0,0625; 0,0625; 182,95652173913044; 0,12036617
9700; 0,0625; 0,0625; 183,15217391304347; 0,12049487
9701; 0,0625; 0,0625; 184,1086956521739; 0,12112414
9702; 0,0625; 0,0625; 183,58695652173913; 0,1207809
9703; 0,0625; 0,0625; 184,1086956521739; 0,12112414
9704; 0,0625; 0,0625; 184,41304347826087; 0,121324375
9705; 0,0625; 0,0625; 183,2826086956522; 0,12058068
9706; 0,0625; 0,0625; 183,06521739130434; 0,120437644
9707; 0,0625; 0,0625; 181,95652173913044; 0,11970825
9708; 0,0625; 0,0625; 184,2826086956522; 0,121238574
9709; 0,0625; 0,0625; 183,8695652173913; 0,12096684
9710; 0,0625; 0,0625; 182,2826086956522; 0,11992277
9711; 0,0625; 0,0625; 183,30434782608697; 0,12059498
9712; 0,0625; 0,0625; 183,80434782608697; 0,120923944
9713; 0,0625; 0,0625; 184,32608695652175; 0,121267185
9714; 0,0625; 0,0625; 183,84782608695653; 0,12095255
9715; 0,0625; 0,0625; 183,84782608695653; 0,12095251
9716; 0,0625; 0,0625; 183,65217391304347; 0,12082383
9717; 0,0625; 0,0625; 184,3913043478261; 0,12131009
9718; 0,0625; 0,0625; 184,1086956521739; 0,121124156
9719; 0,0625; 0,0625; 184,1304347826087; 0,12113847
9720; 0,0625; 0,0625; 184,04347826086956; 0,121081255
9721; 0,0625; 0,0625; 184,93478260869566; 0,121667646
9722; 0,0625; 0,0625; 184,58695652173913; 0,1214388
9723; 0,0625; 0,0625; 184,3695652173913; 0,12129579
9724; 0,0625; 0,0625; 184,02173913043478; 0,12106695
9725; 0,0625; 0,0625; 183,1304347826087; 0,12048056
9726; 0,0625; 0,0625; 184,2391304347826; 0,12120997
9727; 0,0625; 0,0625; 183,6086956521739; 0,12079522
9728; 0,0625; 0,0625; 185,06521739130434; 0,12175346
9729; 0,0625; 0,0625; 183,69565217391303; 0,12085242
9730; 0,0625; 0,0625; 183,82608695652175; 0,12093822
9731; 0,0625; 0,0625; 180,80434782608697; 0,11895024
9732; 0,0625; 0,0625; 183,43478260869566; 0,12068079
9733; 0,0625; 0,0625; 182,7608695652174; 0,12023743
9734; 0,0625; 0,0625; 184,6086956521739; 0,1214531
9735; 0,0625; 0,0625; 182,54347826086956; 0,12009441
9736; 0,0625; 0,0625; 183,54347826086956; 0,120752305
9737; 0,0625; 0,0625; 182,1086956521739; 0,11980836
9738; 0,0625; 0,0625; 182,43478260869566; 0,1200229
9739; 0,0625; 0,0625; 184,02173913043478; 0,12106694
9740; 0,0625; 0,0625; 183,69565217391303; 0,12085241
9741; 0,0625; 0,0625; 183,3913043478261; 0,1206522
9742; 0,0625; 0,0625; 184,69565217391303; 0,1215103
9743; 0,0625; 0,0625; 184,6086956521739; 0,12145311
9744; 0,0625; 0,0625; 184,5; 0,1213816
9745; 0,0625; 0,0625; 184,84782608695653; 0,121610425
9746; 0,0625; 0,0625; 184,19565217391303; 0,12118138
9747; 0,0625; 0,0625; 183,08695652173913; 0,12045196
9748; 0,0625; 0,0625; 184,93478260869566; 0,121667616
9749; 0,0625; 0,0625; 184,1086956521739; 0,12112416
9750; 0,0625; 0,0625; 184,5; 0,1213816
9751; 0,0625; 0,0625; 184,54347826086956; 0,121410206
9752; 0,0625; 0,0625; 184,19565217391303; 0,12118138
9753; 0,0625; 0,0625; 184,34782608695653; 0,12128147
9754; 0,0625; 0,0625; 182,97826086956522; 0,12038045
9755; 0,0625; 0,0625; 183,04347826086956; 0,12042335
9756; 0,0625; 0,0625; 183,7608695652174; 0,12089531
9757; 0,0625; 0,0625; 184,41304347826087; 0,1213244
9758; 0,0625; 0,0625; 184,43478260869566; 0,12133868
9759; 0,0625; 0,0625; 182,3913043478261; 0,11999429
9760; 0,0625; 0,0625; 184,56521739130434; 0,12142449
9761; 0,0625; 0,0625; 184,93478260869566; 0,12166762
9762; 0,0625; 0,0625; 183,6086956521739; 0,1207952
9763; 0,0625; 0,0625; 183,97826086956522; 0,121038355
9764; 0,0625; 0,0625; 183,52173913043478; 0,120738
9765; 0,0625; 0,0625; 183,84782608695653; 0,12095255
9766; 0,0625; 0,0625; 184,02173913043478; 0,121066935
9767; 0,0625; 0,0625; 185,06521739130434; 0,121753454
9768; 0,0625; 0,0625; 183,7391304347826; 0,12088103
9769; 0,0625; 0,0625; 182,8695652173913; 0,12030895
9770; 0,0625; 0,0625; 182,43478260869566; 0,1200229
9771; 0,0625; 0,0625; 182,7391304347826; 0,12022313
9772; 0,0625; 0,0625; 182,5; 0,1200658
9773; 0,0625; 0,0625; 184,0; 0,121052645
9774; 0,0625; 0,0625; 183,56521739130434; 0,12076662
9775; 0,0625; 0,0625; 183,69565217391303; 0,12085242
9776; 0,0625; 0,0625; 185,04347826086956; 0,12173916
9777; 0,0625; 0,0625; 182,02173913043478; 0,11975117
9778; 0,0625; 0,0625; 184,43478260869566; 0,1213387
9779; 0,0625; 0,0625; 183,93478260869566; 0,12100975
9780; 0,0625; 0,0625; 183,7826086956522; 0,12090961
9781; 0,0625; 0,0625; 181,1304347826087; 0,11916479
9782; 0,0625; 0,0625; 183,8913043478261; 0,12098114
9783; 0,0625; 0,0625; 182,69565217391303; 0,12019452
9784; 0,0625; 0,0625; 183,93478260869566; 0,12100973
9785; 0,0625; 0,0625; 184,08695652173913; 0,12110986
9786; 0,0625; 0,0625; 184,06521739130434; 0,12109555
9787; 0,0625; 0,0625; 183,5; 0,12072372
9788; 0,0625; 0,0625; 183,84782608695653; 0,120952524
9789; 0,0625; 0,0625; 183,80434782608697; 0,12092394
9790; 0,0625; 0,0625; 184,3913043478261; 0,12131008
9791; 0,0625; 0,0625; 184,2173913043478; 0,12119567
9792; 0,0625; 0,0625; 182,58695652173913; 0,12012302
9793; 0,0625; 0,0625; 182,67391304347825; 0,12018021
9794; 0,0625; 0,0625; 184,56521739130434; 0,121424496
9795; 0,0625; 0,0625; 183,2608695652174; 0,120566376
9796; 0,0625; 0,0625; 184,15217391304347; 0,12115277
9797; 0,0625; 0,0625; 184,2173913043478; 0,12119567
9798; 0,0625; 0,0625; 184,06521739130434; 0,121095546
9799; 0,0625; 0,0625; 184,2391304347826; 0,12120997
9800; 0,0625; 0,0625; 182,8913043478261; 0,12032323
9801; 0,0625; 0,0625; 184,45652173913044; 0,12135299
9802; 0,0625; 0,0625; 183,2173913043478; 0,120537765
9803; 0,0625; 0,0625; 184,2391304347826; 0,12120996
9804; 0,0625; 0,0625; 184,30434782608697; 0,12125288
9805; 0,0625; 0,0625; 184,06521739130434; 0,121095546
9806; 0,0625; 0,0625; 183,82608695652175; 0,12093823
9807; 0,0625; 0,0625; 185,0; 0,12171054
9808; 0,0625; 0,0625; 183,15217391304347; 0,12049484
9809; 0,0625; 0,0625; 184,7173913043478; 0,121524625
9810; 0,0625; 0,0625; 182,91304347826087; 0,12033754
9811; 0,0625; 0,0625; 184,34782608695653; 0,12128148
9812; 0,0625; 0,0625; 183,17391304347825; 0,12050917
9813; 0,0625; 0,0625; 184,02173913043478; 0,121066935
9814; 0,0625; 0,0625; 184,04347826086956; 0,12108125
9815; 0,0625; 0,0625; 184,34782608695653; 0,12128149
9816; 0,0625; 0,0625; 184,52173913043478; 0,12139591
9817; 0,0625; 0,0625; 184,06521739130434; 0,12109556
9818; 0,0625; 0,0625; 183,0; 0,12039474
9819; 0,0625; 0,0625; 184,56521739130434; 0,121424496
9820; 0,0625; 0,0625; 183,6304347826087; 0,120809525
9821; 0,0625; 0,0625; 184,06521739130434; 0,12109553
9822; 0,0625; 0,0625; 183,7826086956522; 0,12090963
9823; 0,0625; 0,0625; 184,58695652173913; 0,1214388
9824; 0,0625; 0,0625; 184,52173913043478; 0,121395886
9825; 0,0625; 0,0625; 181,19565217391303; 0,11920768
9826; 0,0625; 0,0625; 183,7826086956522; 0,12090962
9827; 0,0625; 0,0625; 183,67391304347825; 0,12083812
9828; 0,0625; 0,0625; 183,8913043478261; 0,12098114
9829; 0,0625; 0,0625; 184,02173913043478; 0,12106695
9830; 0,0625; 0,0625; 185,43478260869566; 0,12199659
9831; 0,0625; 0,0625; 183,3913043478261; 0,12065218
9832; 0,0625; 0,0625; 184,2608695652174; 0,12122428
9833; 0,0625; 0,0625; 183,8695652173913; 0,12096683
9834; 0,0625; 0,0625; 184,2608695652174; 0,12122427
9835; 0,0625; 0,0625; 183,32608695652175; 0,120609276
9836; 0,0625; 0,0625; 182,5; 0,1200658
9837; 0,0625; 0,0625; 182,7173913043478; 0,12020882
9838; 0,0625; 0,0625; 182,04347826086956; 0,11976546
9839; 0,0625; 0,0625; 184,1086956521739; 0,121124156
9840; 0,0625; 0,0625; 184,41304347826087; 0,1213244
9841; 0,0625; 0,0625; 183,04347826086956; 0,12042336
9842; 0,0625; 0,0625; 182,84782608695653; 0,120294645
9843; 0,0625; 0,0625; 183,34782608695653; 0,12062359
9844; 0,0625; 0,0625; 183,7826086956522; 0,12090962
9845; 0,0625; 0,0625; 183,69565217391303; 0,12085241
9846; 0,0625; 0,0625; 182,91304347826087; 0,120337546
9847; 0,0625; 0,0625; 183,34782608695653; 0,12062359
9848; 0,0625; 0,0625; 184,30434782608697; 0,12125288
9849; 0,0625; 0,0625; 182,95652173913044; 0,12036613
9850; 0,0625; 0,0625; 183,84782608695653; 0,12095253
9851; 0,0625; 0,0625; 182,7608695652174; 0,12023741
9852; 0,0625; 0,0625; 183,41304347826087; 0,1206665
9853; 0,0625; 0,0625; 183,1086956521739; 0,120466255
9854; 0,0625; 0,0625; 184,41304347826087; 0,12132438
9855; 0,0625; 0,0625; 183,67391304347825; 0,120838106
9856; 0,0625; 0,0625; 184,2391304347826; 0,12120996
9857; 0,0625; 0,0625; 184,1086956521739; 0,12112417
9858; 0,0625; 0,0625; 183,2826086956522; 0,120580696
9859; 0,0625; 0,0625; 183,19565217391303; 0,120523475
9860; 0,0625; 0,0625; 184,7391304347826; 0,12153892
9861; 0,0625; 0,0625; 183,84782608695653; 0,12095253
9862; 0,0625; 0,0625; 183,32608695652175; 0,12060928
9863; 0,0625; 0,0625; 183,56521739130434; 0,12076661
9864; 0,0625; 0,0625; 183,6086956521739; 0,120795205
9865; 0,0625; 0,0625; 182,52173913043478; 0,1200801
9866; 0,0625; 0,0625; 184,80434782608697; 0,121581815
9867; 0,0625; 0,0625; 185,45652173913044; 0,12201089
9868; 0,0625; 0,0625; 184,19565217391303; 0,121181354
9869; 0,0625; 0,0625; 182,91304347826087; 0,12033754
9870; 0,0625; 0,0625; 183,3695652173913; 0,120637886
9871; 0,0625; 0,0625; 184,93478260869566; 0,12166763
9872; 0,0625; 0,0625; 184,45652173913044; 0,121352986
9873; 0,0625; 0,0625; 184,06521739130434; 0,121095546
9874; 0,0625; 0,0625; 181,3913043478261; 0,1193364
9875; 0,0625; 0,0625; 183,54347826086956; 0,120752305
9876; 0,0625; 0,0625; 182,58695652173913; 0,120123014
9877; 0,0625; 0,0625; 182,7826086956522; 0,12025174
9878; 0,0625; 0,0625; 184,1086956521739; 0,121124156
9879; 0,0625; 0,0625; 183,91304347826087; 0,12099542
9880; 0,0625; 0,0625; 183,19565217391303; 0,12052346
9881; 0,0625; 0,0625; 183,41304347826087; 0,12066648
9882; 0,0625; 0,0625; 183,45652173913044; 0,12069509
9883; 0,0625; 0,0625; 183,8695652173913; 0,12096684
9884; 0,0625; 0,0625; 185,52173913043478; 0,122053765
9885; 0,0625; 0,0625; 183,97826086956522; 0,121038355
9886; 0,0625; 0,0625; 184,1086956521739; 0,12112416
9887; 0,0625; 0,0625; 184,08695652173913; 0,12110985
9888; 0,0625; 0,0625; 183,1086956521739; 0,12046628
9889; 0,0625; 0,0625; 183,91304347826087; 0,12099544
9890; 0,0625; 0,0625; 184,17391304347825; 0,12116708
9891; 0,0625; 0,0625; 184,93478260869566; 0,12166763
9892; 0,0625; 0,0625; 183,82608695652175; 0,12093823
9893; 0,0625; 0,0625; 182,7608695652174; 0,12023743
9894; 0,0625; 0,0625; 184,15217391304347; 0,12115275
9895; 0,0625; 0,0625; 181,82608695652175; 0,11962245
9896; 0,0625; 0,0625; 184,34782608695653; 0,12128149
9897; 0,0625; 0,0625; 184,34782608695653; 0,12128147
9898; 0,0625; 0,0625; 184,65217391304347; 0,12148171
9899; 0,0625; 0,0625; 183,7173913043478; 0,120866716
9900; 0,0625; 0,0625; 184,30434782608697; 0,12125288
9901; 0,0625; 0,0625; 181,91304347826087; 0,119679645
9902; 0,0625; 0,0625; 184,17391304347825; 0,12116707
9903; 0,0625; 0,0625; 184,45652173913044; 0,121352986
9904; 0,0625; 0,0625; 183,47826086956522; 0,1207094
9905; 0,0625; 0,0625; 184,43478260869566; 0,1213387
9906; 0,0625; 0,0625; 182,7826086956522; 0,12025173
9907; 0,0625; 0,0625; 184,32608695652175; 0,121267185
9908; 0,0625; 0,0625; 184,08695652173913; 0,121109866
9909; 0,0625; 0,0625; 182,69565217391303; 0,12019453
9910; 0,0625; 0,0625; 182,7391304347826; 0,12022313
9911; 0,0625; 0,0625; 182,95652173913044; 0,12036615
9912; 0,0625; 0,0625; 183,58695652173913; 0,12078089
9913; 0,0625; 0,0625; 184,7826086956522; 0,12156751
9914; 0,0625; 0,0625; 184,2608695652174; 0,12122427
9915; 0,0625; 0,0625; 184,7608695652174; 0,121553235
9916; 0,0625; 0,0625; 184,19565217391303; 0,12118138
9917; 0,0625; 0,0625; 184,04347826086956; 0,121081255
9918; 0,0625; 0,0625; 183,8913043478261; 0,120981134
9919; 0,0625; 0,0625; 184,1304347826087; 0,12113846
9920; 0,0625; 0,0625; 182,93478260869566; 0,12035184
9921; 0,0625; 0,0625; 184,2173913043478; 0,12119567
9922; 0,0625; 0,0625; 184,30434782608697; 0,12125287
9923; 0,0625; 0,0625; 184,58695652173913; 0,12143879
9924; 0,0625; 0,0625; 184,08695652173913; 0,121109836
9925; 0,0625; 0,0625; 184,56521739130434; 0,121424496
9926; 0,0625; 0,0625; 184,2826086956522; 0,12123857
9927; 0,0625; 0,0625; 183,8913043478261; 0,12098114
9928; 0,0625; 0,0625; 184,7173913043478; 0,12152462
9929; 0,0625; 0,0625; 181,2826086956522; 0,11926489
9930; 0,0625; 0,0625; 183,6304347826087; 0,1208095
9931; 0,0625; 0,0625; 184,95652173913044; 0,121681936
9932; 0,0625; 0,0625; 183,82608695652175; 0,12093824
9933; 0,0625; 0,0625; 184,02173913043478; 0,12106695
9934; 0,0625; 0,0625; 183,80434782608697; 0,120923914
9935; 0,0625; 0,0625; 183,80434782608697; 0,12092392
9936; 0,0625; 0,0625; 182,95652173913044; 0,12036613
9937; 0,0625; 0,0625; 183,41304347826087; 0,1206665
9938; 0,0625; 0,0625; 184,47826086956522; 0,121367276
9939; 0,0625; 0,0625; 182,97826086956522; 0,120380454
9940; 0,0625; 0,0625; 184,17391304347825; 0,121167056
9941; 0,0625; 0,0625; 184,8913043478261; 0,12163904
9942; 0,0625; 0,0625; 184,45652173913044; 0,12135301
9943; 0,0625; 0,0625; 183,04347826086956; 0,12042335
9944; 0,0625; 0,0625; 182,7391304347826; 0,12022313
9945; 0,0625; 0,0625; 184,43478260869566; 0,12133868
9946; 0,0625; 0,0625; 183,2608695652174; 0,120566376
9947; 0,0625; 0,0625; 183,7391304347826; 0,12088102
9948; 0,0625; 0,0625; 183,47826086956522; 0,12070941
9949; 0,0625; 0,0625; 183,80434782608697; 0,12092394
9950; 0,0625; 0,0625; 183,0; 0,12039474
9951; 0,0625; 0,0625; 182,7173913043478; 0,120208815
9952; 0,0625; 0,0625; 184,47826086956522; 0,1213673
9953; 0,0625; 0,0625; 183,58695652173913; 0,120780915
9954; 0,0625; 0,0625; 183,8695652173913; 0,12096684
9955; 0,0625; 0,0625; 183,54347826086956; 0,120752305
9956; 0,0625; 0,0625; 184,1086956521739; 0,12112417
9957; 0,0625; 0,0625; 181,6304347826087; 0,11949373
9958; 0,0625; 0,0625; 183,30434782608697; 0,120594986
9959; 0,0625; 0,0625; 184,7391304347826; 0,12153893
9960; 0,0625; 0,0625; 183,47826086956522; 0,1207094
9961; 0,0625; 0,0625; 184,32608695652175; 0,121267185
9962; 0,0625; 0,0625; 183,34782608695653; 0,12062359
9963; 0,0625; 0,0625; 184,8695652173913; 0,12162473
9964; 0,0625; 0,0625; 183,65217391304347; 0,12082383
9965; 0,0625; 0,0625; 184,93478260869566; 0,121667646
9966; 0,0625; 0,0625; 183,65217391304347; 0,12082383
9967; 0,0625; 0,0625; 182,7173913043478; 0,12020882
9968; 0,0625; 0,0625; 183,0; 0,12039474
9969; 0,0625; 0,0625; 183,80434782608697; 0,12092392
9970; 0,0625; 0,0625; 183,82608695652175; 0,12093823
9971; 0,0625; 0,0625; 184,80434782608697; 0,12158182
9972; 0,0625; 0,0625; 184,65217391304347; 0,12148172
9973; 0,0625; 0,0625; 183,8695652173913; 0,12096684
9974; 0,0625; 0,0625; 182,8913043478261; 0,120323256
9975; 0,0625; 0,0625; 182,80434782608697; 0,120266035
9976; 0,0625; 0,0625; 182,34782608695653; 0,119965695
9977; 0,0625; 0,0625; 184,30434782608697; 0,12125286
9978; 0,0625; 0,0625; 184,04347826086956; 0,121081255
9979; 0,0625; 0,0625; 184,52173913043478; 0,1213959
9980; 0,0625; 0,0625; 184,19565217391303; 0,12118136
9981; 0,0625; 0,0625; 184,0; 0,12105264
9982; 0,0625; 0,0625; 183,93478260869566; 0,12100973
9983; 0,0625; 0,0625; 182,54347826086956; 0,12009441
9984; 0,0625; 0,0625; 184,52173913043478; 0,1213959
9985; 0,0625; 0,0625; 183,47826086956522; 0,12070939
9986; 0,0625; 0,0625; 184,67391304347825; 0,121496014
9987; 0,0625; 0,0625; 183,45652173913044; 0,12069509
9988; 0,0625; 0,0625; 183,47826086956522; 0,12070941
9989; 0,0625; 0,0625; 184,6304347826087; 0,12146741
9990; 0,0625; 0,0625; 185,3913043478261; 0,12196798
9991; 0,0625; 0,0625; 183,95652173913044; 0,12102405
9992; 0,0625; 0,0625; 183,82608695652175; 0,12093823
9993; 0,0625; 0,0625; 184,0; 0,121052645
9994; 0,0625; 0,0625; 184,1304347826087; 0,12113846
9995; 0,0625; 0,0625; 183,6304347826087; 0,1208095
9996; 0,0625; 0,0625; 183,91304347826087; 0,120995425
9997; 0,0625; 0,0625; 183,82608695652175; 0,12093824
9998; 0,0625; 0,0625; 184,06521739130434; 0,12109556
9999; 0,0625; 0,0625; 183,80434782608697; 0,120923914
10000; 0,0625; 0,0625; 182,8913043478261; 0,12032323
