Iteration; Fitness nach Rekombination; Fitness nach Mutation; Anzahl aktiver Knoten; Anteil aktiver Knoten
1; 0,46875; 0,453125; 132,05769230769232; 0,03285018
2; 0,453125; 0,4375; 152,8846153846154; 0,038031
3; 0,4375; 0,421875; 110,03846153846153; 0,02737276
4; 0,421875; 0,390625; 111,5; 0,027736329
5; 0,390625; 0,390625; 111,63461538461539; 0,0277698
6; 0,390625; 0,390625; 113,07692307692308; 0,028128583
7; 0,390625; 0,390625; 113,5576923076923; 0,028248178
8; 0,390625; 0,375; 113,57692307692308; 0,028252961
9; 0,359375; 0,359375; 122,21153846153847; 0,03040087
10; 0,359375; 0,359375; 129,8846153846154; 0,032309588
11; 0,359375; 0,359375; 131,75; 0,03277363
12; 0,359375; 0,34375; 131,96153846153845; 0,032826252
13; 0,34375; 0,34375; 134,84615384615384; 0,033543818
14; 0,34375; 0,34375; 137,51923076923077; 0,03420877
15; 0,34375; 0,34375; 134,73076923076923; 0,03351512
16; 0,34375; 0,34375; 134,94230769230768; 0,03356774
17; 0,34375; 0,328125; 135,40384615384616; 0,033682555
18; 0,328125; 0,328125; 135,78846153846155; 0,033778235
19; 0,328125; 0,328125; 136,30769230769232; 0,0339074
20; 0,328125; 0,328125; 135,6346153846154; 0,03373996
21; 0,328125; 0,328125; 135,15384615384616; 0,03362037
22; 0,328125; 0,328125; 131,6153846153846; 0,03274016
23; 0,328125; 0,328125; 131,96153846153845; 0,032826267
24; 0,328125; 0,328125; 132,23076923076923; 0,03289324
25; 0,328125; 0,328125; 131,80769230769232; 0,032787994
26; 0,328125; 0,328125; 131,07692307692307; 0,03260621
27; 0,328125; 0,328125; 130,67307692307693; 0,032505758
28; 0,328125; 0,3125; 131,96153846153845; 0,03282627
29; 0,3125; 0,3125; 130,8846153846154; 0,032558374
30; 0,3125; 0,3125; 135,8653846153846; 0,03379736
31; 0,3125; 0,296875; 136,51923076923077; 0,03396001
32; 0,296875; 0,296875; 135,96153846153845; 0,033821285
33; 0,296875; 0,28125; 134,8653846153846; 0,033548612
34; 0,28125; 0,28125; 137,90384615384616; 0,034304447
35; 0,28125; 0,28125; 139,05769230769232; 0,034591477
36; 0,28125; 0,28125; 138,82692307692307; 0,03453407
37; 0,28125; 0,28125; 138,94230769230768; 0,03456277
38; 0,28125; 0,28125; 139,1153846153846; 0,034605823
39; 0,28125; 0,265625; 139,44230769230768; 0,034687147
40; 0,265625; 0,265625; 139,67307692307693; 0,03474455
41; 0,265625; 0,265625; 139,92307692307693; 0,034806732
42; 0,265625; 0,265625; 142,26923076923077; 0,035390347
43; 0,265625; 0,265625; 141,03846153846155; 0,035084184
44; 0,265625; 0,265625; 139,25; 0,03463929
45; 0,265625; 0,265625; 140,8846153846154; 0,035045914
46; 0,265625; 0,265625; 142,19230769230768; 0,035371214
47; 0,265625; 0,25; 141,46153846153845; 0,035189435
48; 0,25; 0,25; 141,80769230769232; 0,03527554
49; 0,25; 0,25; 141,59615384615384; 0,03522292
50; 0,25; 0,25; 141,53846153846155; 0,03520857
51; 0,25; 0,25; 144,5; 0,03594527
52; 0,25; 0,25; 143,57692307692307; 0,035715654
53; 0,25; 0,25; 143,8846153846154; 0,035792198
54; 0,25; 0,25; 142,71153846153845; 0,035500385
55; 0,25; 0,25; 141,98076923076923; 0,035318594
56; 0,25; 0,25; 140,69230769230768; 0,034998093
57; 0,25; 0,25; 138,8653846153846; 0,03454363
58; 0,25; 0,25; 142,17307692307693; 0,035366446
59; 0,25; 0,25; 140,32692307692307; 0,034907203
60; 0,25; 0,25; 139,01923076923077; 0,034581903
61; 0,25; 0,25; 140,09615384615384; 0,034849796
62; 0,25; 0,25; 140,48076923076923; 0,034945473
63; 0,25; 0,25; 140,21153846153845; 0,0348785
64; 0,25; 0,25; 137,8653846153846; 0,034294877
65; 0,25; 0,234375; 138,75; 0,03451493
66; 0,234375; 0,234375; 136,3846153846154; 0,033926524
67; 0,234375; 0,234375; 135,09615384615384; 0,033606008
68; 0,234375; 0,234375; 136,15384615384616; 0,03386911
69; 0,234375; 0,234375; 134,05769230769232; 0,03334769
70; 0,234375; 0,234375; 134,51923076923077; 0,033462487
71; 0,234375; 0,234375; 134,67307692307693; 0,033500757
72; 0,234375; 0,234375; 133,8653846153846; 0,03329984
73; 0,234375; 0,234375; 133,69230769230768; 0,033256788
74; 0,234375; 0,234375; 132,82692307692307; 0,033041514
75; 0,234375; 0,234375; 134,6153846153846; 0,033486404
76; 0,234375; 0,234375; 134,53846153846155; 0,033467278
77; 0,234375; 0,234375; 133,84615384615384; 0,033295058
78; 0,234375; 0,234375; 134,84615384615384; 0,03354382
79; 0,234375; 0,234375; 133,65384615384616; 0,03324722
80; 0,234375; 0,234375; 135,19230769230768; 0,03362992
81; 0,234375; 0,234375; 133,55769230769232; 0,0332233
82; 0,234375; 0,234375; 135,3846153846154; 0,033677753
83; 0,234375; 0,234375; 134,94230769230768; 0,03356773
84; 0,234375; 0,234375; 134,42307692307693; 0,03343857
85; 0,234375; 0,234375; 134,90384615384616; 0,033558164
86; 0,234375; 0,234375; 134,23076923076923; 0,033390734
87; 0,234375; 0,234375; 132,23076923076923; 0,032893218
88; 0,234375; 0,234375; 133,8846153846154; 0,033304628
89; 0,234375; 0,234375; 133,76923076923077; 0,033275925
90; 0,234375; 0,234375; 136,19230769230768; 0,03387868
91; 0,234375; 0,234375; 134,48076923076923; 0,033452924
92; 0,234375; 0,234375; 134,17307692307693; 0,03337638
93; 0,234375; 0,234375; 133,5; 0,033208948
94; 0,234375; 0,234375; 134,53846153846155; 0,033467274
95; 0,234375; 0,234375; 135,59615384615384; 0,03373038
96; 0,234375; 0,21875; 134,15384615384616; 0,033371594
97; 0,21875; 0,21875; 135,73076923076923; 0,033763874
98; 0,21875; 0,203125; 137,05769230769232; 0,03409396
99; 0,203125; 0,203125; 136,25; 0,03389304
100; 0,203125; 0,203125; 138,42307692307693; 0,034433596
101; 0,203125; 0,203125; 137,78846153846155; 0,034275733
102; 0,203125; 0,203125; 137,30769230769232; 0,034156136
103; 0,203125; 0,203125; 136,48076923076923; 0,033950437
104; 0,203125; 0,203125; 138,3653846153846; 0,034419246
105; 0,203125; 0,203125; 136,25; 0,033893038
106; 0,203125; 0,203125; 136,40384615384616; 0,0339313
107; 0,203125; 0,203125; 136,6153846153846; 0,033983923
108; 0,203125; 0,203125; 136,71153846153845; 0,034007844
109; 0,203125; 0,203125; 136,84615384615384; 0,034041334
110; 0,203125; 0,203125; 138,17307692307693; 0,03437141
111; 0,203125; 0,203125; 137,0; 0,034079596
112; 0,203125; 0,203125; 136,6153846153846; 0,033983927
113; 0,203125; 0,203125; 136,8653846153846; 0,034046113
114; 0,203125; 0,203125; 136,1346153846154; 0,033864327
115; 0,203125; 0,203125; 137,92307692307693; 0,034309216
116; 0,203125; 0,203125; 136,19230769230768; 0,033878684
117; 0,203125; 0,203125; 137,17307692307693; 0,034122653
118; 0,203125; 0,203125; 138,09615384615384; 0,034352276
119; 0,203125; 0,203125; 136,46153846153845; 0,033945657
120; 0,203125; 0,203125; 136,44230769230768; 0,033940874
121; 0,203125; 0,203125; 136,76923076923077; 0,034022193
122; 0,203125; 0,203125; 135,94230769230768; 0,033816487
123; 0,203125; 0,203125; 136,05769230769232; 0,033845194
124; 0,203125; 0,203125; 136,05769230769232; 0,033845194
125; 0,203125; 0,203125; 137,07692307692307; 0,03409873
126; 0,203125; 0,203125; 136,51923076923077; 0,03396
127; 0,203125; 0,203125; 136,17307692307693; 0,033873897
128; 0,203125; 0,203125; 137,48076923076923; 0,034199193
129; 0,203125; 0,203125; 136,6346153846154; 0,033988714
130; 0,203125; 0,203125; 136,30769230769232; 0,03390738
131; 0,203125; 0,203125; 138,28846153846155; 0,03440011
132; 0,203125; 0,203125; 135,84615384615384; 0,03379257
133; 0,203125; 0,203125; 136,3653846153846; 0,033921733
134; 0,203125; 0,203125; 136,6346153846154; 0,03398871
135; 0,203125; 0,203125; 136,69230769230768; 0,03400306
136; 0,203125; 0,203125; 137,05769230769232; 0,03409395
137; 0,203125; 0,203125; 137,3653846153846; 0,03417049
138; 0,203125; 0,203125; 136,40384615384616; 0,0339313
139; 0,203125; 0,203125; 136,90384615384616; 0,034055684
140; 0,203125; 0,203125; 137,55769230769232; 0,034218326
141; 0,203125; 0,203125; 135,1153846153846; 0,0336108
142; 0,203125; 0,203125; 136,73076923076923; 0,034012627
143; 0,203125; 0,203125; 137,82692307692307; 0,0342853
144; 0,203125; 0,203125; 139,03846153846155; 0,03458668
145; 0,203125; 0,203125; 137,32692307692307; 0,034160927
146; 0,203125; 0,203125; 136,40384615384616; 0,033931304
147; 0,203125; 0,203125; 136,69230769230768; 0,03400306
148; 0,203125; 0,203125; 136,26923076923077; 0,033897817
149; 0,203125; 0,203125; 136,96153846153845; 0,03407003
150; 0,203125; 0,203125; 137,57692307692307; 0,034223117
151; 0,203125; 0,203125; 137,1153846153846; 0,034108303
152; 0,203125; 0,203125; 137,55769230769232; 0,034218334
153; 0,203125; 0,203125; 136,6153846153846; 0,033983927
154; 0,203125; 0,203125; 136,17307692307693; 0,033873893
155; 0,203125; 0,203125; 135,59615384615384; 0,033730384
156; 0,203125; 0,203125; 136,51923076923077; 0,033960007
157; 0,203125; 0,203125; 137,32692307692307; 0,03416093
158; 0,203125; 0,203125; 136,42307692307693; 0,03393609
159; 0,203125; 0,203125; 136,19230769230768; 0,03387868
160; 0,203125; 0,203125; 138,07692307692307; 0,0343475
161; 0,203125; 0,203125; 136,73076923076923; 0,03401263
162; 0,203125; 0,203125; 137,1153846153846; 0,034108307
163; 0,203125; 0,203125; 135,94230769230768; 0,033816494
164; 0,203125; 0,203125; 139,17307692307693; 0,034620162
165; 0,203125; 0,203125; 136,1153846153846; 0,033859547
166; 0,203125; 0,203125; 136,59615384615384; 0,033979144
167; 0,203125; 0,203125; 137,46153846153845; 0,034194414
168; 0,203125; 0,203125; 135,59615384615384; 0,033730384
169; 0,203125; 0,203125; 137,48076923076923; 0,0341992
170; 0,203125; 0,203125; 137,48076923076923; 0,034199193
171; 0,203125; 0,203125; 136,65384615384616; 0,03399349
172; 0,203125; 0,203125; 136,09615384615384; 0,033854768
173; 0,203125; 0,203125; 137,28846153846155; 0,03415136
174; 0,203125; 0,203125; 136,46153846153845; 0,033945657
175; 0,203125; 0,203125; 136,40384615384616; 0,03393131
176; 0,203125; 0,203125; 137,84615384615384; 0,034290086
177; 0,203125; 0,203125; 136,5; 0,033955224
178; 0,203125; 0,203125; 136,94230769230768; 0,034065247
179; 0,203125; 0,203125; 137,26923076923077; 0,034146573
180; 0,203125; 0,203125; 135,17307692307693; 0,03362514
181; 0,203125; 0,203125; 137,1346153846154; 0,03411309
182; 0,203125; 0,1875; 136,75; 0,03401741
183; 0,1875; 0,1875; 136,42307692307693; 0,033936087
184; 0,1875; 0,1875; 135,53846153846155; 0,033716038
185; 0,1875; 0,1875; 136,32692307692307; 0,033912174
186; 0,1875; 0,1875; 135,44230769230768; 0,033692118
187; 0,1875; 0,1875; 135,07692307692307; 0,03360123
188; 0,1875; 0,1875; 135,23076923076923; 0,033639498
189; 0,1875; 0,1875; 135,09615384615384; 0,033606008
190; 0,1875; 0,1875; 135,53846153846155; 0,033716038
191; 0,1875; 0,1875; 135,44230769230768; 0,033692118
192; 0,1875; 0,1875; 137,1346153846154; 0,034113094
193; 0,1875; 0,1875; 135,3653846153846; 0,03367298
194; 0,1875; 0,1875; 134,76923076923077; 0,033524685
195; 0,1875; 0,1875; 134,28846153846155; 0,03340509
196; 0,1875; 0,1875; 134,92307692307693; 0,033562955
197; 0,1875; 0,1875; 136,17307692307693; 0,0338739
198; 0,1875; 0,1875; 134,84615384615384; 0,03354382
199; 0,1875; 0,1875; 134,46153846153845; 0,033448145
200; 0,1875; 0,171875; 136,40384615384616; 0,0339313
201; 0,171875; 0,171875; 137,17307692307693; 0,034122653
202; 0,171875; 0,171875; 137,25; 0,034141775
203; 0,171875; 0,171875; 134,82692307692307; 0,03353905
204; 0,171875; 0,171875; 135,8653846153846; 0,03379736
205; 0,171875; 0,171875; 135,51923076923077; 0,033711262
206; 0,171875; 0,171875; 137,53846153846155; 0,034213554
207; 0,171875; 0,171875; 136,92307692307693; 0,034060474
208; 0,171875; 0,171875; 135,73076923076923; 0,033763885
209; 0,171875; 0,171875; 138,40384615384616; 0,034428827
210; 0,171875; 0,171875; 136,5; 0,03395523
211; 0,171875; 0,171875; 136,19230769230768; 0,033878688
212; 0,171875; 0,171875; 136,23076923076923; 0,033888258
213; 0,171875; 0,171875; 136,44230769230768; 0,033940874
214; 0,171875; 0,171875; 136,25; 0,03389304
215; 0,171875; 0,171875; 135,90384615384616; 0,033806942
216; 0,171875; 0,171875; 135,96153846153845; 0,03382129
217; 0,171875; 0,171875; 136,0; 0,033830855
218; 0,171875; 0,171875; 138,07692307692307; 0,034347504
219; 0,171875; 0,171875; 135,82692307692307; 0,033787806
220; 0,171875; 0,171875; 137,76923076923077; 0,03427096
221; 0,171875; 0,171875; 136,09615384615384; 0,033854768
222; 0,171875; 0,171875; 135,26923076923077; 0,033649072
223; 0,171875; 0,171875; 136,09615384615384; 0,03385477
224; 0,171875; 0,171875; 135,78846153846155; 0,03377823
225; 0,171875; 0,171875; 136,34615384615384; 0,033916965
226; 0,171875; 0,171875; 136,01923076923077; 0,03383564
227; 0,171875; 0,171875; 135,92307692307693; 0,03381172
228; 0,171875; 0,171875; 135,59615384615384; 0,03373039
229; 0,171875; 0,171875; 136,01923076923077; 0,033835642
230; 0,171875; 0,171875; 136,19230769230768; 0,03387869
231; 0,171875; 0,171875; 135,98076923076923; 0,03382607
232; 0,171875; 0,171875; 135,8846153846154; 0,03380215
233; 0,171875; 0,171875; 135,82692307692307; 0,0337878
234; 0,171875; 0,171875; 136,80769230769232; 0,034031775
235; 0,171875; 0,171875; 138,42307692307693; 0,034433607
236; 0,171875; 0,171875; 135,55769230769232; 0,033720825
237; 0,171875; 0,171875; 136,3653846153846; 0,03392175
238; 0,171875; 0,171875; 136,57692307692307; 0,033974368
239; 0,171875; 0,171875; 136,30769230769232; 0,03390739
240; 0,171875; 0,171875; 135,59615384615384; 0,03373039
241; 0,171875; 0,171875; 138,82692307692307; 0,034534067
242; 0,171875; 0,171875; 136,65384615384616; 0,033993505
243; 0,171875; 0,171875; 136,69230769230768; 0,034003075
244; 0,171875; 0,171875; 135,69230769230768; 0,033754315
245; 0,171875; 0,171875; 135,59615384615384; 0,0337304
246; 0,171875; 0,171875; 137,26923076923077; 0,03414658
247; 0,171875; 0,171875; 135,96153846153845; 0,03382129
248; 0,171875; 0,171875; 136,90384615384616; 0,034055687
249; 0,171875; 0,171875; 137,8846153846154; 0,034299668
250; 0,171875; 0,171875; 135,84615384615384; 0,033792585
251; 0,171875; 0,171875; 136,0; 0,033830855
252; 0,171875; 0,171875; 136,5; 0,03395523
253; 0,171875; 0,15625; 135,75; 0,033768665
254; 0,15625; 0,15625; 136,75; 0,034017425
255; 0,15625; 0,15625; 135,59615384615384; 0,033730395
256; 0,15625; 0,140625; 137,40384615384616; 0,034180067
257; 0,140625; 0,140625; 134,32692307692307; 0,033414662
258; 0,140625; 0,140625; 136,40384615384616; 0,033931315
259; 0,140625; 0,140625; 135,84615384615384; 0,03379259
260; 0,140625; 0,140625; 135,71153846153845; 0,033759095
261; 0,140625; 0,140625; 137,57692307692307; 0,034223124
262; 0,140625; 0,140625; 137,17307692307693; 0,03412267
263; 0,140625; 0,140625; 134,96153846153845; 0,03357253
264; 0,140625; 0,140625; 136,07692307692307; 0,03384999
265; 0,140625; 0,140625; 135,8846153846154; 0,033802155
266; 0,140625; 0,140625; 137,84615384615384; 0,034290094
267; 0,140625; 0,140625; 135,75; 0,03376867
268; 0,140625; 0,140625; 135,94230769230768; 0,0338165
269; 0,140625; 0,140625; 135,92307692307693; 0,033811722
270; 0,140625; 0,140625; 135,40384615384616; 0,033682555
271; 0,140625; 0,140625; 136,48076923076923; 0,03395045
272; 0,140625; 0,140625; 135,98076923076923; 0,033826068
273; 0,140625; 0,140625; 137,90384615384616; 0,034304447
274; 0,140625; 0,140625; 136,34615384615384; 0,03391696
275; 0,140625; 0,140625; 136,17307692307693; 0,03387391
276; 0,140625; 0,140625; 136,26923076923077; 0,033897825
277; 0,140625; 0,140625; 136,40384615384616; 0,03393132
278; 0,140625; 0,140625; 135,48076923076923; 0,03370169
279; 0,140625; 0,140625; 136,65384615384616; 0,0339935
280; 0,140625; 0,140625; 136,96153846153845; 0,034070045
281; 0,140625; 0,140625; 135,23076923076923; 0,033639498
282; 0,140625; 0,140625; 137,73076923076923; 0,034261398
283; 0,140625; 0,140625; 135,8653846153846; 0,03379737
284; 0,140625; 0,140625; 136,17307692307693; 0,03387391
285; 0,140625; 0,140625; 135,67307692307693; 0,033749532
286; 0,140625; 0,140625; 137,30769230769232; 0,034156155
287; 0,140625; 0,140625; 136,5; 0,03395523
288; 0,140625; 0,140625; 135,92307692307693; 0,033811722
289; 0,140625; 0,140625; 136,42307692307693; 0,03393609
290; 0,140625; 0,140625; 137,32692307692307; 0,03416093
291; 0,140625; 0,140625; 135,07692307692307; 0,033601232
292; 0,140625; 0,140625; 135,59615384615384; 0,033730395
293; 0,140625; 0,125; 136,32692307692307; 0,033912178
294; 0,125; 0,125; 136,40384615384616; 0,033931307
295; 0,125; 0,125; 136,53846153846155; 0,033964783
296; 0,125; 0,125; 140,55769230769232; 0,034964588
297; 0,125; 0,125; 137,48076923076923; 0,034199186
298; 0,125; 0,125; 137,32692307692307; 0,034160916
299; 0,125; 0,125; 136,23076923076923; 0,033888243
300; 0,125; 0,125; 138,84615384615384; 0,03453883
301; 0,125; 0,125; 136,19230769230768; 0,03387868
302; 0,125; 0,125; 136,6153846153846; 0,033983912
303; 0,125; 0,125; 137,34615384615384; 0,034165695
304; 0,125; 0,125; 137,19230769230768; 0,03412743
305; 0,125; 0,125; 137,28846153846155; 0,03415135
306; 0,125; 0,125; 137,57692307692307; 0,034223102
307; 0,125; 0,125; 136,82692307692307; 0,034036536
308; 0,125; 0,125; 136,48076923076923; 0,033950426
309; 0,125; 0,125; 137,8653846153846; 0,034294862
310; 0,125; 0,125; 136,98076923076923; 0,03407481
311; 0,125; 0,125; 136,3846153846154; 0,03392651
312; 0,125; 0,125; 136,44230769230768; 0,03394086
313; 0,125; 0,125; 137,03846153846155; 0,034089163
314; 0,125; 0,125; 136,6346153846154; 0,0339887
315; 0,125; 0,125; 136,69230769230768; 0,034003057
316; 0,125; 0,125; 138,15384615384616; 0,03436662
317; 0,125; 0,125; 137,51923076923077; 0,034208752
318; 0,125; 0,125; 136,67307692307693; 0,03399827
319; 0,125; 0,125; 139,25; 0,034639295
320; 0,125; 0,125; 136,42307692307693; 0,03393608
321; 0,125; 0,125; 137,01923076923077; 0,034084376
322; 0,125; 0,125; 137,3653846153846; 0,034170486
323; 0,125; 0,125; 138,84615384615384; 0,03453884
324; 0,125; 0,125; 136,67307692307693; 0,03399827
325; 0,125; 0,125; 136,5; 0,033955213
326; 0,125; 0,125; 137,96153846153845; 0,03431878
327; 0,125; 0,125; 138,01923076923077; 0,034333132
328; 0,125; 0,125; 137,75; 0,03426616
329; 0,125; 0,125; 136,15384615384616; 0,03386911
330; 0,125; 0,125; 136,59615384615384; 0,03397913
331; 0,125; 0,125; 137,3653846153846; 0,034170482
332; 0,125; 0,125; 137,21153846153845; 0,034132216
333; 0,125; 0,125; 136,71153846153845; 0,034007832
334; 0,125; 0,125; 136,90384615384616; 0,034055676
335; 0,125; 0,125; 137,09615384615384; 0,03410351
336; 0,125; 0,125; 137,98076923076923; 0,03432356
337; 0,125; 0,125; 137,01923076923077; 0,03408438
338; 0,125; 0,125; 137,75; 0,034266166
339; 0,125; 0,125; 139,94230769230768; 0,03481151
340; 0,125; 0,125; 137,96153846153845; 0,03431878
341; 0,125; 0,125; 136,98076923076923; 0,03407481
342; 0,125; 0,125; 136,6153846153846; 0,03398392
343; 0,125; 0,125; 136,94230769230768; 0,034065243
344; 0,125; 0,125; 136,96153846153845; 0,034070022
345; 0,125; 0,125; 137,26923076923077; 0,03414657
346; 0,125; 0,125; 137,42307692307693; 0,034184836
347; 0,125; 0,125; 136,23076923076923; 0,033888236
348; 0,125; 0,125; 137,98076923076923; 0,034323566
349; 0,125; 0,125; 137,40384615384616; 0,03418005
350; 0,125; 0,125; 136,82692307692307; 0,03403654
351; 0,125; 0,125; 136,71153846153845; 0,034007836
352; 0,125; 0,125; 137,0; 0,03407959
353; 0,125; 0,125; 137,17307692307693; 0,03412265
354; 0,125; 0,125; 137,34615384615384; 0,034165703
355; 0,125; 0,125; 137,3846153846154; 0,03417527
356; 0,125; 0,125; 137,90384615384616; 0,034304425
357; 0,125; 0,125; 136,90384615384616; 0,034055673
358; 0,125; 0,125; 137,28846153846155; 0,03415135
359; 0,125; 0,125; 136,67307692307693; 0,033998266
360; 0,125; 0,109375; 136,8846153846154; 0,03405089
361; 0,109375; 0,109375; 137,73076923076923; 0,03426138
362; 0,109375; 0,109375; 136,59615384615384; 0,03397914
363; 0,109375; 0,109375; 140,5; 0,034950245
364; 0,109375; 0,109375; 138,15384615384616; 0,034366623
365; 0,109375; 0,109375; 137,96153846153845; 0,034318782
366; 0,109375; 0,109375; 138,21153846153845; 0,034380976
367; 0,109375; 0,109375; 138,32692307692307; 0,03440968
368; 0,109375; 0,109375; 140,01923076923077; 0,034830652
369; 0,109375; 0,109375; 138,80769230769232; 0,034529272
370; 0,109375; 0,109375; 138,55769230769232; 0,03446708
371; 0,109375; 0,109375; 138,25; 0,034390546
372; 0,109375; 0,109375; 137,55769230769232; 0,034218326
373; 0,109375; 0,109375; 138,15384615384616; 0,034366623
374; 0,109375; 0,109375; 138,82692307692307; 0,034534052
375; 0,109375; 0,109375; 138,84615384615384; 0,034538843
376; 0,109375; 0,109375; 138,28846153846155; 0,03440011
377; 0,109375; 0,109375; 138,40384615384616; 0,034428813
378; 0,109375; 0,109375; 138,09615384615384; 0,034352273
379; 0,109375; 0,109375; 138,17307692307693; 0,034371406
380; 0,109375; 0,109375; 137,65384615384616; 0,034242246
381; 0,109375; 0,109375; 138,17307692307693; 0,03437141
382; 0,109375; 0,109375; 138,05769230769232; 0,034342702
383; 0,109375; 0,109375; 136,84615384615384; 0,034041323
384; 0,109375; 0,109375; 137,0; 0,034079596
385; 0,109375; 0,109375; 138,25; 0,034390543
386; 0,109375; 0,109375; 139,34615384615384; 0,03466322
387; 0,109375; 0,109375; 137,1153846153846; 0,0341083
388; 0,109375; 0,109375; 137,51923076923077; 0,034208763
389; 0,109375; 0,109375; 138,34615384615384; 0,034414463
390; 0,109375; 0,109375; 137,3653846153846; 0,03417049
391; 0,109375; 0,109375; 137,3653846153846; 0,034170486
392; 0,109375; 0,109375; 137,82692307692307; 0,034285303
393; 0,109375; 0,109375; 138,6153846153846; 0,034481436
394; 0,109375; 0,109375; 137,3653846153846; 0,03417049
395; 0,109375; 0,109375; 137,48076923076923; 0,034199193
396; 0,109375; 0,109375; 138,30769230769232; 0,034404896
397; 0,109375; 0,109375; 138,1153846153846; 0,034357056
398; 0,109375; 0,109375; 138,44230769230768; 0,03443838
399; 0,109375; 0,109375; 137,3846153846154; 0,034175273
400; 0,109375; 0,109375; 137,40384615384616; 0,034180056
401; 0,109375; 0,109375; 139,17307692307693; 0,034620162
402; 0,109375; 0,109375; 138,15384615384616; 0,034366623
403; 0,109375; 0,109375; 138,17307692307693; 0,034371406
404; 0,109375; 0,109375; 139,96153846153845; 0,034816295
405; 0,109375; 0,109375; 140,15384615384616; 0,034864135
406; 0,109375; 0,109375; 138,46153846153845; 0,034443162
407; 0,109375; 0,109375; 138,09615384615384; 0,034352273
408; 0,109375; 0,109375; 140,17307692307693; 0,034868922
409; 0,109375; 0,109375; 138,57692307692307; 0,034471862
410; 0,109375; 0,109375; 138,84615384615384; 0,03453884
411; 0,109375; 0,109375; 138,05769230769232; 0,034342706
412; 0,109375; 0,109375; 137,96153846153845; 0,03431879
413; 0,109375; 0,109375; 140,82692307692307; 0,03503157
414; 0,109375; 0,109375; 139,07692307692307; 0,034596242
415; 0,109375; 0,109375; 137,8846153846154; 0,034299653
416; 0,109375; 0,109375; 137,65384615384616; 0,034242246
417; 0,109375; 0,109375; 138,34615384615384; 0,034414463
418; 0,109375; 0,109375; 138,80769230769232; 0,034529272
419; 0,109375; 0,109375; 138,96153846153845; 0,034567542
420; 0,109375; 0,109375; 139,42307692307693; 0,034682356
421; 0,109375; 0,109375; 138,59615384615384; 0,034476653
422; 0,109375; 0,109375; 137,71153846153845; 0,0342566
423; 0,109375; 0,109375; 138,71153846153845; 0,034505352
424; 0,109375; 0,109375; 138,26923076923077; 0,034395326
425; 0,109375; 0,109375; 138,15384615384616; 0,034366623
426; 0,109375; 0,109375; 138,98076923076923; 0,034572326
427; 0,109375; 0,109375; 137,98076923076923; 0,034323566
428; 0,109375; 0,109375; 138,84615384615384; 0,03453884
429; 0,109375; 0,109375; 139,09615384615384; 0,03460103
430; 0,109375; 0,109375; 137,40384615384616; 0,03418006
431; 0,109375; 0,109375; 136,98076923076923; 0,034074813
432; 0,109375; 0,109375; 138,19230769230768; 0,034376193
433; 0,109375; 0,109375; 138,1153846153846; 0,034357056
434; 0,109375; 0,109375; 137,09615384615384; 0,034103516
435; 0,109375; 0,109375; 138,25; 0,034390543
436; 0,109375; 0,109375; 138,57692307692307; 0,034471866
437; 0,109375; 0,109375; 137,76923076923077; 0,03427095
438; 0,109375; 0,109375; 138,80769230769232; 0,034529272
439; 0,109375; 0,109375; 138,67307692307693; 0,034495786
440; 0,109375; 0,109375; 138,1153846153846; 0,03435706
441; 0,109375; 0,109375; 137,57692307692307; 0,034223106
442; 0,109375; 0,109375; 138,42307692307693; 0,034433596
443; 0,109375; 0,109375; 139,26923076923077; 0,034644082
444; 0,109375; 0,09375; 137,76923076923077; 0,03427095
445; 0,09375; 0,09375; 138,30769230769232; 0,0344049
446; 0,09375; 0,09375; 140,34615384615384; 0,034911983
447; 0,09375; 0,09375; 138,84615384615384; 0,03453885
448; 0,09375; 0,09375; 139,6153846153846; 0,0347302
449; 0,09375; 0,09375; 140,92307692307693; 0,03505549
450; 0,09375; 0,09375; 139,92307692307693; 0,034806736
451; 0,09375; 0,09375; 140,17307692307693; 0,034868922
452; 0,09375; 0,09375; 139,44230769230768; 0,03468714
453; 0,09375; 0,09375; 140,21153846153845; 0,03487849
454; 0,09375; 0,09375; 140,75; 0,03501243
455; 0,09375; 0,09375; 140,19230769230768; 0,03487371
456; 0,09375; 0,09375; 142,05769230769232; 0,03533773
457; 0,09375; 0,09375; 140,78846153846155; 0,035022005
458; 0,09375; 0,09375; 139,8846153846154; 0,034797166
459; 0,09375; 0,09375; 139,28846153846155; 0,03464887
460; 0,09375; 0,09375; 140,3653846153846; 0,034916762
461; 0,09375; 0,09375; 140,69230769230768; 0,03499808
462; 0,09375; 0,09375; 140,96153846153845; 0,035065055
463; 0,09375; 0,09375; 139,53846153846155; 0,03471106
464; 0,09375; 0,09375; 139,76923076923077; 0,034768466
465; 0,09375; 0,09375; 139,07692307692307; 0,03459625
466; 0,09375; 0,09375; 140,09615384615384; 0,03484979
467; 0,09375; 0,09375; 140,28846153846155; 0,03489763
468; 0,09375; 0,09375; 141,59615384615384; 0,035222918
469; 0,09375; 0,09375; 140,05769230769232; 0,034840215
470; 0,09375; 0,09375; 140,03846153846155; 0,034835435
471; 0,09375; 0,09375; 140,25; 0,03488806
472; 0,09375; 0,09375; 139,90384615384616; 0,03480195
473; 0,09375; 0,09375; 140,92307692307693; 0,035055485
474; 0,09375; 0,09375; 139,67307692307693; 0,034744546
475; 0,09375; 0,09375; 140,28846153846155; 0,034897625
476; 0,09375; 0,09375; 140,44230769230768; 0,034935895
477; 0,09375; 0,09375; 140,75; 0,03501243
478; 0,09375; 0,09375; 139,69230769230768; 0,034749325
479; 0,09375; 0,09375; 139,59615384615384; 0,03472541
480; 0,09375; 0,09375; 143,28846153846155; 0,035643898
481; 0,09375; 0,09375; 140,44230769230768; 0,034935895
482; 0,09375; 0,09375; 140,34615384615384; 0,034911975
483; 0,09375; 0,09375; 140,26923076923077; 0,034892842
484; 0,09375; 0,09375; 140,01923076923077; 0,03483065
485; 0,09375; 0,09375; 141,65384615384616; 0,035237275
486; 0,09375; 0,09375; 139,05769230769232; 0,034591462
487; 0,09375; 0,09375; 140,42307692307693; 0,03493111
488; 0,09375; 0,09375; 139,51923076923077; 0,034706272
489; 0,09375; 0,09375; 141,17307692307693; 0,035117682
490; 0,09375; 0,09375; 140,53846153846155; 0,034959815
491; 0,09375; 0,09375; 140,28846153846155; 0,03489763
492; 0,09375; 0,09375; 139,53846153846155; 0,03471106
493; 0,09375; 0,09375; 141,23076923076923; 0,035132024
494; 0,09375; 0,09375; 140,75; 0,03501243
495; 0,09375; 0,09375; 139,21153846153845; 0,034629736
496; 0,09375; 0,09375; 141,8846153846154; 0,035294674
497; 0,09375; 0,09375; 140,44230769230768; 0,034935895
498; 0,09375; 0,09375; 140,76923076923077; 0,03501722
499; 0,09375; 0,09375; 139,80769230769232; 0,034778032
500; 0,09375; 0,09375; 139,78846153846155; 0,034773253
501; 0,09375; 0,09375; 141,5; 0,035199
502; 0,09375; 0,09375; 140,59615384615384; 0,034974165
503; 0,09375; 0,09375; 139,84615384615384; 0,0347876
504; 0,09375; 0,09375; 141,80769230769232; 0,035275545
505; 0,09375; 0,09375; 141,40384615384616; 0,03517508
506; 0,09375; 0,09375; 140,71153846153845; 0,035002865
507; 0,09375; 0,09375; 140,34615384615384; 0,034911975
508; 0,09375; 0,09375; 141,84615384615384; 0,035285108
509; 0,09375; 0,09375; 140,25; 0,034888055
510; 0,09375; 0,09375; 140,71153846153845; 0,035002865
511; 0,09375; 0,09375; 140,75; 0,03501243
512; 0,09375; 0,09375; 140,3653846153846; 0,034916762
513; 0,09375; 0,09375; 139,3846153846154; 0,03467279
514; 0,09375; 0,09375; 140,07692307692307; 0,034845006
515; 0,09375; 0,09375; 140,51923076923077; 0,03495503
516; 0,09375; 0,09375; 140,46153846153845; 0,034940682
517; 0,09375; 0,09375; 142,1153846153846; 0,035352085
518; 0,09375; 0,09375; 140,15384615384616; 0,034864135
519; 0,09375; 0,09375; 142,0; 0,03532338
520; 0,09375; 0,09375; 139,67307692307693; 0,034744546
521; 0,09375; 0,09375; 140,71153846153845; 0,035002865
522; 0,09375; 0,09375; 139,78846153846155; 0,034773253
523; 0,09375; 0,09375; 141,28846153846155; 0,035146378
524; 0,09375; 0,09375; 139,3846153846154; 0,034672786
525; 0,09375; 0,09375; 139,17307692307693; 0,034620162
526; 0,09375; 0,09375; 140,76923076923077; 0,035017222
527; 0,09375; 0,09375; 139,92307692307693; 0,034806732
528; 0,09375; 0,09375; 140,34615384615384; 0,034911983
529; 0,09375; 0,09375; 139,94230769230768; 0,034811523
530; 0,09375; 0,09375; 143,1153846153846; 0,035600834
531; 0,09375; 0,09375; 140,21153846153845; 0,034878485
532; 0,09375; 0,078125; 140,30769230769232; 0,03490241
533; 0,078125; 0,078125; 141,3653846153846; 0,03516551
534; 0,078125; 0,078125; 140,8846153846154; 0,03504592
535; 0,078125; 0,078125; 140,6346153846154; 0,03498373
536; 0,078125; 0,078125; 140,59615384615384; 0,03497416
537; 0,078125; 0,078125; 142,07692307692307; 0,035342507
538; 0,078125; 0,078125; 141,0; 0,035074618
539; 0,078125; 0,078125; 140,19230769230768; 0,034873698
540; 0,078125; 0,078125; 141,30769230769232; 0,035151158
541; 0,078125; 0,078125; 141,6153846153846; 0,035227705
542; 0,078125; 0,078125; 141,05769230769232; 0,03508897
543; 0,078125; 0,078125; 141,09615384615384; 0,035098538
544; 0,078125; 0,078125; 141,57692307692307; 0,035218135
545; 0,078125; 0,078125; 140,55769230769232; 0,03496459
546; 0,078125; 0,078125; 141,44230769230768; 0,035184648
547; 0,078125; 0,078125; 141,84615384615384; 0,035285108
548; 0,078125; 0,078125; 141,46153846153845; 0,035189424
549; 0,078125; 0,078125; 141,55769230769232; 0,035213348
550; 0,078125; 0,078125; 139,30769230769232; 0,03465365
551; 0,078125; 0,078125; 140,82692307692307; 0,03503156
552; 0,078125; 0,078125; 141,01923076923077; 0,035079405
553; 0,078125; 0,078125; 141,94230769230768; 0,035309024
554; 0,078125; 0,078125; 145,21153846153845; 0,036122262
555; 0,078125; 0,078125; 142,40384615384616; 0,035423838
556; 0,078125; 0,078125; 142,76923076923077; 0,035514727
557; 0,078125; 0,078125; 140,8653846153846; 0,03504113
558; 0,078125; 0,078125; 140,96153846153845; 0,03506505
559; 0,078125; 0,078125; 141,82692307692307; 0,03528032
560; 0,078125; 0,078125; 140,6153846153846; 0,03497894
561; 0,078125; 0,078125; 141,26923076923077; 0,03514159
562; 0,078125; 0,078125; 140,5; 0,034950234
563; 0,078125; 0,078125; 141,1153846153846; 0,035103325
564; 0,078125; 0,078125; 141,28846153846155; 0,035146378
565; 0,078125; 0,078125; 141,26923076923077; 0,035141587
566; 0,078125; 0,078125; 142,34615384615384; 0,035409484
567; 0,078125; 0,078125; 141,07692307692307; 0,03509375
568; 0,078125; 0,078125; 140,67307692307693; 0,034993295
569; 0,078125; 0,078125; 141,07692307692307; 0,035093755
570; 0,078125; 0,078125; 141,1153846153846; 0,035103325
571; 0,078125; 0,078125; 140,6346153846154; 0,034983724
572; 0,078125; 0,078125; 141,23076923076923; 0,035132024
573; 0,078125; 0,078125; 141,03846153846155; 0,035084184
574; 0,078125; 0,078125; 141,05769230769232; 0,035088968
575; 0,078125; 0,078125; 141,01923076923077; 0,035079405
576; 0,078125; 0,078125; 140,3653846153846; 0,034916755
577; 0,078125; 0,078125; 140,6346153846154; 0,03498372
578; 0,078125; 0,078125; 141,65384615384616; 0,035237264
579; 0,078125; 0,078125; 142,30769230769232; 0,035399914
580; 0,078125; 0,078125; 140,51923076923077; 0,03495503
581; 0,078125; 0,078125; 141,44230769230768; 0,035184644
582; 0,078125; 0,078125; 142,65384615384616; 0,035486024
583; 0,078125; 0,078125; 142,5; 0,035447754
584; 0,078125; 0,078125; 143,0; 0,03557213
585; 0,078125; 0,078125; 140,55769230769232; 0,034964588
586; 0,078125; 0,078125; 141,25; 0,035136804
587; 0,078125; 0,078125; 140,94230769230768; 0,03506027
588; 0,078125; 0,078125; 141,1346153846154; 0,035108104
589; 0,078125; 0,078125; 142,09615384615384; 0,03534729
590; 0,078125; 0,078125; 141,17307692307693; 0,03511767
591; 0,078125; 0,078125; 141,69230769230768; 0,035246838
592; 0,078125; 0,078125; 140,1153846153846; 0,034854565
593; 0,078125; 0,078125; 141,6346153846154; 0,03523248
594; 0,078125; 0,078125; 140,78846153846155; 0,035021998
595; 0,078125; 0,078125; 139,59615384615384; 0,034725405
596; 0,078125; 0,078125; 140,90384615384616; 0,035050705
597; 0,078125; 0,078125; 142,09615384615384; 0,03534729
598; 0,078125; 0,078125; 140,94230769230768; 0,03506027
599; 0,078125; 0,078125; 141,8653846153846; 0,035289887
600; 0,078125; 0,078125; 141,75; 0,035261184
601; 0,078125; 0,078125; 141,15384615384616; 0,03511289
602; 0,078125; 0,078125; 140,69230769230768; 0,03499808
603; 0,078125; 0,078125; 142,25; 0,035385564
604; 0,078125; 0,078125; 140,19230769230768; 0,0348737
605; 0,078125; 0,078125; 141,51923076923077; 0,03520378
606; 0,078125; 0,078125; 141,32692307692307; 0,035155945
607; 0,078125; 0,078125; 141,84615384615384; 0,035285108
608; 0,078125; 0,078125; 140,96153846153845; 0,03506505
609; 0,078125; 0,078125; 141,8846153846154; 0,035294674
610; 0,078125; 0,078125; 141,6346153846154; 0,035232488
611; 0,078125; 0,078125; 140,26923076923077; 0,03489284
612; 0,078125; 0,078125; 141,1153846153846; 0,03510332
613; 0,078125; 0,078125; 140,90384615384616; 0,035050698
614; 0,078125; 0,078125; 141,5; 0,035198998
615; 0,078125; 0,078125; 141,28846153846155; 0,03514638
616; 0,078125; 0,078125; 140,51923076923077; 0,03495503
617; 0,078125; 0,078125; 140,92307692307693; 0,035055485
618; 0,078125; 0,078125; 140,51923076923077; 0,034955025
619; 0,078125; 0,078125; 141,01923076923077; 0,035079405
620; 0,078125; 0,078125; 142,28846153846155; 0,03539513
621; 0,078125; 0,078125; 140,46153846153845; 0,03494067
622; 0,078125; 0,078125; 141,30769230769232; 0,035151158
623; 0,078125; 0,078125; 141,0; 0,03507462
624; 0,078125; 0,078125; 140,6346153846154; 0,034983728
625; 0,078125; 0,078125; 141,01923076923077; 0,035079405
626; 0,078125; 0,078125; 144,82692307692307; 0,036026593
627; 0,078125; 0,078125; 141,46153846153845; 0,035189427
628; 0,078125; 0,078125; 141,03846153846155; 0,035084188
629; 0,078125; 0,078125; 141,80769230769232; 0,035275534
630; 0,078125; 0,078125; 141,09615384615384; 0,035098538
631; 0,078125; 0,078125; 141,15384615384616; 0,035112884
632; 0,078125; 0,078125; 141,25; 0,035136808
633; 0,078125; 0,078125; 141,84615384615384; 0,0352851
634; 0,078125; 0,078125; 141,01923076923077; 0,0350794
635; 0,078125; 0,078125; 140,78846153846155; 0,035021994
636; 0,078125; 0,078125; 141,0; 0,035074618
637; 0,078125; 0,078125; 141,09615384615384; 0,03509853
638; 0,078125; 0,078125; 140,42307692307693; 0,0349311
639; 0,078125; 0,078125; 140,28846153846155; 0,03489762
640; 0,078125; 0,078125; 140,96153846153845; 0,03506505
641; 0,078125; 0,078125; 140,26923076923077; 0,034892835
642; 0,078125; 0,078125; 140,6346153846154; 0,034983728
643; 0,078125; 0,078125; 140,6153846153846; 0,03497894
644; 0,078125; 0,078125; 140,0; 0,034825865
645; 0,078125; 0,078125; 139,98076923076923; 0,03482108
646; 0,078125; 0,078125; 141,67307692307693; 0,035242055
647; 0,078125; 0,078125; 141,51923076923077; 0,03520378
648; 0,078125; 0,078125; 141,69230769230768; 0,035246834
649; 0,078125; 0,078125; 141,46153846153845; 0,03518943
650; 0,078125; 0,078125; 141,28846153846155; 0,03514637
651; 0,078125; 0,078125; 142,1153846153846; 0,035352077
652; 0,078125; 0,078125; 142,90384615384616; 0,035548214
653; 0,078125; 0,078125; 140,53846153846155; 0,034959808
654; 0,078125; 0,078125; 141,05769230769232; 0,035088968
655; 0,078125; 0,078125; 141,28846153846155; 0,035146378
656; 0,078125; 0,078125; 140,5; 0,03495024
657; 0,078125; 0,078125; 140,67307692307693; 0,034993295
658; 0,078125; 0,078125; 140,96153846153845; 0,03506505
659; 0,078125; 0,078125; 141,92307692307693; 0,035304245
660; 0,078125; 0,078125; 140,01923076923077; 0,03483064
661; 0,078125; 0,078125; 140,1346153846154; 0,03485935
662; 0,078125; 0,078125; 141,01923076923077; 0,035079405
663; 0,078125; 0,078125; 140,76923076923077; 0,03501721
664; 0,078125; 0,078125; 140,6346153846154; 0,034983724
665; 0,078125; 0,078125; 142,03846153846155; 0,03533294
666; 0,078125; 0,078125; 140,80769230769232; 0,03502678
667; 0,078125; 0,078125; 140,92307692307693; 0,03505548
668; 0,078125; 0,078125; 141,15384615384616; 0,03511289
669; 0,078125; 0,078125; 142,73076923076923; 0,035505157
670; 0,078125; 0,078125; 144,25; 0,035883076
671; 0,078125; 0,078125; 141,07692307692307; 0,035093755
672; 0,078125; 0,078125; 141,34615384615384; 0,035160728
673; 0,078125; 0,078125; 141,26923076923077; 0,03514159
674; 0,078125; 0,078125; 141,01923076923077; 0,035079397
675; 0,078125; 0,078125; 141,42307692307693; 0,035179857
676; 0,078125; 0,078125; 145,15384615384616; 0,036107913
677; 0,078125; 0,078125; 141,92307692307693; 0,03530424
678; 0,078125; 0,078125; 140,92307692307693; 0,03505548
679; 0,078125; 0,078125; 140,94230769230768; 0,03506027
680; 0,078125; 0,078125; 142,3846153846154; 0,035419047
681; 0,078125; 0,078125; 142,65384615384616; 0,03548602
682; 0,078125; 0,078125; 140,42307692307693; 0,034931105
683; 0,078125; 0,078125; 141,3846153846154; 0,03517029
684; 0,078125; 0,078125; 140,76923076923077; 0,035017215
685; 0,078125; 0,078125; 141,25; 0,035136808
686; 0,078125; 0,078125; 139,80769230769232; 0,034778025
687; 0,078125; 0,078125; 140,65384615384616; 0,034988515
688; 0,078125; 0,078125; 141,3653846153846; 0,03516551
689; 0,078125; 0,078125; 140,19230769230768; 0,0348737
690; 0,078125; 0,078125; 140,3653846153846; 0,034916755
691; 0,078125; 0,078125; 140,42307692307693; 0,034931105
692; 0,078125; 0,078125; 141,69230769230768; 0,035246834
693; 0,078125; 0,078125; 141,19230769230768; 0,03512246
694; 0,078125; 0,078125; 141,71153846153845; 0,035251614
695; 0,078125; 0,078125; 140,96153846153845; 0,03506505
696; 0,078125; 0,078125; 141,17307692307693; 0,03511768
697; 0,078125; 0,078125; 142,55769230769232; 0,035462104
698; 0,078125; 0,078125; 142,71153846153845; 0,035500377
699; 0,078125; 0,078125; 141,6346153846154; 0,035232488
700; 0,078125; 0,078125; 142,32692307692307; 0,0354047
701; 0,078125; 0,078125; 141,34615384615384; 0,035160728
702; 0,078125; 0,078125; 141,1346153846154; 0,035108104
703; 0,078125; 0,078125; 141,03846153846155; 0,035084184
704; 0,078125; 0,078125; 140,78846153846155; 0,035021994
705; 0,078125; 0,078125; 139,96153846153845; 0,03481629
706; 0,078125; 0,078125; 141,40384615384616; 0,03517508
707; 0,078125; 0,078125; 140,5; 0,034950245
708; 0,078125; 0,078125; 140,90384615384616; 0,035050698
709; 0,078125; 0,078125; 140,5; 0,03495024
710; 0,078125; 0,078125; 141,21153846153845; 0,035127237
711; 0,078125; 0,078125; 141,3846153846154; 0,035170298
712; 0,078125; 0,078125; 144,44230769230768; 0,03593091
713; 0,078125; 0,078125; 141,25; 0,035136808
714; 0,078125; 0,078125; 141,21153846153845; 0,03512724
715; 0,078125; 0,078125; 140,51923076923077; 0,03495503
716; 0,078125; 0,078125; 141,8653846153846; 0,035289887
717; 0,078125; 0,078125; 141,80769230769232; 0,035275538
718; 0,078125; 0,078125; 140,80769230769232; 0,035026778
719; 0,078125; 0,078125; 140,78846153846155; 0,035021998
720; 0,078125; 0,078125; 140,84615384615384; 0,035036348
721; 0,078125; 0,078125; 142,51923076923077; 0,035452534
722; 0,078125; 0,078125; 141,34615384615384; 0,035160724
723; 0,078125; 0,078125; 140,48076923076923; 0,034945454
724; 0,078125; 0,078125; 141,3653846153846; 0,03516551
725; 0,078125; 0,078125; 142,03846153846155; 0,03533294
726; 0,078125; 0,078125; 140,46153846153845; 0,034940675
727; 0,078125; 0,078125; 140,42307692307693; 0,0349311
728; 0,078125; 0,078125; 141,07692307692307; 0,03509375
729; 0,078125; 0,078125; 142,15384615384616; 0,035361644
730; 0,078125; 0,078125; 141,30769230769232; 0,035151158
731; 0,078125; 0,078125; 141,92307692307693; 0,035304237
732; 0,078125; 0,078125; 140,98076923076923; 0,03506983
733; 0,078125; 0,078125; 141,32692307692307; 0,035155937
734; 0,078125; 0,078125; 140,98076923076923; 0,035069842
735; 0,078125; 0,078125; 142,42307692307693; 0,035428617
736; 0,078125; 0,078125; 140,94230769230768; 0,03506027
737; 0,078125; 0,078125; 140,69230769230768; 0,03499808
738; 0,078125; 0,078125; 140,90384615384616; 0,035050698
739; 0,078125; 0,078125; 141,28846153846155; 0,035146378
740; 0,078125; 0,078125; 140,51923076923077; 0,034955025
741; 0,078125; 0,078125; 141,30769230769232; 0,035151158
742; 0,078125; 0,078125; 140,65384615384616; 0,034988508
743; 0,078125; 0,078125; 141,71153846153845; 0,035251617
744; 0,078125; 0,078125; 140,90384615384616; 0,0350507
745; 0,078125; 0,078125; 140,90384615384616; 0,035050698
746; 0,078125; 0,078125; 140,8846153846154; 0,035045907
747; 0,078125; 0,078125; 140,5; 0,034950238
748; 0,078125; 0,078125; 141,53846153846155; 0,035208564
749; 0,078125; 0,078125; 140,05769230769232; 0,03484021
750; 0,078125; 0,078125; 142,71153846153845; 0,035500374
751; 0,078125; 0,078125; 140,46153846153845; 0,034940667
752; 0,078125; 0,078125; 140,94230769230768; 0,035060264
753; 0,078125; 0,078125; 141,0; 0,03507462
754; 0,078125; 0,078125; 140,05769230769232; 0,034840215
755; 0,078125; 0,078125; 139,59615384615384; 0,0347254
756; 0,078125; 0,078125; 141,3653846153846; 0,03516551
757; 0,078125; 0,078125; 141,09615384615384; 0,035098538
758; 0,078125; 0,078125; 140,84615384615384; 0,03503635
759; 0,078125; 0,078125; 140,84615384615384; 0,03503635
760; 0,078125; 0,078125; 140,71153846153845; 0,035002865
761; 0,078125; 0,078125; 141,6346153846154; 0,03523248
762; 0,078125; 0,078125; 141,71153846153845; 0,03525162
763; 0,078125; 0,078125; 140,75; 0,03501243
764; 0,078125; 0,078125; 140,67307692307693; 0,034993295
765; 0,078125; 0,078125; 141,8653846153846; 0,03528989
766; 0,078125; 0,078125; 141,55769230769232; 0,035213348
767; 0,078125; 0,078125; 141,19230769230768; 0,035122458
768; 0,078125; 0,078125; 140,5; 0,03495024
769; 0,078125; 0,078125; 143,57692307692307; 0,035715647
770; 0,078125; 0,078125; 140,55769230769232; 0,03496459
771; 0,078125; 0,078125; 142,57692307692307; 0,035466895
772; 0,078125; 0,078125; 141,3653846153846; 0,03516551
773; 0,078125; 0,078125; 140,82692307692307; 0,035031565
774; 0,078125; 0,078125; 143,05769230769232; 0,03558648
775; 0,078125; 0,078125; 140,19230769230768; 0,034873698
776; 0,078125; 0,078125; 142,78846153846155; 0,03551951
777; 0,078125; 0,078125; 140,28846153846155; 0,034897618
778; 0,078125; 0,078125; 142,25; 0,035385564
779; 0,078125; 0,078125; 139,92307692307693; 0,034806732
780; 0,078125; 0,078125; 140,6346153846154; 0,034983724
781; 0,078125; 0,078125; 142,42307692307693; 0,03542862
782; 0,078125; 0,078125; 141,48076923076923; 0,035194214
783; 0,078125; 0,078125; 140,42307692307693; 0,0349311
784; 0,078125; 0,078125; 143,01923076923077; 0,035576914
785; 0,078125; 0,078125; 141,3653846153846; 0,03516551
786; 0,078125; 0,078125; 142,25; 0,035385564
787; 0,078125; 0,078125; 140,8653846153846; 0,03504113
788; 0,078125; 0,078125; 140,57692307692307; 0,034969382
789; 0,078125; 0,078125; 140,92307692307693; 0,035055485
790; 0,078125; 0,078125; 141,0; 0,035074618
791; 0,078125; 0,078125; 142,1153846153846; 0,035352077
792; 0,078125; 0,078125; 140,76923076923077; 0,035017215
793; 0,078125; 0,078125; 142,17307692307693; 0,03536643
794; 0,078125; 0,078125; 142,34615384615384; 0,03540948
795; 0,078125; 0,078125; 141,84615384615384; 0,035285108
796; 0,078125; 0,078125; 140,53846153846155; 0,034959808
797; 0,078125; 0,078125; 140,73076923076923; 0,03500765
798; 0,078125; 0,078125; 140,3846153846154; 0,03492154
799; 0,078125; 0,078125; 141,6346153846154; 0,035232484
800; 0,078125; 0,078125; 139,78846153846155; 0,034773238
801; 0,078125; 0,078125; 140,67307692307693; 0,03499329
802; 0,078125; 0,078125; 140,8846153846154; 0,035045914
803; 0,078125; 0,078125; 139,90384615384616; 0,034801945
804; 0,078125; 0,078125; 142,46153846153845; 0,035438184
805; 0,078125; 0,078125; 140,8846153846154; 0,035045914
806; 0,078125; 0,078125; 141,21153846153845; 0,03512724
807; 0,078125; 0,078125; 141,34615384615384; 0,035160728
808; 0,078125; 0,078125; 140,78846153846155; 0,035021998
809; 0,078125; 0,078125; 140,80769230769232; 0,03502678
810; 0,078125; 0,078125; 142,1153846153846; 0,035352077
811; 0,078125; 0,078125; 141,23076923076923; 0,03513202
812; 0,078125; 0,078125; 142,57692307692307; 0,035466887
813; 0,078125; 0,078125; 142,90384615384616; 0,035548214
814; 0,078125; 0,078125; 140,44230769230768; 0,034935888
815; 0,078125; 0,078125; 140,05769230769232; 0,034840215
816; 0,078125; 0,078125; 141,42307692307693; 0,03517986
817; 0,078125; 0,078125; 141,8846153846154; 0,035294667
818; 0,078125; 0,078125; 141,55769230769232; 0,035213344
819; 0,078125; 0,078125; 140,40384615384616; 0,03492632
820; 0,078125; 0,078125; 140,8846153846154; 0,035045914
821; 0,078125; 0,078125; 140,71153846153845; 0,03500286
822; 0,078125; 0,078125; 141,40384615384616; 0,03517508
823; 0,078125; 0,078125; 140,28846153846155; 0,03489762
824; 0,078125; 0,078125; 140,92307692307693; 0,035055485
825; 0,078125; 0,078125; 140,82692307692307; 0,03503156
826; 0,078125; 0,078125; 141,73076923076923; 0,035256404
827; 0,078125; 0,078125; 141,84615384615384; 0,035285104
828; 0,078125; 0,078125; 140,65384615384616; 0,034988515
829; 0,078125; 0,078125; 141,34615384615384; 0,035160728
830; 0,078125; 0,078125; 141,1153846153846; 0,035103325
831; 0,078125; 0,078125; 142,32692307692307; 0,035404697
832; 0,078125; 0,078125; 141,19230769230768; 0,035122454
833; 0,078125; 0,078125; 140,80769230769232; 0,035026778
834; 0,078125; 0,078125; 141,46153846153845; 0,035189427
835; 0,078125; 0,078125; 140,96153846153845; 0,03506505
836; 0,078125; 0,078125; 142,82692307692307; 0,035529073
837; 0,078125; 0,078125; 141,69230769230768; 0,035246834
838; 0,078125; 0,078125; 140,69230769230768; 0,034998078
839; 0,078125; 0,078125; 140,78846153846155; 0,035021994
840; 0,078125; 0,078125; 143,40384615384616; 0,035672583
841; 0,078125; 0,078125; 140,53846153846155; 0,034959808
842; 0,078125; 0,078125; 140,34615384615384; 0,034911968
843; 0,078125; 0,078125; 140,65384615384616; 0,034988515
844; 0,078125; 0,078125; 140,34615384615384; 0,034911968
845; 0,078125; 0,078125; 140,98076923076923; 0,03506983
846; 0,078125; 0,078125; 141,6153846153846; 0,0352277
847; 0,078125; 0,078125; 140,26923076923077; 0,03489283
848; 0,078125; 0,078125; 141,32692307692307; 0,035155945
849; 0,078125; 0,078125; 141,23076923076923; 0,035132024
850; 0,078125; 0,078125; 140,59615384615384; 0,03497416
851; 0,078125; 0,078125; 140,8653846153846; 0,03504113
852; 0,078125; 0,078125; 141,21153846153845; 0,03512724
853; 0,078125; 0,078125; 141,59615384615384; 0,035222914
854; 0,078125; 0,078125; 141,80769230769232; 0,035275534
855; 0,078125; 0,078125; 140,57692307692307; 0,034969375
856; 0,078125; 0,078125; 141,51923076923077; 0,03520378
857; 0,078125; 0,078125; 140,78846153846155; 0,035021994
858; 0,078125; 0,078125; 140,53846153846155; 0,034959808
859; 0,078125; 0,078125; 141,3846153846154; 0,0351703
860; 0,078125; 0,078125; 141,78846153846155; 0,035270754
861; 0,078125; 0,078125; 141,57692307692307; 0,035218127
862; 0,078125; 0,078125; 140,94230769230768; 0,035060264
863; 0,078125; 0,078125; 141,3653846153846; 0,03516551
864; 0,078125; 0,078125; 141,03846153846155; 0,035084184
865; 0,078125; 0,078125; 141,69230769230768; 0,035246834
866; 0,078125; 0,078125; 141,07692307692307; 0,03509375
867; 0,078125; 0,078125; 141,21153846153845; 0,03512724
868; 0,078125; 0,078125; 140,46153846153845; 0,03494067
869; 0,078125; 0,078125; 141,53846153846155; 0,03520856
870; 0,078125; 0,078125; 141,57692307692307; 0,035218127
871; 0,078125; 0,078125; 141,15384615384616; 0,035112888
872; 0,078125; 0,078125; 140,55769230769232; 0,034964588
873; 0,078125; 0,078125; 141,46153846153845; 0,035189427
874; 0,078125; 0,078125; 141,23076923076923; 0,03513202
875; 0,078125; 0,078125; 141,90384615384616; 0,035299458
876; 0,078125; 0,078125; 140,75; 0,035012428
877; 0,078125; 0,078125; 140,1346153846154; 0,034859348
878; 0,078125; 0,078125; 140,5; 0,034950245
879; 0,078125; 0,078125; 140,65384615384616; 0,03498851
880; 0,078125; 0,078125; 142,07692307692307; 0,035342507
881; 0,078125; 0,078125; 143,03846153846155; 0,0355817
882; 0,078125; 0,078125; 141,69230769230768; 0,03524683
883; 0,078125; 0,078125; 139,57692307692307; 0,03472062
884; 0,078125; 0,078125; 143,19230769230768; 0,03561997
885; 0,078125; 0,078125; 141,21153846153845; 0,03512724
886; 0,078125; 0,078125; 141,42307692307693; 0,03517986
887; 0,078125; 0,078125; 141,17307692307693; 0,03511767
888; 0,078125; 0,078125; 140,28846153846155; 0,03489762
889; 0,078125; 0,078125; 140,21153846153845; 0,034878485
890; 0,078125; 0,078125; 140,84615384615384; 0,035036348
891; 0,078125; 0,078125; 141,07692307692307; 0,03509375
892; 0,078125; 0,078125; 141,44230769230768; 0,035184644
893; 0,078125; 0,078125; 143,92307692307693; 0,035801757
894; 0,078125; 0,078125; 141,6153846153846; 0,03522771
895; 0,078125; 0,078125; 140,84615384615384; 0,035036348
896; 0,078125; 0,078125; 140,48076923076923; 0,03494545
897; 0,078125; 0,078125; 141,92307692307693; 0,035304245
898; 0,078125; 0,078125; 141,09615384615384; 0,035098538
899; 0,078125; 0,078125; 140,25; 0,03488805
900; 0,078125; 0,078125; 141,21153846153845; 0,03512724
901; 0,078125; 0,078125; 141,53846153846155; 0,03520856
902; 0,078125; 0,078125; 140,98076923076923; 0,03506983
903; 0,078125; 0,078125; 141,0; 0,035074618
904; 0,078125; 0,078125; 141,59615384615384; 0,035222914
905; 0,078125; 0,078125; 143,17307692307693; 0,035615183
906; 0,078125; 0,078125; 140,42307692307693; 0,03493111
907; 0,078125; 0,078125; 141,1346153846154; 0,035108104
908; 0,078125; 0,078125; 141,15384615384616; 0,035112888
909; 0,078125; 0,078125; 141,44230769230768; 0,035184644
910; 0,078125; 0,078125; 139,96153846153845; 0,034816295
911; 0,078125; 0,078125; 141,26923076923077; 0,035141587
912; 0,078125; 0,078125; 141,75; 0,035261188
913; 0,078125; 0,078125; 143,82692307692307; 0,03577784
914; 0,078125; 0,078125; 140,67307692307693; 0,034993295
915; 0,078125; 0,078125; 140,26923076923077; 0,034892835
916; 0,078125; 0,078125; 141,0; 0,035074618
917; 0,078125; 0,078125; 141,23076923076923; 0,035132024
918; 0,078125; 0,078125; 142,6153846153846; 0,035476454
919; 0,078125; 0,078125; 140,73076923076923; 0,035007644
920; 0,078125; 0,078125; 141,96153846153845; 0,035313807
921; 0,078125; 0,078125; 140,65384615384616; 0,034988515
922; 0,078125; 0,078125; 142,1153846153846; 0,035352077
923; 0,078125; 0,078125; 141,82692307692307; 0,03528032
924; 0,078125; 0,078125; 140,8653846153846; 0,035041135
925; 0,078125; 0,078125; 140,34615384615384; 0,034911968
926; 0,078125; 0,078125; 141,32692307692307; 0,035155945
927; 0,078125; 0,078125; 140,78846153846155; 0,035021998
928; 0,078125; 0,078125; 144,53846153846155; 0,035954837
929; 0,078125; 0,078125; 140,51923076923077; 0,03495503
930; 0,078125; 0,078125; 141,15384615384616; 0,035112884
931; 0,078125; 0,078125; 140,1153846153846; 0,034854565
932; 0,078125; 0,078125; 140,51923076923077; 0,034955025
933; 0,078125; 0,078125; 141,44230769230768; 0,035184644
934; 0,078125; 0,078125; 141,19230769230768; 0,03512246
935; 0,078125; 0,078125; 140,25; 0,03488805
936; 0,078125; 0,078125; 141,44230769230768; 0,035184648
937; 0,078125; 0,078125; 140,3846153846154; 0,034921534
938; 0,078125; 0,078125; 141,6153846153846; 0,0352277
939; 0,078125; 0,078125; 141,19230769230768; 0,035122458
940; 0,078125; 0,078125; 141,19230769230768; 0,035122458
941; 0,078125; 0,078125; 140,57692307692307; 0,03496938
942; 0,078125; 0,078125; 142,1153846153846; 0,035352077
943; 0,078125; 0,078125; 140,01923076923077; 0,034830652
944; 0,078125; 0,078125; 141,92307692307693; 0,03530424
945; 0,078125; 0,078125; 140,65384615384616; 0,03498851
946; 0,078125; 0,078125; 142,34615384615384; 0,035409484
947; 0,078125; 0,078125; 140,3846153846154; 0,034921534
948; 0,078125; 0,078125; 140,42307692307693; 0,034931105
949; 0,078125; 0,078125; 141,76923076923077; 0,035265967
950; 0,078125; 0,078125; 140,71153846153845; 0,03500286
951; 0,078125; 0,078125; 140,6346153846154; 0,034983728
952; 0,078125; 0,078125; 140,57692307692307; 0,03496938
953; 0,078125; 0,078125; 141,98076923076923; 0,035318594
954; 0,078125; 0,078125; 140,84615384615384; 0,035036348
955; 0,078125; 0,078125; 141,57692307692307; 0,035218135
956; 0,078125; 0,078125; 142,5; 0,035447754
957; 0,078125; 0,078125; 141,3653846153846; 0,03516551
958; 0,078125; 0,078125; 140,82692307692307; 0,035031565
959; 0,078125; 0,078125; 140,80769230769232; 0,03502678
960; 0,078125; 0,078125; 142,34615384615384; 0,035409484
961; 0,078125; 0,078125; 140,59615384615384; 0,034974158
962; 0,078125; 0,078125; 141,59615384615384; 0,035222914
963; 0,078125; 0,078125; 141,25; 0,03513681
964; 0,078125; 0,078125; 143,84615384615384; 0,03578262
965; 0,078125; 0,078125; 140,42307692307693; 0,034931105
966; 0,078125; 0,078125; 142,03846153846155; 0,035332948
967; 0,078125; 0,078125; 140,82692307692307; 0,035031572
968; 0,078125; 0,078125; 140,76923076923077; 0,035017215
969; 0,078125; 0,078125; 141,40384615384616; 0,035175078
970; 0,078125; 0,078125; 142,42307692307693; 0,035428617
971; 0,078125; 0,078125; 141,05769230769232; 0,035088968
972; 0,078125; 0,078125; 140,6153846153846; 0,034978945
973; 0,078125; 0,078125; 142,6153846153846; 0,035476454
974; 0,078125; 0,078125; 141,34615384615384; 0,035160724
975; 0,078125; 0,078125; 139,78846153846155; 0,034773238
976; 0,078125; 0,078125; 141,48076923076923; 0,03519421
977; 0,078125; 0,078125; 141,65384615384616; 0,035237268
978; 0,078125; 0,078125; 139,23076923076923; 0,03463451
979; 0,078125; 0,078125; 141,8653846153846; 0,035289887
980; 0,078125; 0,078125; 141,30769230769232; 0,035151158
981; 0,078125; 0,078125; 141,53846153846155; 0,035208564
982; 0,078125; 0,078125; 140,53846153846155; 0,034959804
983; 0,078125; 0,078125; 141,46153846153845; 0,03518943
984; 0,078125; 0,078125; 140,67307692307693; 0,034993295
985; 0,078125; 0,078125; 140,96153846153845; 0,035065047
986; 0,078125; 0,078125; 140,28846153846155; 0,034897618
987; 0,078125; 0,078125; 142,0; 0,03532337
988; 0,078125; 0,078125; 140,98076923076923; 0,03506983
989; 0,078125; 0,078125; 140,15384615384616; 0,03486414
990; 0,078125; 0,078125; 140,98076923076923; 0,03506984
991; 0,078125; 0,078125; 140,44230769230768; 0,03493589
992; 0,078125; 0,078125; 141,59615384615384; 0,035222914
993; 0,078125; 0,078125; 140,96153846153845; 0,03506505
994; 0,078125; 0,078125; 141,42307692307693; 0,035179865
995; 0,078125; 0,078125; 140,44230769230768; 0,034935888
996; 0,078125; 0,078125; 141,34615384615384; 0,035160724
997; 0,078125; 0,078125; 141,3653846153846; 0,03516551
998; 0,078125; 0,078125; 140,8653846153846; 0,03504113
999; 0,078125; 0,078125; 140,5; 0,034950234
1000; 0,078125; 0,078125; 142,19230769230768; 0,03537121
1001; 0,078125; 0,078125; 140,5; 0,03495024
1002; 0,078125; 0,078125; 140,80769230769232; 0,03502678
1003; 0,078125; 0,078125; 141,07692307692307; 0,035093755
1004; 0,078125; 0,078125; 142,65384615384616; 0,035486028
1005; 0,078125; 0,078125; 140,09615384615384; 0,034849778
1006; 0,078125; 0,078125; 141,0; 0,03507462
1007; 0,078125; 0,078125; 140,75; 0,035012428
1008; 0,078125; 0,078125; 141,0; 0,03507462
1009; 0,078125; 0,078125; 141,55769230769232; 0,035213348
1010; 0,078125; 0,078125; 143,09615384615384; 0,035596047
1011; 0,078125; 0,078125; 141,42307692307693; 0,035179857
1012; 0,078125; 0,078125; 141,3846153846154; 0,035170294
1013; 0,078125; 0,078125; 141,17307692307693; 0,035117675
1014; 0,078125; 0,078125; 140,30769230769232; 0,034902405
1015; 0,078125; 0,078125; 140,73076923076923; 0,03500765
1016; 0,078125; 0,078125; 140,65384615384616; 0,034988508
1017; 0,078125; 0,078125; 140,6346153846154; 0,034983728
1018; 0,078125; 0,078125; 140,28846153846155; 0,034897618
1019; 0,078125; 0,078125; 141,71153846153845; 0,035251625
1020; 0,078125; 0,078125; 142,25; 0,035385564
1021; 0,078125; 0,078125; 141,25; 0,03513681
1022; 0,078125; 0,078125; 141,32692307692307; 0,035155945
1023; 0,078125; 0,078125; 141,57692307692307; 0,03521813
1024; 0,078125; 0,078125; 141,8846153846154; 0,03529467
1025; 0,078125; 0,078125; 141,48076923076923; 0,035194214
1026; 0,078125; 0,078125; 142,5; 0,035447754
1027; 0,078125; 0,078125; 140,92307692307693; 0,035055485
1028; 0,078125; 0,078125; 140,76923076923077; 0,035017215
1029; 0,078125; 0,078125; 140,34615384615384; 0,034911968
1030; 0,078125; 0,078125; 140,6346153846154; 0,034983724
1031; 0,078125; 0,078125; 141,65384615384616; 0,03523727
1032; 0,078125; 0,078125; 141,84615384615384; 0,035285108
1033; 0,078125; 0,078125; 141,51923076923077; 0,03520378
1034; 0,078125; 0,078125; 141,90384615384616; 0,035299454
1035; 0,078125; 0,078125; 141,28846153846155; 0,035146378
1036; 0,078125; 0,078125; 142,6153846153846; 0,035476454
1037; 0,078125; 0,078125; 141,78846153846155; 0,035270754
1038; 0,078125; 0,078125; 141,26923076923077; 0,03514159
1039; 0,078125; 0,078125; 140,44230769230768; 0,034935895
1040; 0,078125; 0,078125; 141,6346153846154; 0,03523248
1041; 0,078125; 0,078125; 140,42307692307693; 0,034931105
1042; 0,078125; 0,078125; 142,3846153846154; 0,035419054
1043; 0,078125; 0,078125; 144,07692307692307; 0,035840027
1044; 0,078125; 0,078125; 141,26923076923077; 0,035141595
1045; 0,078125; 0,078125; 141,0; 0,035074614
1046; 0,078125; 0,078125; 140,40384615384616; 0,03492632
1047; 0,078125; 0,078125; 140,71153846153845; 0,03500286
1048; 0,078125; 0,078125; 139,73076923076923; 0,03475889
1049; 0,078125; 0,078125; 141,21153846153845; 0,035127245
1050; 0,078125; 0,078125; 141,65384615384616; 0,03523727
1051; 0,078125; 0,078125; 141,71153846153845; 0,035251614
1052; 0,078125; 0,078125; 140,82692307692307; 0,035031565
1053; 0,078125; 0,078125; 141,30769230769232; 0,03515116
1054; 0,078125; 0,078125; 141,3846153846154; 0,035170294
1055; 0,078125; 0,078125; 142,80769230769232; 0,035524294
1056; 0,078125; 0,078125; 140,55769230769232; 0,034964588
1057; 0,078125; 0,078125; 140,8846153846154; 0,035045918
1058; 0,078125; 0,078125; 140,34615384615384; 0,034911968
1059; 0,078125; 0,078125; 140,53846153846155; 0,0349598
1060; 0,078125; 0,078125; 140,69230769230768; 0,034998078
1061; 0,078125; 0,078125; 140,44230769230768; 0,03493589
1062; 0,078125; 0,078125; 141,1346153846154; 0,035108104
1063; 0,078125; 0,078125; 141,3653846153846; 0,03516551
1064; 0,078125; 0,078125; 141,1153846153846; 0,035103325
1065; 0,078125; 0,078125; 141,1153846153846; 0,035103325
1066; 0,078125; 0,078125; 142,34615384615384; 0,035409488
1067; 0,078125; 0,078125; 140,48076923076923; 0,034945454
1068; 0,078125; 0,078125; 140,98076923076923; 0,035069834
1069; 0,078125; 0,078125; 140,94230769230768; 0,035060268
1070; 0,078125; 0,078125; 141,21153846153845; 0,035127237
1071; 0,078125; 0,078125; 140,96153846153845; 0,03506505
1072; 0,078125; 0,078125; 142,34615384615384; 0,035409484
1073; 0,078125; 0,078125; 141,92307692307693; 0,03530424
1074; 0,078125; 0,078125; 140,76923076923077; 0,03501721
1075; 0,078125; 0,078125; 140,78846153846155; 0,035021998
1076; 0,078125; 0,078125; 141,25; 0,03513681
1077; 0,078125; 0,078125; 141,05769230769232; 0,03508897
1078; 0,078125; 0,078125; 140,80769230769232; 0,035026774
1079; 0,078125; 0,078125; 141,25; 0,03513681
1080; 0,078125; 0,078125; 140,65384615384616; 0,03498851
1081; 0,078125; 0,078125; 141,44230769230768; 0,035184644
1082; 0,078125; 0,078125; 140,84615384615384; 0,035036348
1083; 0,078125; 0,078125; 141,09615384615384; 0,03509854
1084; 0,078125; 0,078125; 141,34615384615384; 0,035160728
1085; 0,078125; 0,078125; 141,44230769230768; 0,035184648
1086; 0,078125; 0,078125; 140,6153846153846; 0,03497894
1087; 0,078125; 0,078125; 140,94230769230768; 0,035060264
1088; 0,078125; 0,078125; 142,40384615384616; 0,035423838
1089; 0,078125; 0,078125; 141,26923076923077; 0,03514159
1090; 0,078125; 0,078125; 142,15384615384616; 0,035361648
1091; 0,078125; 0,078125; 140,76923076923077; 0,03501721
1092; 0,078125; 0,078125; 140,8846153846154; 0,035045914
1093; 0,078125; 0,078125; 140,96153846153845; 0,03506505
1094; 0,078125; 0,078125; 140,09615384615384; 0,034849785
1095; 0,078125; 0,078125; 142,17307692307693; 0,03536644
1096; 0,078125; 0,078125; 143,34615384615384; 0,03565824
1097; 0,078125; 0,078125; 140,17307692307693; 0,03486892
1098; 0,078125; 0,078125; 140,67307692307693; 0,034993295
1099; 0,078125; 0,078125; 140,42307692307693; 0,034931105
1100; 0,078125; 0,078125; 140,48076923076923; 0,034945454
1101; 0,078125; 0,078125; 140,21153846153845; 0,034878485
1102; 0,078125; 0,078125; 141,26923076923077; 0,035141595
1103; 0,078125; 0,078125; 141,32692307692307; 0,035155945
1104; 0,078125; 0,078125; 140,53846153846155; 0,034959815
1105; 0,078125; 0,078125; 141,3846153846154; 0,03517029
1106; 0,078125; 0,078125; 140,92307692307693; 0,035055485
1107; 0,078125; 0,078125; 141,40384615384616; 0,035175078
1108; 0,078125; 0,078125; 142,0; 0,035323374
1109; 0,078125; 0,078125; 141,3653846153846; 0,03516551
1110; 0,078125; 0,078125; 141,73076923076923; 0,0352564
1111; 0,078125; 0,078125; 141,15384615384616; 0,035112888
1112; 0,078125; 0,078125; 140,6153846153846; 0,03497894
1113; 0,078125; 0,078125; 140,25; 0,03488805
1114; 0,078125; 0,078125; 143,21153846153845; 0,035624754
1115; 0,078125; 0,078125; 141,0; 0,035074618
1116; 0,078125; 0,078125; 142,03846153846155; 0,03533294
1117; 0,078125; 0,078125; 142,25; 0,035385564
1118; 0,078125; 0,078125; 140,65384615384616; 0,03498851
1119; 0,078125; 0,078125; 140,40384615384616; 0,03492632
1120; 0,078125; 0,078125; 140,69230769230768; 0,034998078
1121; 0,078125; 0,078125; 141,01923076923077; 0,0350794
1122; 0,078125; 0,078125; 141,59615384615384; 0,035222914
1123; 0,078125; 0,078125; 141,96153846153845; 0,035313807
1124; 0,078125; 0,078125; 141,30769230769232; 0,03515116
1125; 0,078125; 0,078125; 140,82692307692307; 0,03503156
1126; 0,078125; 0,078125; 141,30769230769232; 0,035151165
1127; 0,078125; 0,078125; 140,6153846153846; 0,03497894
1128; 0,078125; 0,078125; 141,44230769230768; 0,035184644
1129; 0,078125; 0,078125; 140,6346153846154; 0,03498373
1130; 0,078125; 0,078125; 141,32692307692307; 0,03515594
1131; 0,078125; 0,078125; 140,5; 0,034950238
1132; 0,078125; 0,078125; 141,28846153846155; 0,03514637
1133; 0,078125; 0,078125; 140,96153846153845; 0,035065055
1134; 0,078125; 0,078125; 141,59615384615384; 0,035222914
1135; 0,078125; 0,078125; 141,82692307692307; 0,03528032
1136; 0,078125; 0,078125; 141,40384615384616; 0,035175078
1137; 0,078125; 0,078125; 140,65384615384616; 0,034988515
1138; 0,078125; 0,078125; 141,17307692307693; 0,035117675
1139; 0,078125; 0,078125; 140,3653846153846; 0,03491675
1140; 0,078125; 0,078125; 142,34615384615384; 0,035409484
1141; 0,078125; 0,078125; 141,8846153846154; 0,035294674
1142; 0,078125; 0,078125; 141,8653846153846; 0,035289887
1143; 0,078125; 0,078125; 140,96153846153845; 0,03506505
1144; 0,078125; 0,078125; 141,01923076923077; 0,0350794
1145; 0,078125; 0,078125; 140,53846153846155; 0,03495981
1146; 0,078125; 0,078125; 140,69230769230768; 0,034998085
1147; 0,078125; 0,078125; 140,1153846153846; 0,034854565
1148; 0,078125; 0,078125; 141,21153846153845; 0,035127237
1149; 0,078125; 0,078125; 140,98076923076923; 0,035069834
1150; 0,078125; 0,078125; 141,92307692307693; 0,03530424
1151; 0,078125; 0,078125; 141,25; 0,035136804
1152; 0,078125; 0,078125; 141,57692307692307; 0,03521813
1153; 0,078125; 0,078125; 140,82692307692307; 0,035031565
1154; 0,078125; 0,078125; 140,78846153846155; 0,035021994
1155; 0,078125; 0,078125; 141,3653846153846; 0,03516551
1156; 0,078125; 0,078125; 140,03846153846155; 0,034835428
1157; 0,078125; 0,078125; 142,01923076923077; 0,035328154
1158; 0,078125; 0,078125; 141,26923076923077; 0,035141595
1159; 0,078125; 0,078125; 140,8653846153846; 0,035041127
1160; 0,078125; 0,078125; 141,3653846153846; 0,03516551
1161; 0,078125; 0,078125; 140,84615384615384; 0,03503635
1162; 0,078125; 0,078125; 141,8653846153846; 0,035289887
1163; 0,078125; 0,078125; 141,15384615384616; 0,03511289
1164; 0,078125; 0,078125; 141,05769230769232; 0,035088968
1165; 0,078125; 0,078125; 140,82692307692307; 0,035031565
1166; 0,078125; 0,078125; 140,51923076923077; 0,03495502
1167; 0,078125; 0,078125; 140,42307692307693; 0,034931105
1168; 0,078125; 0,078125; 139,57692307692307; 0,03472062
1169; 0,078125; 0,078125; 140,92307692307693; 0,035055485
1170; 0,078125; 0,078125; 141,6153846153846; 0,0352277
1171; 0,078125; 0,078125; 140,90384615384616; 0,0350507
1172; 0,078125; 0,078125; 140,65384615384616; 0,034988508
1173; 0,078125; 0,078125; 141,48076923076923; 0,035194214
1174; 0,078125; 0,078125; 143,07692307692307; 0,035591267
1175; 0,078125; 0,078125; 142,0; 0,035323374
1176; 0,078125; 0,078125; 141,25; 0,035136804
1177; 0,078125; 0,078125; 141,21153846153845; 0,03512724
1178; 0,078125; 0,078125; 141,28846153846155; 0,035146378
1179; 0,078125; 0,078125; 142,01923076923077; 0,03532816
1180; 0,078125; 0,078125; 140,1346153846154; 0,034859348
1181; 0,078125; 0,078125; 140,82692307692307; 0,035031565
1182; 0,078125; 0,078125; 142,42307692307693; 0,03542862
1183; 0,078125; 0,078125; 141,05769230769232; 0,03508897
1184; 0,078125; 0,078125; 141,05769230769232; 0,03508897
1185; 0,078125; 0,078125; 142,28846153846155; 0,035395134
1186; 0,078125; 0,078125; 142,78846153846155; 0,03551951
1187; 0,078125; 0,078125; 140,90384615384616; 0,035050698
1188; 0,078125; 0,078125; 141,23076923076923; 0,035132024
1189; 0,078125; 0,078125; 140,32692307692307; 0,03490719
1190; 0,078125; 0,078125; 140,90384615384616; 0,0350507
1191; 0,078125; 0,078125; 141,01923076923077; 0,035079397
1192; 0,078125; 0,078125; 140,8846153846154; 0,035045918
1193; 0,078125; 0,078125; 142,25; 0,035385564
1194; 0,078125; 0,078125; 140,48076923076923; 0,03494546
1195; 0,078125; 0,078125; 143,0; 0,035572134
1196; 0,078125; 0,078125; 140,3653846153846; 0,03491675
1197; 0,078125; 0,078125; 140,8846153846154; 0,035045914
1198; 0,078125; 0,078125; 141,21153846153845; 0,03512724
1199; 0,078125; 0,078125; 140,94230769230768; 0,03506027
1200; 0,078125; 0,078125; 139,42307692307693; 0,034682352
1201; 0,078125; 0,078125; 140,6153846153846; 0,03497894
1202; 0,078125; 0,078125; 140,67307692307693; 0,034993295
1203; 0,078125; 0,078125; 142,44230769230768; 0,035433404
1204; 0,078125; 0,078125; 141,30769230769232; 0,035151158
1205; 0,078125; 0,078125; 141,67307692307693; 0,03524205
1206; 0,078125; 0,078125; 140,67307692307693; 0,034993295
1207; 0,078125; 0,078125; 140,98076923076923; 0,03506983
1208; 0,078125; 0,078125; 141,75; 0,035261188
1209; 0,078125; 0,078125; 140,55769230769232; 0,0349646
1210; 0,078125; 0,078125; 142,5; 0,03544775
1211; 0,078125; 0,078125; 141,25; 0,035136808
1212; 0,078125; 0,078125; 141,6346153846154; 0,03523248
1213; 0,078125; 0,078125; 141,46153846153845; 0,03518943
1214; 0,078125; 0,078125; 142,51923076923077; 0,03545254
1215; 0,078125; 0,078125; 141,6153846153846; 0,035227697
1216; 0,078125; 0,078125; 141,01923076923077; 0,035079405
1217; 0,078125; 0,078125; 140,51923076923077; 0,034955025
1218; 0,078125; 0,078125; 140,19230769230768; 0,034873698
1219; 0,078125; 0,078125; 140,67307692307693; 0,0349933
1220; 0,078125; 0,078125; 140,17307692307693; 0,034868915
1221; 0,078125; 0,078125; 141,26923076923077; 0,035141595
1222; 0,078125; 0,078125; 140,65384615384616; 0,034988508
1223; 0,078125; 0,078125; 140,32692307692307; 0,03490719
1224; 0,078125; 0,078125; 141,3846153846154; 0,035170298
1225; 0,078125; 0,078125; 139,28846153846155; 0,03464886
1226; 0,078125; 0,078125; 140,09615384615384; 0,034849778
1227; 0,078125; 0,078125; 141,1346153846154; 0,035108104
1228; 0,078125; 0,078125; 143,48076923076923; 0,035691727
1229; 0,078125; 0,078125; 140,5; 0,034950245
1230; 0,078125; 0,078125; 140,90384615384616; 0,035050698
1231; 0,078125; 0,078125; 142,15384615384616; 0,035361644
1232; 0,078125; 0,078125; 140,46153846153845; 0,03494067
1233; 0,078125; 0,078125; 142,40384615384616; 0,035423834
1234; 0,078125; 0,078125; 141,6153846153846; 0,035227697
1235; 0,078125; 0,078125; 141,0; 0,035074618
1236; 0,078125; 0,078125; 142,15384615384616; 0,035361644
1237; 0,078125; 0,078125; 141,17307692307693; 0,035117675
1238; 0,078125; 0,078125; 140,90384615384616; 0,035050698
1239; 0,078125; 0,078125; 141,19230769230768; 0,035122458
1240; 0,078125; 0,078125; 140,82692307692307; 0,03503156
1241; 0,078125; 0,078125; 141,01923076923077; 0,0350794
1242; 0,078125; 0,078125; 142,30769230769232; 0,035399914
1243; 0,078125; 0,078125; 140,01923076923077; 0,034830645
1244; 0,078125; 0,078125; 141,0; 0,035074614
1245; 0,078125; 0,078125; 141,5; 0,035198994
1246; 0,078125; 0,078125; 139,94230769230768; 0,034811515
1247; 0,078125; 0,078125; 141,09615384615384; 0,035098534
1248; 0,078125; 0,078125; 141,55769230769232; 0,035213344
1249; 0,078125; 0,078125; 140,28846153846155; 0,034897618
1250; 0,078125; 0,078125; 141,71153846153845; 0,03525162
1251; 0,078125; 0,078125; 142,09615384615384; 0,03534729
1252; 0,078125; 0,078125; 141,17307692307693; 0,03511767
1253; 0,078125; 0,078125; 142,05769230769232; 0,035337728
1254; 0,078125; 0,078125; 140,28846153846155; 0,03489762
1255; 0,078125; 0,078125; 140,32692307692307; 0,03490719
1256; 0,078125; 0,078125; 140,48076923076923; 0,034945454
1257; 0,078125; 0,078125; 141,46153846153845; 0,035189427
1258; 0,078125; 0,078125; 141,53846153846155; 0,03520856
1259; 0,078125; 0,078125; 142,07692307692307; 0,03534251
1260; 0,078125; 0,078125; 142,01923076923077; 0,035328154
1261; 0,078125; 0,078125; 141,26923076923077; 0,035141587
1262; 0,078125; 0,078125; 140,84615384615384; 0,035036348
1263; 0,078125; 0,078125; 140,6153846153846; 0,03497894
1264; 0,078125; 0,078125; 141,59615384615384; 0,03522292
1265; 0,078125; 0,078125; 141,1153846153846; 0,035103325
1266; 0,078125; 0,078125; 140,09615384615384; 0,034849785
1267; 0,078125; 0,078125; 140,82692307692307; 0,03503156
1268; 0,078125; 0,078125; 141,40384615384616; 0,035175078
1269; 0,078125; 0,078125; 140,51923076923077; 0,034955025
1270; 0,078125; 0,078125; 140,94230769230768; 0,035060264
1271; 0,078125; 0,078125; 140,6346153846154; 0,034983728
1272; 0,078125; 0,078125; 141,40384615384616; 0,035175078
1273; 0,078125; 0,078125; 140,78846153846155; 0,035021998
1274; 0,078125; 0,078125; 141,3653846153846; 0,03516551
1275; 0,078125; 0,078125; 141,57692307692307; 0,035218135
1276; 0,078125; 0,078125; 140,96153846153845; 0,03506505
1277; 0,078125; 0,078125; 142,23076923076923; 0,035380784
1278; 0,078125; 0,078125; 141,3846153846154; 0,03517029
1279; 0,078125; 0,078125; 141,15384615384616; 0,03511289
1280; 0,078125; 0,078125; 141,3653846153846; 0,035165515
1281; 0,078125; 0,078125; 141,25; 0,03513681
1282; 0,078125; 0,078125; 142,07692307692307; 0,03534251
1283; 0,078125; 0,078125; 140,26923076923077; 0,034892835
1284; 0,078125; 0,078125; 141,1346153846154; 0,035108108
1285; 0,078125; 0,078125; 141,40384615384616; 0,035175078
1286; 0,078125; 0,078125; 140,26923076923077; 0,034892835
1287; 0,078125; 0,078125; 140,51923076923077; 0,03495502
1288; 0,078125; 0,078125; 141,6153846153846; 0,035227697
1289; 0,078125; 0,078125; 142,48076923076923; 0,035442967
1290; 0,078125; 0,078125; 141,92307692307693; 0,035304237
1291; 0,078125; 0,078125; 141,53846153846155; 0,035208568
1292; 0,078125; 0,078125; 139,65384615384616; 0,034739755
1293; 0,078125; 0,078125; 140,71153846153845; 0,035002865
1294; 0,078125; 0,078125; 141,34615384615384; 0,035160724
1295; 0,078125; 0,078125; 141,23076923076923; 0,035132024
1296; 0,078125; 0,078125; 139,80769230769232; 0,034778025
1297; 0,078125; 0,078125; 141,03846153846155; 0,035084184
1298; 0,078125; 0,078125; 140,15384615384616; 0,03486413
1299; 0,078125; 0,078125; 141,19230769230768; 0,035122454
1300; 0,078125; 0,078125; 141,6346153846154; 0,03523248
1301; 0,078125; 0,078125; 143,23076923076923; 0,035629533
1302; 0,078125; 0,078125; 140,8653846153846; 0,03504113
1303; 0,078125; 0,078125; 141,03846153846155; 0,035084184
1304; 0,078125; 0,078125; 140,84615384615384; 0,035036348
1305; 0,078125; 0,078125; 141,03846153846155; 0,035084184
1306; 0,078125; 0,078125; 141,25; 0,03513681
1307; 0,078125; 0,078125; 142,32692307692307; 0,035404697
1308; 0,078125; 0,078125; 140,8846153846154; 0,035045914
1309; 0,078125; 0,078125; 141,96153846153845; 0,035313804
1310; 0,078125; 0,078125; 140,46153846153845; 0,034940667
1311; 0,078125; 0,078125; 142,3653846153846; 0,035414267
1312; 0,078125; 0,078125; 140,3653846153846; 0,034916755
1313; 0,078125; 0,078125; 141,3846153846154; 0,035170294
1314; 0,078125; 0,078125; 141,48076923076923; 0,035194214
1315; 0,078125; 0,078125; 141,44230769230768; 0,03518465
1316; 0,078125; 0,078125; 141,1153846153846; 0,035103317
1317; 0,078125; 0,078125; 141,73076923076923; 0,0352564
1318; 0,078125; 0,078125; 141,21153846153845; 0,035127245
1319; 0,078125; 0,078125; 141,59615384615384; 0,035222918
1320; 0,078125; 0,078125; 140,76923076923077; 0,03501721
1321; 0,078125; 0,078125; 141,0; 0,035074618
1322; 0,078125; 0,078125; 141,03846153846155; 0,035084188
1323; 0,078125; 0,078125; 140,1153846153846; 0,034854565
1324; 0,078125; 0,078125; 143,03846153846155; 0,0355817
1325; 0,078125; 0,078125; 140,59615384615384; 0,034974154
1326; 0,078125; 0,078125; 140,98076923076923; 0,03506984
1327; 0,078125; 0,078125; 141,03846153846155; 0,03508418
1328; 0,078125; 0,078125; 141,17307692307693; 0,03511767
1329; 0,078125; 0,078125; 141,0; 0,035074618
1330; 0,078125; 0,078125; 141,67307692307693; 0,035242055
1331; 0,078125; 0,078125; 141,8653846153846; 0,035289884
1332; 0,078125; 0,0625; 140,3846153846154; 0,034921538
1333; 0,0625; 0,0625; 152,3653846153846; 0,037901834
1334; 0,0625; 0,0625; 159,21153846153845; 0,039604858
1335; 0,0625; 0,0625; 159,21153846153845; 0,039604858
1336; 0,0625; 0,0625; 161,51923076923077; 0,04017891
1337; 0,0625; 0,0625; 158,98076923076923; 0,039547447
1338; 0,0625; 0,0625; 158,71153846153845; 0,039480474
1339; 0,0625; 0,046875; 158,26923076923077; 0,039370455
1340; 0,046875; 0,046875; 158,40384615384616; 0,03940394
1341; 0,046875; 0,046875; 159,28846153846155; 0,03962399
1342; 0,046875; 0,046875; 158,82692307692307; 0,039509177
1343; 0,046875; 0,046875; 158,5; 0,039427858
1344; 0,046875; 0,046875; 158,94230769230768; 0,039537884
1345; 0,046875; 0,046875; 159,23076923076923; 0,039609637
1346; 0,046875; 0,046875; 158,1346153846154; 0,039336972
1347; 0,046875; 0,046875; 158,5; 0,03942785
1348; 0,046875; 0,046875; 159,3653846153846; 0,039643127
1349; 0,046875; 0,046875; 159,32692307692307; 0,039633565
1350; 0,046875; 0,046875; 160,28846153846155; 0,039872747
1351; 0,046875; 0,046875; 159,82692307692307; 0,039757933
1352; 0,046875; 0,046875; 158,48076923076923; 0,03942307
1353; 0,046875; 0,046875; 160,26923076923077; 0,03986796
1354; 0,046875; 0,046875; 158,42307692307693; 0,03940872
1355; 0,046875; 0,046875; 157,73076923076923; 0,039236505
1356; 0,046875; 0,046875; 158,78846153846155; 0,039499607
1357; 0,046875; 0,046875; 158,71153846153845; 0,039480474
1358; 0,046875; 0,046875; 159,40384615384616; 0,03965269
1359; 0,046875; 0,046875; 157,46153846153845; 0,03916953
1360; 0,046875; 0,046875; 160,96153846153845; 0,040040176
1361; 0,046875; 0,046875; 158,8846153846154; 0,039523527
1362; 0,046875; 0,046875; 159,07692307692307; 0,03957137
1363; 0,046875; 0,046875; 159,17307692307693; 0,039595287
1364; 0,046875; 0,046875; 158,0; 0,039303478
1365; 0,046875; 0,046875; 158,55769230769232; 0,039442204
1366; 0,046875; 0,046875; 158,94230769230768; 0,03953788
1367; 0,046875; 0,046875; 158,8846153846154; 0,039523527
1368; 0,046875; 0,046875; 161,71153846153845; 0,040226743
1369; 0,046875; 0,046875; 159,55769230769232; 0,039690964
1370; 0,046875; 0,046875; 158,75; 0,039490044
1371; 0,046875; 0,046875; 159,01923076923077; 0,039557017
1372; 0,046875; 0,046875; 159,1346153846154; 0,039585717
1373; 0,046875; 0,046875; 158,23076923076923; 0,03936088
1374; 0,046875; 0,046875; 159,09615384615384; 0,039576154
1375; 0,046875; 0,046875; 159,01923076923077; 0,039557017
1376; 0,046875; 0,046875; 158,57692307692307; 0,03944699
1377; 0,046875; 0,046875; 159,46153846153845; 0,039667044
1378; 0,046875; 0,046875; 158,84615384615384; 0,039513964
1379; 0,046875; 0,046875; 160,53846153846155; 0,039934937
1380; 0,046875; 0,046875; 159,1153846153846; 0,039580937
1381; 0,046875; 0,046875; 158,80769230769232; 0,039504394
1382; 0,046875; 0,046875; 159,25; 0,039614424
1383; 0,046875; 0,046875; 158,67307692307693; 0,03947091
1384; 0,046875; 0,046875; 159,03846153846155; 0,0395618
1385; 0,046875; 0,046875; 159,21153846153845; 0,039604858
1386; 0,046875; 0,046875; 160,05769230769232; 0,039815344
1387; 0,046875; 0,046875; 158,57692307692307; 0,03944699
1388; 0,046875; 0,046875; 159,17307692307693; 0,03959529
1389; 0,046875; 0,046875; 158,67307692307693; 0,039470907
1390; 0,046875; 0,046875; 160,40384615384616; 0,039901443
1391; 0,046875; 0,046875; 158,75; 0,039490044
1392; 0,046875; 0,046875; 158,75; 0,039490044
1393; 0,046875; 0,046875; 158,6153846153846; 0,039456554
1394; 0,046875; 0,046875; 158,90384615384616; 0,039528314
1395; 0,046875; 0,046875; 158,1346153846154; 0,039336964
1396; 0,046875; 0,046875; 157,98076923076923; 0,039298695
1397; 0,046875; 0,046875; 158,53846153846155; 0,03943742
1398; 0,046875; 0,046875; 159,23076923076923; 0,039609645
1399; 0,046875; 0,046875; 160,03846153846155; 0,039810557
1400; 0,046875; 0,046875; 159,94230769230768; 0,039786637
1401; 0,046875; 0,046875; 158,21153846153845; 0,039356098
1402; 0,046875; 0,046875; 158,03846153846155; 0,039313044
1403; 0,046875; 0,046875; 159,0; 0,039552234
1404; 0,046875; 0,046875; 160,90384615384616; 0,040025827
1405; 0,046875; 0,046875; 159,1153846153846; 0,039580937
1406; 0,046875; 0,046875; 159,25; 0,03961442
1407; 0,046875; 0,046875; 159,8653846153846; 0,039767504
1408; 0,046875; 0,046875; 158,23076923076923; 0,039360877
1409; 0,046875; 0,046875; 159,76923076923077; 0,03974358
1410; 0,046875; 0,046875; 158,71153846153845; 0,03948048
1411; 0,046875; 0,046875; 159,67307692307693; 0,039719664
1412; 0,046875; 0,046875; 159,19230769230768; 0,03960007
1413; 0,046875; 0,046875; 161,6153846153846; 0,04020283
1414; 0,046875; 0,046875; 158,71153846153845; 0,039480474
1415; 0,046875; 0,046875; 157,8846153846154; 0,039274774
1416; 0,046875; 0,046875; 158,59615384615384; 0,039451774
1417; 0,046875; 0,046875; 158,55769230769232; 0,039442208
1418; 0,046875; 0,046875; 158,94230769230768; 0,03953788
1419; 0,046875; 0,046875; 159,03846153846155; 0,0395618
1420; 0,046875; 0,046875; 158,03846153846155; 0,039313044
1421; 0,046875; 0,046875; 159,80769230769232; 0,039753146
1422; 0,046875; 0,046875; 159,03846153846155; 0,039561804
1423; 0,046875; 0,046875; 158,96153846153845; 0,039542668
1424; 0,046875; 0,03125; 158,75; 0,039490044
1425; 0,03125; 0,03125; 159,30769230769232; 0,039628778
1426; 0,03125; 0,03125; 156,42307692307693; 0,03891122
1427; 0,03125; 0,03125; 157,48076923076923; 0,039174322
1428; 0,03125; 0,03125; 157,1346153846154; 0,039088216
1429; 0,03125; 0,03125; 156,65384615384616; 0,03896862
1430; 0,03125; 0,03125; 159,07692307692307; 0,03957137
1431; 0,03125; 0,03125; 160,42307692307693; 0,039906237
1432; 0,03125; 0,03125; 159,55769230769232; 0,039690968
1433; 0,03125; 0,03125; 160,09615384615384; 0,03982491
1434; 0,03125; 0,03125; 160,3653846153846; 0,039891884
1435; 0,03125; 0,03125; 161,73076923076923; 0,04023153
1436; 0,03125; 0,03125; 160,07692307692307; 0,03982013
1437; 0,03125; 0,03125; 159,55769230769232; 0,039690968
1438; 0,03125; 0,03125; 160,25; 0,039863184
1439; 0,03125; 0,03125; 159,34615384615384; 0,039638348
1440; 0,03125; 0,03125; 160,19230769230768; 0,03984883
1441; 0,03125; 0,03125; 159,67307692307693; 0,039719675
1442; 0,03125; 0,03125; 160,46153846153845; 0,0399158
1443; 0,03125; 0,03125; 159,44230769230768; 0,039662264
1444; 0,03125; 0,03125; 159,46153846153845; 0,03966705
1445; 0,03125; 0,03125; 159,30769230769232; 0,03962878
1446; 0,03125; 0,03125; 161,6153846153846; 0,04020283
1447; 0,03125; 0,03125; 160,42307692307693; 0,03990623
1448; 0,03125; 0,03125; 160,09615384615384; 0,039824918
1449; 0,03125; 0,03125; 159,42307692307693; 0,039657477
1450; 0,03125; 0,03125; 160,34615384615384; 0,039887104
1451; 0,03125; 0,03125; 159,67307692307693; 0,039719667
1452; 0,03125; 0,03125; 159,1153846153846; 0,039580937
1453; 0,03125; 0,03125; 160,59615384615384; 0,03994929
1454; 0,03125; 0,03125; 160,6153846153846; 0,039954074
1455; 0,03125; 0,03125; 159,98076923076923; 0,039796207
1456; 0,03125; 0,03125; 161,0; 0,040049747
1457; 0,03125; 0,03125; 160,53846153846155; 0,03993494
1458; 0,03125; 0,03125; 160,03846153846155; 0,039810557
1459; 0,03125; 0,03125; 160,1346153846154; 0,03983448
1460; 0,03125; 0,03125; 159,42307692307693; 0,039657477
1461; 0,03125; 0,03125; 159,82692307692307; 0,039757933
1462; 0,03125; 0,03125; 159,57692307692307; 0,039695755
1463; 0,03125; 0,03125; 159,67307692307693; 0,039719667
1464; 0,03125; 0,03125; 159,59615384615384; 0,039700534
1465; 0,03125; 0,03125; 160,82692307692307; 0,040006693
1466; 0,03125; 0,03125; 159,8653846153846; 0,039767507
1467; 0,03125; 0,03125; 159,30769230769232; 0,03962877
1468; 0,03125; 0,03125; 160,01923076923077; 0,039805774
1469; 0,03125; 0,03125; 159,92307692307693; 0,03978186
1470; 0,03125; 0,03125; 159,26923076923077; 0,03961921
1471; 0,03125; 0,03125; 159,92307692307693; 0,03978186
1472; 0,03125; 0,03125; 160,07692307692307; 0,03982013
1473; 0,03125; 0,03125; 159,26923076923077; 0,03961921
1474; 0,03125; 0,03125; 159,8846153846154; 0,03977229
1475; 0,03125; 0,03125; 160,23076923076923; 0,039858397
1476; 0,03125; 0,03125; 159,73076923076923; 0,03973402
1477; 0,03125; 0,03125; 159,65384615384616; 0,039714888
1478; 0,03125; 0,03125; 159,57692307692307; 0,039695747
1479; 0,03125; 0,03125; 160,42307692307693; 0,039906237
1480; 0,03125; 0,03125; 160,80769230769232; 0,04000191
1481; 0,03125; 0,03125; 159,71153846153845; 0,039729238
1482; 0,03125; 0,03125; 160,53846153846155; 0,039934937
1483; 0,03125; 0,03125; 160,96153846153845; 0,040040188
1484; 0,03125; 0,03125; 161,21153846153845; 0,040102366
1485; 0,03125; 0,03125; 159,44230769230768; 0,039662264
1486; 0,03125; 0,03125; 159,1153846153846; 0,03958094
1487; 0,03125; 0,03125; 160,19230769230768; 0,03984883
1488; 0,03125; 0,03125; 159,55769230769232; 0,039690968
1489; 0,03125; 0,03125; 160,07692307692307; 0,03982013
1490; 0,03125; 0,03125; 159,78846153846155; 0,03974837
1491; 0,03125; 0,03125; 160,15384615384616; 0,039839264
1492; 0,03125; 0,03125; 159,80769230769232; 0,039753158
1493; 0,03125; 0,03125; 160,15384615384616; 0,039839264
1494; 0,03125; 0,03125; 159,80769230769232; 0,039753158
1495; 0,03125; 0,03125; 160,57692307692307; 0,039944507
1496; 0,03125; 0,03125; 161,19230769230768; 0,040097587
1497; 0,03125; 0,03125; 159,40384615384616; 0,039652698
1498; 0,03125; 0,03125; 160,30769230769232; 0,039877534
1499; 0,03125; 0,03125; 158,82692307692307; 0,03950918
1500; 0,03125; 0,03125; 160,92307692307693; 0,040030617
1501; 0,03125; 0,03125; 158,73076923076923; 0,03948526
1502; 0,03125; 0,03125; 159,69230769230768; 0,039724454
1503; 0,03125; 0,03125; 160,25; 0,039863177
1504; 0,03125; 0,03125; 160,09615384615384; 0,03982491
1505; 0,03125; 0,03125; 159,90384615384616; 0,039777074
1506; 0,03125; 0,03125; 159,3653846153846; 0,03964313
1507; 0,03125; 0,03125; 159,28846153846155; 0,039623998
1508; 0,03125; 0,03125; 159,51923076923077; 0,039681397
1509; 0,03125; 0,03125; 158,94230769230768; 0,039537888
1510; 0,03125; 0,03125; 159,17307692307693; 0,03959529
1511; 0,03125; 0,03125; 160,51923076923077; 0,03993015
1512; 0,03125; 0,03125; 160,6346153846154; 0,039958857
1513; 0,03125; 0,03125; 159,67307692307693; 0,039719675
1514; 0,03125; 0,03125; 160,53846153846155; 0,03993494
1515; 0,03125; 0,03125; 159,98076923076923; 0,03979621
1516; 0,03125; 0,03125; 160,09615384615384; 0,03982491
1517; 0,03125; 0,03125; 161,03846153846155; 0,040059313
1518; 0,03125; 0,03125; 159,78846153846155; 0,03974837
1519; 0,03125; 0,03125; 160,44230769230768; 0,039911017
1520; 0,03125; 0,03125; 160,0; 0,039800994
1521; 0,03125; 0,03125; 160,8653846153846; 0,040016256
1522; 0,03125; 0,03125; 159,94230769230768; 0,039786644
1523; 0,03125; 0,03125; 160,26923076923077; 0,039867964
1524; 0,03125; 0,03125; 159,73076923076923; 0,03973402
1525; 0,03125; 0,03125; 160,03846153846155; 0,03981056
1526; 0,03125; 0,03125; 160,21153846153845; 0,039853614
1527; 0,03125; 0,03125; 160,3846153846154; 0,039896667
1528; 0,03125; 0,03125; 160,30769230769232; 0,039877534
1529; 0,03125; 0,03125; 160,78846153846155; 0,039997123
1530; 0,03125; 0,03125; 159,90384615384616; 0,039777078
1531; 0,03125; 0,03125; 159,84615384615384; 0,03976272
1532; 0,03125; 0,03125; 160,01923076923077; 0,039805777
1533; 0,03125; 0,03125; 159,57692307692307; 0,039695755
1534; 0,03125; 0,03125; 160,25; 0,039863188
1535; 0,03125; 0,03125; 160,19230769230768; 0,03984883
1536; 0,03125; 0,03125; 160,23076923076923; 0,0398584
1537; 0,03125; 0,03125; 159,3653846153846; 0,03964313
1538; 0,03125; 0,03125; 160,30769230769232; 0,039877538
1539; 0,03125; 0,03125; 159,0; 0,039552234
1540; 0,03125; 0,03125; 159,75; 0,039738808
1541; 0,03125; 0,03125; 158,57692307692307; 0,03944699
1542; 0,03125; 0,03125; 159,6153846153846; 0,039705317
1543; 0,03125; 0,03125; 159,98076923076923; 0,03979621
1544; 0,03125; 0,03125; 160,21153846153845; 0,039853614
1545; 0,03125; 0,03125; 160,03846153846155; 0,03981056
1546; 0,03125; 0,03125; 160,23076923076923; 0,039858397
1547; 0,03125; 0,03125; 159,65384615384616; 0,039714888
1548; 0,03125; 0,03125; 159,8653846153846; 0,039767507
1549; 0,03125; 0,03125; 159,78846153846155; 0,03974837
1550; 0,03125; 0,03125; 159,69230769230768; 0,039724454
1551; 0,03125; 0,03125; 159,84615384615384; 0,039762728
1552; 0,03125; 0,03125; 159,96153846153845; 0,039791428
1553; 0,03125; 0,03125; 159,55769230769232; 0,039690968
1554; 0,03125; 0,03125; 159,76923076923077; 0,039743587
1555; 0,03125; 0,03125; 159,82692307692307; 0,03975794
1556; 0,03125; 0,03125; 160,28846153846155; 0,03987275
1557; 0,03125; 0,03125; 159,78846153846155; 0,039748374
1558; 0,03125; 0,03125; 159,98076923076923; 0,03979621
1559; 0,03125; 0,03125; 159,92307692307693; 0,039781854
1560; 0,03125; 0,03125; 159,78846153846155; 0,03974837
1561; 0,03125; 0,03125; 160,42307692307693; 0,03990624
1562; 0,03125; 0,03125; 159,65384615384616; 0,039714888
1563; 0,03125; 0,03125; 159,15384615384616; 0,03959051
1564; 0,03125; 0,03125; 159,25; 0,039614424
1565; 0,03125; 0,03125; 160,44230769230768; 0,039911017
1566; 0,03125; 0,03125; 159,94230769230768; 0,03978664
1567; 0,03125; 0,03125; 160,32692307692307; 0,03988232
1568; 0,03125; 0,03125; 160,30769230769232; 0,03987753
1569; 0,03125; 0,03125; 159,94230769230768; 0,039786644
1570; 0,03125; 0,03125; 159,46153846153845; 0,039667048
1571; 0,03125; 0,03125; 160,15384615384616; 0,039839264
1572; 0,03125; 0,03125; 159,80769230769232; 0,039753158
1573; 0,03125; 0,03125; 160,46153846153845; 0,0399158
1574; 0,03125; 0,03125; 160,30769230769232; 0,03987753
1575; 0,03125; 0,03125; 159,30769230769232; 0,03962878
1576; 0,03125; 0,03125; 159,51923076923077; 0,039681397
1577; 0,03125; 0,03125; 159,84615384615384; 0,039762728
1578; 0,03125; 0,03125; 160,59615384615384; 0,039949294
1579; 0,03125; 0,03125; 160,26923076923077; 0,039867964
1580; 0,03125; 0,03125; 160,51923076923077; 0,03993016
1581; 0,03125; 0,03125; 158,48076923076923; 0,039423075
1582; 0,03125; 0,03125; 159,30769230769232; 0,03962878
1583; 0,03125; 0,03125; 160,15384615384616; 0,039839264
1584; 0,03125; 0,03125; 160,15384615384616; 0,039839264
1585; 0,03125; 0,03125; 159,28846153846155; 0,039623994
1586; 0,03125; 0,03125; 159,44230769230768; 0,039662264
1587; 0,03125; 0,03125; 159,46153846153845; 0,039667048
1588; 0,03125; 0,03125; 160,90384615384616; 0,04002583
1589; 0,03125; 0,03125; 159,96153846153845; 0,039791428
1590; 0,03125; 0,03125; 161,03846153846155; 0,040059313
1591; 0,03125; 0,03125; 159,51923076923077; 0,039681397
1592; 0,03125; 0,03125; 160,03846153846155; 0,03981056
1593; 0,03125; 0,03125; 158,53846153846155; 0,039437428
1594; 0,03125; 0,03125; 159,75; 0,039738808
1595; 0,03125; 0,03125; 159,69230769230768; 0,03972445
1596; 0,03125; 0,03125; 159,8846153846154; 0,03977229
1597; 0,03125; 0,03125; 159,75; 0,03973881
1598; 0,03125; 0,03125; 159,1153846153846; 0,039580937
1599; 0,03125; 0,03125; 160,03846153846155; 0,03981056
1600; 0,03125; 0,03125; 159,57692307692307; 0,039695747
1601; 0,03125; 0,03125; 159,96153846153845; 0,039791424
1602; 0,03125; 0,03125; 158,98076923076923; 0,03954746
1603; 0,03125; 0,03125; 160,34615384615384; 0,039887097
1604; 0,03125; 0,03125; 159,94230769230768; 0,039786644
1605; 0,03125; 0,03125; 160,17307692307693; 0,03984405
1606; 0,03125; 0,03125; 158,8846153846154; 0,03952354
1607; 0,03125; 0,03125; 159,42307692307693; 0,039657477
1608; 0,03125; 0,03125; 159,5; 0,039676614
1609; 0,03125; 0,03125; 159,57692307692307; 0,039695755
1610; 0,03125; 0,03125; 159,5; 0,039676614
1611; 0,03125; 0,03125; 159,53846153846155; 0,03968618
1612; 0,03125; 0,03125; 160,1153846153846; 0,039829694
1613; 0,03125; 0,03125; 159,1346153846154; 0,039585724
1614; 0,03125; 0,03125; 159,21153846153845; 0,039604858
1615; 0,03125; 0,03125; 159,82692307692307; 0,03975794
1616; 0,03125; 0,03125; 159,59615384615384; 0,039700534
1617; 0,03125; 0,03125; 159,69230769230768; 0,03972445
1618; 0,03125; 0,03125; 159,71153846153845; 0,039729238
1619; 0,03125; 0,03125; 159,96153846153845; 0,039791428
1620; 0,03125; 0,03125; 160,96153846153845; 0,040040176
1621; 0,03125; 0,03125; 159,80769230769232; 0,039753154
1622; 0,03125; 0,03125; 159,78846153846155; 0,03974837
1623; 0,03125; 0,03125; 160,40384615384616; 0,039901454
1624; 0,03125; 0,03125; 158,76923076923077; 0,039494835
1625; 0,03125; 0,03125; 159,76923076923077; 0,039743587
1626; 0,03125; 0,03125; 159,42307692307693; 0,039657477
1627; 0,03125; 0,03125; 159,98076923076923; 0,03979621
1628; 0,03125; 0,03125; 159,53846153846155; 0,03968618
1629; 0,03125; 0,03125; 159,21153846153845; 0,03960486
1630; 0,03125; 0,03125; 160,15384615384616; 0,039839264
1631; 0,03125; 0,03125; 160,3653846153846; 0,039891884
1632; 0,03125; 0,03125; 160,19230769230768; 0,03984883
1633; 0,03125; 0,03125; 160,09615384615384; 0,03982491
1634; 0,03125; 0,03125; 160,57692307692307; 0,039944507
1635; 0,03125; 0,03125; 159,65384615384616; 0,03971488
1636; 0,03125; 0,03125; 160,15384615384616; 0,039839268
1637; 0,03125; 0,03125; 160,96153846153845; 0,04004018
1638; 0,03125; 0,03125; 160,07692307692307; 0,03982013
1639; 0,03125; 0,03125; 159,96153846153845; 0,039791424
1640; 0,03125; 0,03125; 159,53846153846155; 0,039686184
1641; 0,03125; 0,03125; 160,07692307692307; 0,03982013
1642; 0,03125; 0,03125; 159,96153846153845; 0,039791424
1643; 0,03125; 0,03125; 160,05769230769232; 0,039815344
1644; 0,03125; 0,03125; 159,44230769230768; 0,039662264
1645; 0,03125; 0,03125; 158,8653846153846; 0,03951875
1646; 0,03125; 0,03125; 159,96153846153845; 0,039791424
1647; 0,03125; 0,03125; 159,15384615384616; 0,03959051
1648; 0,03125; 0,03125; 159,34615384615384; 0,039638344
1649; 0,03125; 0,03125; 159,28846153846155; 0,039623994
1650; 0,03125; 0,03125; 159,51923076923077; 0,039681397
1651; 0,03125; 0,03125; 160,96153846153845; 0,04004018
1652; 0,03125; 0,03125; 158,55769230769232; 0,039442215
1653; 0,03125; 0,03125; 159,51923076923077; 0,039681397
1654; 0,03125; 0,03125; 160,05769230769232; 0,039815348
1655; 0,03125; 0,03125; 159,75; 0,0397388
1656; 0,03125; 0,03125; 159,44230769230768; 0,039662264
1657; 0,03125; 0,03125; 159,48076923076923; 0,039671835
1658; 0,03125; 0,03125; 159,42307692307693; 0,039657477
1659; 0,03125; 0,03125; 159,78846153846155; 0,039748374
1660; 0,03125; 0,03125; 160,01923076923077; 0,039805774
1661; 0,03125; 0,03125; 159,46153846153845; 0,039667048
1662; 0,03125; 0,03125; 160,07692307692307; 0,039820127
1663; 0,03125; 0,03125; 159,84615384615384; 0,039762728
1664; 0,03125; 0,03125; 159,21153846153845; 0,03960486
1665; 0,03125; 0,03125; 159,55769230769232; 0,039690968
1666; 0,03125; 0,03125; 160,19230769230768; 0,03984883
1667; 0,03125; 0,03125; 159,84615384615384; 0,039762728
1668; 0,03125; 0,03125; 159,8653846153846; 0,039767507
1669; 0,03125; 0,03125; 159,92307692307693; 0,03978186
1670; 0,03125; 0,03125; 160,05769230769232; 0,039815344
1671; 0,03125; 0,03125; 160,01923076923077; 0,039805777
1672; 0,03125; 0,03125; 159,69230769230768; 0,039724454
1673; 0,03125; 0,03125; 160,5; 0,03992537
1674; 0,03125; 0,03125; 160,78846153846155; 0,039997127
1675; 0,03125; 0,03125; 159,90384615384616; 0,039777078
1676; 0,03125; 0,03125; 159,82692307692307; 0,039757945
1677; 0,03125; 0,03125; 159,8846153846154; 0,03977229
1678; 0,03125; 0,03125; 160,6346153846154; 0,039958853
1679; 0,03125; 0,03125; 160,21153846153845; 0,039853614
1680; 0,03125; 0,03125; 159,92307692307693; 0,03978186
1681; 0,03125; 0,03125; 160,0; 0,039800994
1682; 0,03125; 0,03125; 160,17307692307693; 0,03984405
1683; 0,03125; 0,03125; 159,71153846153845; 0,039729234
1684; 0,03125; 0,03125; 159,8653846153846; 0,039767507
1685; 0,03125; 0,03125; 159,90384615384616; 0,039777074
1686; 0,03125; 0,03125; 160,42307692307693; 0,039906237
1687; 0,03125; 0,03125; 159,96153846153845; 0,03979142
1688; 0,03125; 0,03125; 159,8846153846154; 0,03977229
1689; 0,03125; 0,03125; 160,92307692307693; 0,040030606
1690; 0,03125; 0,03125; 159,8653846153846; 0,039767504
1691; 0,03125; 0,03125; 159,76923076923077; 0,039743587
1692; 0,03125; 0,03125; 158,75; 0,039490048
1693; 0,03125; 0,03125; 159,40384615384616; 0,0396527
1694; 0,03125; 0,03125; 158,67307692307693; 0,039470915
1695; 0,03125; 0,03125; 159,69230769230768; 0,03972445
1696; 0,03125; 0,03125; 159,21153846153845; 0,03960486
1697; 0,03125; 0,03125; 159,28846153846155; 0,039623998
1698; 0,03125; 0,03125; 160,5; 0,039925374
1699; 0,03125; 0,03125; 159,90384615384616; 0,039777074
1700; 0,03125; 0,03125; 159,09615384615384; 0,039576154
1701; 0,03125; 0,03125; 159,26923076923077; 0,03961921
1702; 0,03125; 0,03125; 159,28846153846155; 0,039623994
1703; 0,03125; 0,03125; 160,75; 0,03998756
1704; 0,03125; 0,03125; 161,48076923076923; 0,040169343
1705; 0,03125; 0,03125; 160,09615384615384; 0,03982491
1706; 0,03125; 0,03125; 160,34615384615384; 0,039887104
1707; 0,03125; 0,03125; 159,82692307692307; 0,039757945
1708; 0,03125; 0,03125; 159,92307692307693; 0,03978186
1709; 0,03125; 0,03125; 161,21153846153845; 0,04010237
1710; 0,03125; 0,03125; 159,51923076923077; 0,039681394
1711; 0,03125; 0,03125; 159,8653846153846; 0,039767504
1712; 0,03125; 0,03125; 159,46153846153845; 0,039667048
1713; 0,03125; 0,03125; 160,17307692307693; 0,03984405
1714; 0,03125; 0,03125; 159,94230769230768; 0,03978664
1715; 0,03125; 0,03125; 159,3846153846154; 0,039647914
1716; 0,03125; 0,03125; 160,15384615384616; 0,039839264
1717; 0,03125; 0,03125; 159,84615384615384; 0,03976272
1718; 0,03125; 0,03125; 160,19230769230768; 0,039848838
1719; 0,03125; 0,03125; 160,03846153846155; 0,039810564
1720; 0,03125; 0,03125; 159,48076923076923; 0,039671835
1721; 0,03125; 0,03125; 160,46153846153845; 0,039915804
1722; 0,03125; 0,03125; 158,84615384615384; 0,039513968
1723; 0,03125; 0,03125; 160,30769230769232; 0,039877534
1724; 0,03125; 0,03125; 159,53846153846155; 0,039686184
1725; 0,03125; 0,03125; 159,3653846153846; 0,039643127
1726; 0,03125; 0,03125; 161,34615384615384; 0,040135857
1727; 0,03125; 0,03125; 159,1346153846154; 0,03958573
1728; 0,03125; 0,03125; 160,92307692307693; 0,040030614
1729; 0,03125; 0,03125; 159,28846153846155; 0,039623994
1730; 0,03125; 0,03125; 159,94230769230768; 0,03978664
1731; 0,03125; 0,03125; 159,34615384615384; 0,03963834
1732; 0,03125; 0,03125; 159,51923076923077; 0,039681397
1733; 0,03125; 0,03125; 160,3653846153846; 0,039891884
1734; 0,03125; 0,03125; 160,46153846153845; 0,039915804
1735; 0,03125; 0,03125; 159,5; 0,039676614
1736; 0,03125; 0,03125; 161,3846153846154; 0,04014542
1737; 0,03125; 0,03125; 159,6153846153846; 0,039705317
1738; 0,03125; 0,03125; 160,34615384615384; 0,039887104
1739; 0,03125; 0,03125; 159,78846153846155; 0,039748378
1740; 0,03125; 0,03125; 160,09615384615384; 0,039824918
1741; 0,03125; 0,03125; 159,3653846153846; 0,03964313
1742; 0,03125; 0,03125; 159,84615384615384; 0,039762728
1743; 0,03125; 0,03125; 161,26923076923077; 0,040116724
1744; 0,03125; 0,03125; 159,98076923076923; 0,039796215
1745; 0,03125; 0,03125; 159,48076923076923; 0,03967183
1746; 0,03125; 0,03125; 159,75; 0,0397388
1747; 0,03125; 0,03125; 159,21153846153845; 0,039604858
1748; 0,03125; 0,03125; 159,69230769230768; 0,039724454
1749; 0,03125; 0,03125; 159,42307692307693; 0,03965748
1750; 0,03125; 0,03125; 159,75; 0,039738808
1751; 0,03125; 0,03125; 159,6153846153846; 0,039705317
1752; 0,03125; 0,03125; 159,3653846153846; 0,03964313
1753; 0,03125; 0,03125; 160,21153846153845; 0,039853614
1754; 0,03125; 0,03125; 159,67307692307693; 0,039719675
1755; 0,03125; 0,03125; 159,3653846153846; 0,03964313
1756; 0,03125; 0,03125; 159,53846153846155; 0,03968618
1757; 0,03125; 0,03125; 160,44230769230768; 0,039911017
1758; 0,03125; 0,03125; 160,1153846153846; 0,039829697
1759; 0,03125; 0,03125; 159,8846153846154; 0,03977229
1760; 0,03125; 0,03125; 160,19230769230768; 0,039848827
1761; 0,03125; 0,03125; 160,17307692307693; 0,03984405
1762; 0,03125; 0,03125; 160,6346153846154; 0,039958853
1763; 0,03125; 0,03125; 160,01923076923077; 0,039805777
1764; 0,03125; 0,03125; 159,82692307692307; 0,03975794
1765; 0,03125; 0,03125; 159,76923076923077; 0,039743587
1766; 0,03125; 0,03125; 159,40384615384616; 0,03965269
1767; 0,03125; 0,03125; 161,0; 0,04004975
1768; 0,03125; 0,03125; 159,98076923076923; 0,03979621
1769; 0,03125; 0,03125; 158,82692307692307; 0,039509177
1770; 0,03125; 0,03125; 159,90384615384616; 0,039777074
1771; 0,03125; 0,03125; 160,03846153846155; 0,03981056
1772; 0,03125; 0,03125; 159,90384615384616; 0,039777078
1773; 0,03125; 0,03125; 159,90384615384616; 0,039777074
1774; 0,03125; 0,03125; 161,34615384615384; 0,040135857
1775; 0,03125; 0,03125; 158,23076923076923; 0,03936089
1776; 0,03125; 0,03125; 159,26923076923077; 0,03961921
1777; 0,03125; 0,03125; 158,82692307692307; 0,039509185
1778; 0,03125; 0,03125; 160,3653846153846; 0,039891884
1779; 0,03125; 0,03125; 160,05769230769232; 0,039815344
1780; 0,03125; 0,03125; 160,34615384615384; 0,039887097
1781; 0,03125; 0,03125; 161,59615384615384; 0,040198043
1782; 0,03125; 0,03125; 159,57692307692307; 0,039695747
1783; 0,03125; 0,03125; 159,51923076923077; 0,039681397
1784; 0,03125; 0,03125; 161,8846153846154; 0,0402698
1785; 0,03125; 0,03125; 159,82692307692307; 0,03975794
1786; 0,03125; 0,03125; 160,28846153846155; 0,03987275
1787; 0,03125; 0,03125; 159,59615384615384; 0,039700534
1788; 0,03125; 0,03125; 162,51923076923077; 0,040427666
1789; 0,03125; 0,03125; 160,40384615384616; 0,039901454
1790; 0,03125; 0,03125; 159,69230769230768; 0,039724454
1791; 0,03125; 0,03125; 159,71153846153845; 0,039729238
1792; 0,03125; 0,03125; 160,6153846153846; 0,03995407
1793; 0,03125; 0,03125; 159,5; 0,039676614
1794; 0,03125; 0,03125; 159,51923076923077; 0,039681397
1795; 0,03125; 0,03125; 159,78846153846155; 0,03974837
1796; 0,03125; 0,03125; 160,78846153846155; 0,039997127
1797; 0,03125; 0,03125; 160,15384615384616; 0,039839264
1798; 0,03125; 0,03125; 160,05769230769232; 0,039815344
1799; 0,03125; 0,03125; 159,90384615384616; 0,039777074
1800; 0,03125; 0,03125; 160,30769230769232; 0,039877534
1801; 0,03125; 0,03125; 159,75; 0,0397388
1802; 0,03125; 0,03125; 160,59615384615384; 0,03994929
1803; 0,03125; 0,03125; 160,17307692307693; 0,039844044
1804; 0,03125; 0,03125; 159,51923076923077; 0,0396814
1805; 0,03125; 0,03125; 159,69230769230768; 0,03972445
1806; 0,03125; 0,03125; 159,67307692307693; 0,039719675
1807; 0,03125; 0,03125; 161,65384615384616; 0,040212397
1808; 0,03125; 0,03125; 159,42307692307693; 0,039657477
1809; 0,03125; 0,03125; 160,21153846153845; 0,039853614
1810; 0,03125; 0,03125; 159,57692307692307; 0,039695755
1811; 0,03125; 0,03125; 159,32692307692307; 0,039633557
1812; 0,03125; 0,03125; 159,67307692307693; 0,039719675
1813; 0,03125; 0,03125; 159,55769230769232; 0,039690968
1814; 0,03125; 0,03125; 159,71153846153845; 0,039729238
1815; 0,03125; 0,03125; 159,82692307692307; 0,03975794
1816; 0,03125; 0,03125; 160,82692307692307; 0,040006697
1817; 0,03125; 0,03125; 159,3653846153846; 0,03964313
1818; 0,03125; 0,03125; 159,8653846153846; 0,039767507
1819; 0,03125; 0,03125; 159,3846153846154; 0,039647914
1820; 0,03125; 0,03125; 159,21153846153845; 0,03960486
1821; 0,03125; 0,03125; 160,75; 0,039987564
1822; 0,03125; 0,03125; 159,6153846153846; 0,039705317
1823; 0,03125; 0,03125; 159,98076923076923; 0,03979621
1824; 0,03125; 0,03125; 159,8653846153846; 0,039767504
1825; 0,03125; 0,03125; 159,94230769230768; 0,03978664
1826; 0,03125; 0,03125; 159,3653846153846; 0,03964313
1827; 0,03125; 0,03125; 162,8653846153846; 0,040513773
1828; 0,03125; 0,03125; 159,6153846153846; 0,03970532
1829; 0,03125; 0,03125; 160,0; 0,039800994
1830; 0,03125; 0,03125; 160,07692307692307; 0,03982013
1831; 0,03125; 0,03125; 160,80769230769232; 0,04000191
1832; 0,03125; 0,03125; 160,21153846153845; 0,039853618
1833; 0,03125; 0,03125; 159,71153846153845; 0,039729238
1834; 0,03125; 0,03125; 159,53846153846155; 0,039686188
1835; 0,03125; 0,03125; 159,09615384615384; 0,039576154
1836; 0,03125; 0,03125; 159,92307692307693; 0,039781854
1837; 0,03125; 0,03125; 159,5; 0,039676614
1838; 0,03125; 0,03125; 158,75; 0,039490048
1839; 0,03125; 0,03125; 160,25; 0,039863188
1840; 0,03125; 0,03125; 160,67307692307693; 0,039968424
1841; 0,03125; 0,03125; 160,17307692307693; 0,039844044
1842; 0,03125; 0,03125; 159,94230769230768; 0,03978664
1843; 0,03125; 0,03125; 160,1153846153846; 0,039829697
1844; 0,03125; 0,03125; 159,67307692307693; 0,039719667
1845; 0,03125; 0,03125; 160,01923076923077; 0,039805774
1846; 0,03125; 0,03125; 159,71153846153845; 0,039729238
1847; 0,03125; 0,03125; 159,90384615384616; 0,039777074
1848; 0,03125; 0,03125; 160,01923076923077; 0,039805774
1849; 0,03125; 0,03125; 159,73076923076923; 0,03973402
1850; 0,03125; 0,03125; 160,96153846153845; 0,04004018
1851; 0,03125; 0,03125; 160,03846153846155; 0,03981056
1852; 0,03125; 0,03125; 159,8846153846154; 0,03977229
1853; 0,03125; 0,03125; 160,5; 0,039925374
1854; 0,03125; 0,03125; 159,28846153846155; 0,039623994
1855; 0,03125; 0,03125; 160,26923076923077; 0,03986797
1856; 0,03125; 0,03125; 159,98076923076923; 0,03979621
1857; 0,03125; 0,03125; 162,55769230769232; 0,040437236
1858; 0,03125; 0,03125; 160,19230769230768; 0,03984883
1859; 0,03125; 0,03125; 161,0; 0,04004975
1860; 0,03125; 0,03125; 159,51923076923077; 0,039681397
1861; 0,03125; 0,03125; 162,17307692307693; 0,040341552
1862; 0,03125; 0,03125; 159,5; 0,039676614
1863; 0,03125; 0,03125; 159,23076923076923; 0,03960965
1864; 0,03125; 0,03125; 160,05769230769232; 0,03981534
1865; 0,03125; 0,03125; 159,21153846153845; 0,03960486
1866; 0,03125; 0,03125; 159,01923076923077; 0,039557025
1867; 0,03125; 0,03125; 159,5; 0,039676614
1868; 0,03125; 0,03125; 159,78846153846155; 0,03974837
1869; 0,03125; 0,03125; 159,82692307692307; 0,03975794
1870; 0,03125; 0,03125; 160,26923076923077; 0,03986797
1871; 0,03125; 0,03125; 159,92307692307693; 0,03978186
1872; 0,03125; 0,03125; 160,3653846153846; 0,039891884
1873; 0,03125; 0,03125; 159,78846153846155; 0,039748374
1874; 0,03125; 0,03125; 160,15384615384616; 0,039839264
1875; 0,03125; 0,03125; 159,78846153846155; 0,03974837
1876; 0,03125; 0,03125; 159,19230769230768; 0,03960007
1877; 0,03125; 0,03125; 160,15384615384616; 0,039839264
1878; 0,03125; 0,03125; 160,07692307692307; 0,03982013
1879; 0,03125; 0,03125; 161,96153846153845; 0,04028894
1880; 0,03125; 0,03125; 159,6153846153846; 0,03970532
1881; 0,03125; 0,03125; 160,26923076923077; 0,039867964
1882; 0,03125; 0,03125; 160,28846153846155; 0,03987275
1883; 0,03125; 0,03125; 159,78846153846155; 0,03974837
1884; 0,03125; 0,03125; 159,67307692307693; 0,039719675
1885; 0,03125; 0,03125; 160,1153846153846; 0,039829694
1886; 0,03125; 0,03125; 159,53846153846155; 0,039686184
1887; 0,03125; 0,03125; 159,01923076923077; 0,03955702
1888; 0,03125; 0,015625; 160,05769230769232; 0,039815344
1889; 0,015625; 0,015625; 164,01923076923077; 0,040800802
1890; 0,015625; 0,015625; 165,96153846153845; 0,041283965
1891; 0,015625; 0,015625; 166,67307692307693; 0,04146097
1892; 0,015625; 0,015625; 166,5; 0,04141791
1893; 0,015625; 0,015625; 166,19230769230768; 0,041341368
1894; 0,015625; 0,015625; 167,17307692307693; 0,04158534
1895; 0,015625; 0,015625; 166,84615384615384; 0,04150402
1896; 0,015625; 0,015625; 166,84615384615384; 0,04150402
1897; 0,015625; 0,015625; 167,26923076923077; 0,04160926
1898; 0,015625; 0,015625; 167,3846153846154; 0,041637965
1899; 0,015625; 0,015625; 167,01923076923077; 0,041547067
1900; 0,015625; 0,015625; 166,65384615384616; 0,04145618
1901; 0,015625; 0,015625; 167,05769230769232; 0,041556638
1902; 0,015625; 0,015625; 166,57692307692307; 0,04143705
1903; 0,015625; 0,015625; 166,65384615384616; 0,041456178
1904; 0,015625; 0,015625; 166,65384615384616; 0,041456178
1905; 0,015625; 0,015625; 165,96153846153845; 0,041283965
1906; 0,015625; 0,015625; 166,42307692307693; 0,04139877
1907; 0,015625; 0,015625; 166,84615384615384; 0,041504018
1908; 0,015625; 0,015625; 166,80769230769232; 0,041494448
1909; 0,015625; 0,015625; 166,3653846153846; 0,041384425
1910; 0,015625; 0,015625; 167,05769230769232; 0,04155664
1911; 0,015625; 0,015625; 166,1346153846154; 0,04132702
1912; 0,015625; 0,015625; 164,92307692307693; 0,041025646
1913; 0,015625; 0,015625; 164,75; 0,04098259
1914; 0,015625; 0,015625; 165,71153846153845; 0,04122178
1915; 0,015625; 0,015625; 165,3846153846154; 0,041140463
1916; 0,015625; 0,015625; 164,90384615384616; 0,041020866
1917; 0,015625; 0,015625; 165,1346153846154; 0,04107827
1918; 0,015625; 0,015625; 164,76923076923077; 0,04098738
1919; 0,015625; 0,015625; 165,75; 0,04123135
1920; 0,015625; 0,015625; 164,48076923076923; 0,040915623
1921; 0,015625; 0,015625; 165,1346153846154; 0,041078266
1922; 0,015625; 0,015625; 163,98076923076923; 0,04079125
1923; 0,015625; 0,015625; 164,48076923076923; 0,040915623
1924; 0,015625; 0,015625; 165,0; 0,041044787
1925; 0,015625; 0,015625; 164,26923076923077; 0,040863004
1926; 0,015625; 0,015625; 165,96153846153845; 0,04128397
1927; 0,015625; 0,015625; 164,23076923076923; 0,040853437
1928; 0,015625; 0,015625; 165,05769230769232; 0,041059136
1929; 0,015625; 0,015625; 165,1153846153846; 0,041073494
1930; 0,015625; 0,015625; 165,42307692307693; 0,041150033
1931; 0,015625; 0,015625; 165,8846153846154; 0,04126484
1932; 0,015625; 0,015625; 164,5; 0,0409204
1933; 0,015625; 0,015625; 164,59615384615384; 0,040944323
1934; 0,015625; 0,015625; 165,09615384615384; 0,041068707
1935; 0,015625; 0,015625; 164,92307692307693; 0,041025646
1936; 0,015625; 0,015625; 165,55769230769232; 0,041183516
1937; 0,015625; 0,015625; 165,6153846153846; 0,041197862
1938; 0,015625; 0,015625; 165,3846153846154; 0,04114046
1939; 0,015625; 0,015625; 165,1346153846154; 0,04107827
1940; 0,015625; 0,015625; 165,09615384615384; 0,0410687
1941; 0,015625; 0,015625; 164,94230769230768; 0,041030433
1942; 0,015625; 0,015625; 164,3846153846154; 0,0408917
1943; 0,015625; 0,015625; 163,84615384615384; 0,040757757
1944; 0,015625; 0,015625; 164,34615384615384; 0,040882133
1945; 0,015625; 0,015625; 165,32692307692307; 0,041126106
1946; 0,015625; 0,015625; 165,3653846153846; 0,041135672
1947; 0,015625; 0,015625; 165,0; 0,04104478
1948; 0,015625; 0,015625; 164,8653846153846; 0,041011292
1949; 0,015625; 0,015625; 164,26923076923077; 0,040862996
1950; 0,015625; 0,015625; 164,34615384615384; 0,040882133
1951; 0,015625; 0,015625; 165,1346153846154; 0,04107827
1952; 0,015625; 0,015625; 164,40384615384616; 0,04089648
1953; 0,015625; 0,015625; 164,44230769230768; 0,04090605
1954; 0,015625; 0,015625; 165,0; 0,041044787
1955; 0,015625; 0,015625; 166,17307692307693; 0,041336592
1956; 0,015625; 0,015625; 165,19230769230768; 0,041092627
1957; 0,015625; 0,015625; 165,25; 0,041106977
1958; 0,015625; 0,015625; 165,5; 0,041169163
1959; 0,015625; 0,015625; 164,94230769230768; 0,04103043
1960; 0,015625; 0,015625; 164,46153846153845; 0,040910836
1961; 0,015625; 0,015625; 166,0; 0,04129354
1962; 0,015625; 0,015625; 165,03846153846155; 0,041054353
1963; 0,015625; 0,015625; 165,1153846153846; 0,041073486
1964; 0,015625; 0,015625; 164,82692307692307; 0,04100173
1965; 0,015625; 0,015625; 164,55769230769232; 0,04093476
1966; 0,015625; 0,015625; 166,59615384615384; 0,04144184
1967; 0,015625; 0,015625; 165,92307692307693; 0,041274406
1968; 0,015625; 0,015625; 165,15384615384616; 0,041083053
1969; 0,015625; 0,015625; 164,90384615384616; 0,041020866
1970; 0,015625; 0,015625; 164,6153846153846; 0,040949106
1971; 0,015625; 0,015625; 164,96153846153845; 0,041035213
1972; 0,015625; 0,015625; 166,32692307692307; 0,041374866
1973; 0,015625; 0,015625; 164,90384615384616; 0,041020863
1974; 0,015625; 0,015625; 164,5; 0,040920403
1975; 0,015625; 0,015625; 165,15384615384616; 0,041083053
1976; 0,015625; 0,015625; 164,15384615384616; 0,0408343
1977; 0,015625; 0,015625; 165,21153846153845; 0,041097403
1978; 0,015625; 0,015625; 165,30769230769232; 0,041121323
1979; 0,015625; 0,015625; 164,48076923076923; 0,040915623
1980; 0,015625; 0,015625; 164,32692307692307; 0,04087735
1981; 0,015625; 0,015625; 164,92307692307693; 0,041025646
1982; 0,015625; 0,015625; 164,48076923076923; 0,040915623
1983; 0,015625; 0,015625; 165,1153846153846; 0,041073494
1984; 0,015625; 0,015625; 164,19230769230768; 0,040843867
1985; 0,015625; 0,015625; 164,55769230769232; 0,04093476
1986; 0,015625; 0,015625; 163,90384615384616; 0,040772114
1987; 0,015625; 0,015625; 164,80769230769232; 0,040996943
1988; 0,015625; 0,015625; 164,80769230769232; 0,040996943
1989; 0,015625; 0,015625; 165,82692307692307; 0,04125049
1990; 0,015625; 0,015625; 165,3846153846154; 0,041140456
1991; 0,015625; 0,015625; 165,01923076923077; 0,041049566
1992; 0,015625; 0,015625; 163,8653846153846; 0,040762544
1993; 0,015625; 0,015625; 165,01923076923077; 0,041049566
1994; 0,015625; 0,015625; 163,6153846153846; 0,040700357
1995; 0,015625; 0,015625; 165,51923076923077; 0,041173942
1996; 0,015625; 0,015625; 165,09615384615384; 0,041068707
1997; 0,015625; 0,015625; 163,94230769230768; 0,040781677
1998; 0,015625; 0,015625; 164,76923076923077; 0,040987376
1999; 0,015625; 0,015625; 166,6346153846154; 0,041451402
2000; 0,015625; 0,015625; 165,01923076923077; 0,041049566
2001; 0,015625; 0,015625; 164,30769230769232; 0,040872566
2002; 0,015625; 0,015625; 165,32692307692307; 0,041126106
2003; 0,015625; 0,015625; 163,90384615384616; 0,040772114
2004; 0,015625; 0,015625; 165,42307692307693; 0,04115003
2005; 0,015625; 0,015625; 164,46153846153845; 0,04091084
2006; 0,015625; 0,015625; 165,90384615384616; 0,04126962
2007; 0,015625; 0,015625; 164,25; 0,04085821
2008; 0,015625; 0,015625; 164,6153846153846; 0,040949102
2009; 0,015625; 0,015625; 164,92307692307693; 0,041025657
2010; 0,015625; 0,015625; 164,46153846153845; 0,040910833
2011; 0,015625; 0,015625; 164,55769230769232; 0,04093476
2012; 0,015625; 0,015625; 166,03846153846155; 0,041303106
2013; 0,015625; 0,015625; 165,0; 0,041044787
2014; 0,015625; 0,015625; 165,05769230769232; 0,041059133
2015; 0,015625; 0,015625; 164,30769230769232; 0,04087257
2016; 0,015625; 0,015625; 164,51923076923077; 0,040925186
2017; 0,015625; 0,015625; 165,19230769230768; 0,04109262
2018; 0,015625; 0,015625; 165,09615384615384; 0,041068707
2019; 0,015625; 0,015625; 165,28846153846155; 0,041116536
2020; 0,015625; 0,015625; 164,23076923076923; 0,040853426
2021; 0,015625; 0,015625; 165,51923076923077; 0,041173942
2022; 0,015625; 0,015625; 163,42307692307693; 0,040652514
2023; 0,015625; 0,015625; 164,80769230769232; 0,040996946
2024; 0,015625; 0,015625; 164,94230769230768; 0,04103043
2025; 0,015625; 0,015625; 164,30769230769232; 0,040872566
2026; 0,015625; 0,015625; 164,80769230769232; 0,040996946
2027; 0,015625; 0,015625; 164,17307692307693; 0,040839083
2028; 0,015625; 0,015625; 164,84615384615384; 0,04100651
2029; 0,015625; 0,015625; 164,59615384615384; 0,040944323
2030; 0,015625; 0,015625; 164,09615384615384; 0,040819943
2031; 0,015625; 0,015625; 165,46153846153845; 0,041159593
2032; 0,015625; 0,015625; 164,48076923076923; 0,040915623
2033; 0,015625; 0,015625; 164,84615384615384; 0,041006513
2034; 0,015625; 0,015625; 164,26923076923077; 0,040863
2035; 0,015625; 0,015625; 166,51923076923077; 0,0414227
2036; 0,015625; 0,015625; 164,82692307692307; 0,04100173
2037; 0,015625; 0,015625; 165,69230769230768; 0,04121699
2038; 0,015625; 0,015625; 165,21153846153845; 0,041097403
2039; 0,015625; 0,015625; 165,30769230769232; 0,041121326
2040; 0,015625; 0,015625; 165,80769230769232; 0,041245695
2041; 0,015625; 0,015625; 163,55769230769232; 0,040686004
2042; 0,015625; 0,015625; 166,80769230769232; 0,04149445
2043; 0,015625; 0,015625; 164,07692307692307; 0,04081517
2044; 0,015625; 0,015625; 164,94230769230768; 0,041030433
2045; 0,015625; 0,015625; 164,5; 0,040920403
2046; 0,015625; 0,015625; 164,55769230769232; 0,040934756
2047; 0,015625; 0,015625; 165,07692307692307; 0,041063923
2048; 0,015625; 0,015625; 164,55769230769232; 0,04093476
2049; 0,015625; 0,015625; 164,80769230769232; 0,040996946
2050; 0,015625; 0,015625; 165,15384615384616; 0,041083053
2051; 0,015625; 0,015625; 164,07692307692307; 0,040815167
2052; 0,015625; 0,015625; 165,01923076923077; 0,041049562
2053; 0,015625; 0,015625; 164,67307692307693; 0,040963456
2054; 0,015625; 0,015625; 165,0; 0,041044787
2055; 0,015625; 0,015625; 164,57692307692307; 0,040939543
2056; 0,015625; 0,015625; 164,71153846153845; 0,040973023
2057; 0,015625; 0,015625; 166,55769230769232; 0,041432265
2058; 0,015625; 0,015625; 164,34615384615384; 0,040882137
2059; 0,015625; 0,015625; 164,73076923076923; 0,04097781
2060; 0,015625; 0,015625; 165,3653846153846; 0,041135672
2061; 0,015625; 0,015625; 165,17307692307693; 0,041087832
2062; 0,015625; 0,015625; 163,96153846153845; 0,040786464
2063; 0,015625; 0,015625; 165,1153846153846; 0,041073482
2064; 0,015625; 0,015625; 165,8846153846154; 0,04126484
2065; 0,015625; 0,015625; 163,80769230769232; 0,040748183
2066; 0,015625; 0,015625; 165,46153846153845; 0,04115959
2067; 0,015625; 0,015625; 164,6346153846154; 0,040953893
2068; 0,015625; 0,015625; 164,8846153846154; 0,041016076
2069; 0,015625; 0,015625; 165,17307692307693; 0,04108784
2070; 0,015625; 0,015625; 164,8846153846154; 0,041016083
2071; 0,015625; 0,015625; 164,6346153846154; 0,04095389
2072; 0,015625; 0,015625; 164,6346153846154; 0,040953897
2073; 0,015625; 0,015625; 165,03846153846155; 0,04105435
2074; 0,015625; 0,015625; 165,1153846153846; 0,04107348
2075; 0,015625; 0,015625; 165,40384615384616; 0,041145243
2076; 0,015625; 0,015625; 165,32692307692307; 0,041126113
2077; 0,015625; 0,015625; 165,17307692307693; 0,041087832
2078; 0,015625; 0,015625; 164,44230769230768; 0,04090605
2079; 0,015625; 0,015625; 164,21153846153845; 0,040848654
2080; 0,015625; 0,015625; 164,6153846153846; 0,040949106
2081; 0,015625; 0,015625; 165,71153846153845; 0,041221783
2082; 0,015625; 0,015625; 165,3846153846154; 0,041140456
2083; 0,015625; 0,015625; 163,76923076923077; 0,04073862
2084; 0,015625; 0,015625; 164,59615384615384; 0,04094433
2085; 0,015625; 0,015625; 164,0; 0,040796027
2086; 0,015625; 0,015625; 164,55769230769232; 0,04093476
2087; 0,015625; 0,015625; 163,82692307692307; 0,040752973
2088; 0,015625; 0,015625; 165,09615384615384; 0,0410687
2089; 0,015625; 0,015625; 164,92307692307693; 0,041025646
2090; 0,015625; 0,015625; 164,65384615384616; 0,040958676
2091; 0,015625; 0,015625; 164,92307692307693; 0,041025653
2092; 0,015625; 0,015625; 164,5; 0,04092041
2093; 0,015625; 0,015625; 165,05769230769232; 0,041059133
2094; 0,015625; 0,015625; 164,90384615384616; 0,041020863
2095; 0,015625; 0,015625; 164,30769230769232; 0,040872566
2096; 0,015625; 0,015625; 165,1346153846154; 0,041078273
2097; 0,015625; 0,015625; 165,17307692307693; 0,04108784
2098; 0,015625; 0,015625; 164,40384615384616; 0,04089649
2099; 0,015625; 0,015625; 164,8653846153846; 0,041011296
2100; 0,015625; 0,015625; 165,15384615384616; 0,04108306
2101; 0,015625; 0,015625; 163,90384615384616; 0,040772114
2102; 0,015625; 0,015625; 164,3846153846154; 0,040891703
2103; 0,015625; 0,015625; 166,34615384615384; 0,041379645
2104; 0,015625; 0,015625; 164,98076923076923; 0,04104
2105; 0,015625; 0,015625; 166,15384615384616; 0,041331813
2106; 0,015625; 0,015625; 165,05769230769232; 0,041059136
2107; 0,015625; 0,015625; 166,69230769230768; 0,041465756
2108; 0,015625; 0,015625; 164,84615384615384; 0,04100651
2109; 0,015625; 0,015625; 164,59615384615384; 0,040944323
2110; 0,015625; 0,015625; 165,28846153846155; 0,041116543
2111; 0,015625; 0,015625; 164,78846153846155; 0,04099216
2112; 0,015625; 0,015625; 164,32692307692307; 0,040877346
2113; 0,015625; 0,015625; 166,0; 0,04129354
2114; 0,015625; 0,015625; 164,94230769230768; 0,04103043
2115; 0,015625; 0,015625; 164,42307692307693; 0,040901266
2116; 0,015625; 0,015625; 164,92307692307693; 0,041025642
2117; 0,015625; 0,015625; 165,30769230769232; 0,041121326
2118; 0,015625; 0,015625; 165,09615384615384; 0,04106871
2119; 0,015625; 0,015625; 165,07692307692307; 0,04106392
2120; 0,015625; 0,015625; 165,6153846153846; 0,041197862
2121; 0,015625; 0,015625; 164,6346153846154; 0,040953893
2122; 0,015625; 0,015625; 164,82692307692307; 0,04100173
2123; 0,015625; 0,015625; 164,48076923076923; 0,040915616
2124; 0,015625; 0,015625; 165,51923076923077; 0,041173942
2125; 0,015625; 0,015625; 165,34615384615384; 0,041130893
2126; 0,015625; 0,015625; 164,75; 0,040982597
2127; 0,015625; 0,015625; 164,51923076923077; 0,040925182
2128; 0,015625; 0,015625; 165,05769230769232; 0,041059136
2129; 0,015625; 0,015625; 164,90384615384616; 0,041020866
2130; 0,015625; 0,015625; 165,23076923076923; 0,041102186
2131; 0,015625; 0,015625; 166,48076923076923; 0,04141313
2132; 0,015625; 0,015625; 165,05769230769232; 0,041059136
2133; 0,015625; 0,015625; 164,98076923076923; 0,041040003
2134; 0,015625; 0,015625; 164,76923076923077; 0,040987376
2135; 0,015625; 0,015625; 164,25; 0,040858217
2136; 0,015625; 0,015625; 164,82692307692307; 0,041001733
2137; 0,015625; 0,015625; 165,59615384615384; 0,041193083
2138; 0,015625; 0,015625; 165,05769230769232; 0,041059136
2139; 0,015625; 0,015625; 164,55769230769232; 0,040934756
2140; 0,015625; 0,015625; 165,69230769230768; 0,041217007
2141; 0,015625; 0,015625; 165,17307692307693; 0,04108784
2142; 0,015625; 0,015625; 165,78846153846155; 0,041240923
2143; 0,015625; 0,015625; 164,6346153846154; 0,040953893
2144; 0,015625; 0,015625; 166,03846153846155; 0,041303106
2145; 0,015625; 0,015625; 166,73076923076923; 0,041475322
2146; 0,015625; 0,015625; 165,03846153846155; 0,041054353
2147; 0,015625; 0,015625; 165,25; 0,041106977
2148; 0,015625; 0,015625; 165,01923076923077; 0,041049566
2149; 0,015625; 0,015625; 163,98076923076923; 0,040791247
2150; 0,015625; 0,015625; 164,98076923076923; 0,041040003
2151; 0,015625; 0,015625; 164,92307692307693; 0,041025646
2152; 0,015625; 0,015625; 165,40384615384616; 0,041145243
2153; 0,015625; 0,015625; 164,1346153846154; 0,040829513
2154; 0,015625; 0,015625; 164,8653846153846; 0,041011296
2155; 0,015625; 0,015625; 164,59615384615384; 0,04094433
2156; 0,015625; 0,015625; 165,28846153846155; 0,04111654
2157; 0,015625; 0,015625; 164,76923076923077; 0,040987372
2158; 0,015625; 0,015625; 164,25; 0,040858217
2159; 0,015625; 0,015625; 164,78846153846155; 0,04099216
2160; 0,015625; 0,015625; 164,82692307692307; 0,04100173
2161; 0,015625; 0,015625; 164,09615384615384; 0,040819947
2162; 0,015625; 0,015625; 164,94230769230768; 0,04103043
2163; 0,015625; 0,015625; 166,65384615384616; 0,041456185
2164; 0,015625; 0,015625; 165,0; 0,04104478
2165; 0,015625; 0,015625; 164,59615384615384; 0,040944323
2166; 0,015625; 0,015625; 166,05769230769232; 0,04130789
2167; 0,015625; 0,015625; 164,59615384615384; 0,040944323
2168; 0,015625; 0,015625; 164,80769230769232; 0,040996943
2169; 0,015625; 0,015625; 164,8846153846154; 0,04101608
2170; 0,015625; 0,015625; 165,6153846153846; 0,041197862
2171; 0,015625; 0,015625; 164,1153846153846; 0,040824734
2172; 0,015625; 0,015625; 164,59615384615384; 0,040944323
2173; 0,015625; 0,015625; 164,78846153846155; 0,04099216
2174; 0,015625; 0,015625; 165,59615384615384; 0,041193083
2175; 0,015625; 0,015625; 164,65384615384616; 0,040958676
2176; 0,015625; 0,015625; 165,44230769230768; 0,04115481
2177; 0,015625; 0,015625; 165,23076923076923; 0,04110219
2178; 0,015625; 0,015625; 164,71153846153845; 0,040973023
2179; 0,015625; 0,015625; 165,03846153846155; 0,04105435
2180; 0,015625; 0,015625; 163,55769230769232; 0,040685996
2181; 0,015625; 0,015625; 166,59615384615384; 0,041441835
2182; 0,015625; 0,015625; 164,69230769230768; 0,04096824
2183; 0,015625; 0,015625; 164,30769230769232; 0,04087257
2184; 0,015625; 0,015625; 165,05769230769232; 0,041059136
2185; 0,015625; 0,015625; 166,17307692307693; 0,0413366
2186; 0,015625; 0,015625; 164,42307692307693; 0,040901277
2187; 0,015625; 0,015625; 165,25; 0,041106973
2188; 0,015625; 0,015625; 165,1346153846154; 0,041078273
2189; 0,015625; 0,015625; 165,07692307692307; 0,04106392
2190; 0,015625; 0,015625; 164,01923076923077; 0,040800814
2191; 0,015625; 0,015625; 164,90384615384616; 0,041020866
2192; 0,015625; 0,015625; 163,28846153846155; 0,04061903
2193; 0,015625; 0,015625; 165,03846153846155; 0,04105435
2194; 0,015625; 0,015625; 164,78846153846155; 0,040992167
2195; 0,015625; 0,015625; 164,75; 0,040982597
2196; 0,015625; 0,015625; 165,17307692307693; 0,041087832
2197; 0,015625; 0,015625; 165,57692307692307; 0,041188296
2198; 0,015625; 0,015625; 164,55769230769232; 0,040934756
2199; 0,015625; 0,015625; 165,34615384615384; 0,041130893
2200; 0,015625; 0,015625; 166,32692307692307; 0,04137487
2201; 0,015625; 0,015625; 164,53846153846155; 0,040929973
2202; 0,015625; 0,015625; 165,30769230769232; 0,041121323
2203; 0,015625; 0,015625; 164,92307692307693; 0,041025646
2204; 0,015625; 0,015625; 165,26923076923077; 0,04111176
2205; 0,015625; 0,015625; 164,98076923076923; 0,041040003
2206; 0,015625; 0,015625; 164,65384615384616; 0,04095867
2207; 0,015625; 0,015625; 165,1153846153846; 0,041073486
2208; 0,015625; 0,015625; 165,28846153846155; 0,04111654
2209; 0,015625; 0,015625; 164,42307692307693; 0,04090127
2210; 0,015625; 0,015625; 164,90384615384616; 0,041020866
2211; 0,015625; 0,015625; 164,69230769230768; 0,040968243
2212; 0,015625; 0,015625; 164,25; 0,04085821
2213; 0,015625; 0,015625; 165,21153846153845; 0,041097406
2214; 0,015625; 0,015625; 165,90384615384616; 0,04126962
2215; 0,015625; 0,015625; 164,69230769230768; 0,040968243
2216; 0,015625; 0,015625; 164,82692307692307; 0,041001733
2217; 0,015625; 0,015625; 163,75; 0,04073384
2218; 0,015625; 0,015625; 164,5; 0,040920403
2219; 0,015625; 0,015625; 164,53846153846155; 0,040929973
2220; 0,015625; 0,015625; 165,01923076923077; 0,041049566
2221; 0,015625; 0,015625; 164,59615384615384; 0,040944323
2222; 0,015625; 0,015625; 164,51923076923077; 0,040925186
2223; 0,015625; 0,015625; 164,8653846153846; 0,041011296
2224; 0,015625; 0,015625; 164,94230769230768; 0,04103043
2225; 0,015625; 0,015625; 163,82692307692307; 0,04075298
2226; 0,015625; 0,015625; 165,30769230769232; 0,041121326
2227; 0,015625; 0,015625; 166,75; 0,0414801
2228; 0,015625; 0,015625; 165,57692307692307; 0,0411883
2229; 0,015625; 0,015625; 164,80769230769232; 0,04099695
2230; 0,015625; 0,015625; 165,23076923076923; 0,04110219
2231; 0,015625; 0,015625; 164,71153846153845; 0,040973026
2232; 0,015625; 0,015625; 164,73076923076923; 0,04097781
2233; 0,015625; 0,015625; 164,53846153846155; 0,04092998
2234; 0,015625; 0,015625; 165,0; 0,041044787
2235; 0,015625; 0,015625; 165,05769230769232; 0,041059133
2236; 0,015625; 0,015625; 164,69230769230768; 0,040968243
2237; 0,015625; 0,015625; 166,6153846153846; 0,04144662
2238; 0,015625; 0,015625; 165,34615384615384; 0,041130897
2239; 0,015625; 0,015625; 164,75; 0,040982597
2240; 0,015625; 0,015625; 165,19230769230768; 0,04109262
2241; 0,015625; 0,015625; 164,34615384615384; 0,04088213
2242; 0,015625; 0,015625; 164,44230769230768; 0,04090605
2243; 0,015625; 0,015625; 165,32692307692307; 0,041126106
2244; 0,015625; 0,015625; 164,53846153846155; 0,04092997
2245; 0,015625; 0,015625; 165,05769230769232; 0,041059136
2246; 0,015625; 0,015625; 165,28846153846155; 0,041116536
2247; 0,015625; 0,015625; 165,25; 0,041106973
2248; 0,015625; 0,015625; 164,84615384615384; 0,04100651
2249; 0,015625; 0,015625; 166,1153846153846; 0,041322246
2250; 0,015625; 0,015625; 164,17307692307693; 0,040839083
2251; 0,015625; 0,015625; 164,15384615384616; 0,0408343
2252; 0,015625; 0,015625; 164,46153846153845; 0,04091084
2253; 0,015625; 0,015625; 166,07692307692307; 0,041312676
2254; 0,015625; 0,015625; 164,21153846153845; 0,040848646
2255; 0,015625; 0,015625; 165,1346153846154; 0,041078273
2256; 0,015625; 0,015625; 165,0; 0,04104478
2257; 0,015625; 0,015625; 164,3846153846154; 0,0408917
2258; 0,015625; 0,015625; 165,09615384615384; 0,041068707
2259; 0,015625; 0,015625; 164,75; 0,040982597
2260; 0,015625; 0,015625; 164,82692307692307; 0,041001733
2261; 0,015625; 0,015625; 164,82692307692307; 0,04100173
2262; 0,015625; 0,015625; 165,51923076923077; 0,041173942
2263; 0,015625; 0,015625; 165,1153846153846; 0,041073482
2264; 0,015625; 0,015625; 166,07692307692307; 0,041312672
2265; 0,015625; 0,015625; 163,75; 0,04073384
2266; 0,015625; 0,015625; 164,03846153846155; 0,040805593
2267; 0,015625; 0,015625; 165,0; 0,04104478
2268; 0,015625; 0,015625; 164,80769230769232; 0,04099695
2269; 0,015625; 0,015625; 164,94230769230768; 0,04103043
2270; 0,015625; 0,015625; 164,59615384615384; 0,040944323
2271; 0,015625; 0,015625; 165,01923076923077; 0,041049566
2272; 0,015625; 0,015625; 164,8653846153846; 0,041011292
2273; 0,015625; 0,015625; 165,23076923076923; 0,041102193
2274; 0,015625; 0,015625; 164,6153846153846; 0,040949106
2275; 0,015625; 0,015625; 164,30769230769232; 0,040872566
2276; 0,015625; 0,015625; 165,07692307692307; 0,041063912
2277; 0,015625; 0,015625; 165,48076923076923; 0,041164376
2278; 0,015625; 0,015625; 165,53846153846155; 0,04117873
2279; 0,015625; 0,015625; 164,94230769230768; 0,041030433
2280; 0,015625; 0,015625; 164,25; 0,040858213
2281; 0,015625; 0,015625; 164,1153846153846; 0,04082473
2282; 0,015625; 0,015625; 165,03846153846155; 0,04105435
2283; 0,015625; 0,015625; 165,07692307692307; 0,04106392
2284; 0,015625; 0,015625; 165,6153846153846; 0,041197862
2285; 0,015625; 0,015625; 164,3653846153846; 0,040886916
2286; 0,015625; 0,015625; 164,73076923076923; 0,040977813
2287; 0,015625; 0,015625; 164,51923076923077; 0,040925186
2288; 0,015625; 0,015625; 164,73076923076923; 0,04097781
2289; 0,015625; 0,015625; 165,98076923076923; 0,041288756
2290; 0,015625; 0,015625; 165,34615384615384; 0,041130893
2291; 0,015625; 0,015625; 163,98076923076923; 0,040791247
2292; 0,015625; 0,015625; 166,07692307692307; 0,041312672
2293; 0,015625; 0,015625; 165,17307692307693; 0,04108784
2294; 0,015625; 0,015625; 164,75; 0,040982597
2295; 0,015625; 0,015625; 163,75; 0,04073384
2296; 0,015625; 0,015625; 164,67307692307693; 0,040963452
2297; 0,015625; 0,015625; 165,26923076923077; 0,04111176
2298; 0,015625; 0,015625; 165,23076923076923; 0,04110219
2299; 0,015625; 0,015625; 164,8653846153846; 0,041011292
2300; 0,015625; 0,015625; 165,32692307692307; 0,04112611
2301; 0,015625; 0,015625; 164,76923076923077; 0,04098738
2302; 0,015625; 0,015625; 165,07692307692307; 0,04106392
2303; 0,015625; 0,015625; 164,59615384615384; 0,04094433
2304; 0,015625; 0,015625; 164,55769230769232; 0,04093476
2305; 0,015625; 0,015625; 164,55769230769232; 0,040934756
2306; 0,015625; 0,015625; 165,44230769230768; 0,041154806
2307; 0,015625; 0,015625; 164,40384615384616; 0,04089649
2308; 0,015625; 0,015625; 165,1346153846154; 0,04107827
2309; 0,015625; 0,015625; 164,30769230769232; 0,04087257
2310; 0,015625; 0,015625; 164,84615384615384; 0,041006513
2311; 0,015625; 0,015625; 165,71153846153845; 0,04122178
2312; 0,015625; 0,015625; 164,76923076923077; 0,040987376
2313; 0,015625; 0,015625; 165,67307692307693; 0,041212216
2314; 0,015625; 0,015625; 164,78846153846155; 0,04099216
2315; 0,015625; 0,015625; 165,07692307692307; 0,04106392
2316; 0,015625; 0,015625; 166,17307692307693; 0,041336596
2317; 0,015625; 0,015625; 164,6346153846154; 0,040953893
2318; 0,015625; 0,015625; 165,65384615384616; 0,041207433
2319; 0,015625; 0,015625; 164,21153846153845; 0,04084865
2320; 0,015625; 0,015625; 164,25; 0,040858217
2321; 0,015625; 0,015625; 165,21153846153845; 0,041097406
2322; 0,015625; 0,015625; 165,59615384615384; 0,041193083
2323; 0,015625; 0,015625; 163,73076923076923; 0,040729053
2324; 0,015625; 0,015625; 165,5; 0,041169163
2325; 0,015625; 0,015625; 166,8846153846154; 0,041513596
2326; 0,015625; 0,015625; 164,67307692307693; 0,040963456
2327; 0,015625; 0,015625; 164,75; 0,040982597
2328; 0,015625; 0,015625; 163,94230769230768; 0,040781677
2329; 0,015625; 0,015625; 165,30769230769232; 0,041121323
2330; 0,015625; 0,015625; 164,44230769230768; 0,040906053
2331; 0,015625; 0,015625; 163,48076923076923; 0,04066687
2332; 0,015625; 0,015625; 165,15384615384616; 0,041083056
2333; 0,015625; 0,015625; 164,94230769230768; 0,04103043
2334; 0,015625; 0,015625; 164,23076923076923; 0,040853433
2335; 0,015625; 0,015625; 164,94230769230768; 0,041030433
2336; 0,015625; 0,015625; 165,6346153846154; 0,041202646
2337; 0,015625; 0,015625; 164,65384615384616; 0,04095867
2338; 0,015625; 0,015625; 164,96153846153845; 0,041035213
2339; 0,015625; 0,015625; 164,69230769230768; 0,04096824
2340; 0,015625; 0,015625; 164,57692307692307; 0,040939536
2341; 0,015625; 0,015625; 164,96153846153845; 0,041035213
2342; 0,015625; 0,015625; 164,94230769230768; 0,041030433
2343; 0,015625; 0,015625; 165,07692307692307; 0,041063923
2344; 0,015625; 0,015625; 164,92307692307693; 0,041025642
2345; 0,015625; 0,015625; 165,32692307692307; 0,041126106
2346; 0,015625; 0,015625; 164,3653846153846; 0,040886916
2347; 0,015625; 0,015625; 164,48076923076923; 0,040915623
2348; 0,015625; 0,015625; 164,90384615384616; 0,041020863
2349; 0,015625; 0,015625; 164,46153846153845; 0,040910833
2350; 0,015625; 0,015625; 165,07692307692307; 0,041063912
2351; 0,015625; 0,015625; 164,57692307692307; 0,040939543
2352; 0,015625; 0,015625; 165,07692307692307; 0,04106392
2353; 0,015625; 0,015625; 164,80769230769232; 0,040996943
2354; 0,015625; 0,015625; 167,09615384615384; 0,04156621
2355; 0,015625; 0,015625; 164,51923076923077; 0,04092519
2356; 0,015625; 0,015625; 166,51923076923077; 0,0414227
2357; 0,015625; 0,015625; 164,23076923076923; 0,040853433
2358; 0,015625; 0,015625; 164,90384615384616; 0,041020866
2359; 0,015625; 0,015625; 165,1346153846154; 0,04107827
2360; 0,015625; 0,015625; 164,71153846153845; 0,04097303
2361; 0,015625; 0,015625; 164,09615384615384; 0,040819947
2362; 0,015625; 0,015625; 164,67307692307693; 0,040963452
2363; 0,015625; 0,015625; 165,40384615384616; 0,04114524
2364; 0,015625; 0,015625; 164,57692307692307; 0,040939543
2365; 0,015625; 0,015625; 165,8653846153846; 0,041260056
2366; 0,015625; 0,015625; 162,75; 0,040485084
2367; 0,015625; 0,015625; 164,71153846153845; 0,04097303
2368; 0,015625; 0,015625; 164,92307692307693; 0,041025646
2369; 0,015625; 0,015625; 166,17307692307693; 0,041336592
2370; 0,015625; 0,015625; 164,51923076923077; 0,040925186
2371; 0,015625; 0,015625; 165,28846153846155; 0,041116536
2372; 0,015625; 0,015625; 167,8846153846154; 0,04176235
2373; 0,015625; 0,015625; 165,92307692307693; 0,041274406
2374; 0,015625; 0,015625; 163,30769230769232; 0,04062381
2375; 0,015625; 0,015625; 164,07692307692307; 0,04081516
2376; 0,015625; 0,015625; 165,57692307692307; 0,041188296
2377; 0,015625; 0,015625; 165,21153846153845; 0,041097403
2378; 0,015625; 0,015625; 164,8653846153846; 0,041011292
2379; 0,015625; 0,015625; 164,57692307692307; 0,040939543
2380; 0,015625; 0,015625; 164,3653846153846; 0,04088692
2381; 0,015625; 0,015625; 164,55769230769232; 0,040934756
2382; 0,015625; 0,015625; 163,65384615384616; 0,040709913
2383; 0,015625; 0,015625; 165,21153846153845; 0,041097403
2384; 0,015625; 0,015625; 165,6153846153846; 0,04119787
2385; 0,015625; 0,015625; 164,73076923076923; 0,04097781
2386; 0,015625; 0,015625; 164,90384615384616; 0,041020866
2387; 0,015625; 0,015625; 163,84615384615384; 0,04075776
2388; 0,015625; 0,015625; 164,44230769230768; 0,040906053
2389; 0,015625; 0,015625; 165,23076923076923; 0,041102186
2390; 0,015625; 0,015625; 165,05769230769232; 0,04105914
2391; 0,015625; 0,015625; 164,73076923076923; 0,04097781
2392; 0,015625; 0,015625; 164,67307692307693; 0,040963467
2393; 0,015625; 0,015625; 164,98076923076923; 0,04104
2394; 0,015625; 0,015625; 164,3653846153846; 0,040886916
2395; 0,015625; 0,015625; 164,92307692307693; 0,041025642
2396; 0,015625; 0,015625; 164,6346153846154; 0,04095389
2397; 0,015625; 0,015625; 164,71153846153845; 0,04097303
2398; 0,015625; 0,015625; 164,73076923076923; 0,04097781
2399; 0,015625; 0,015625; 163,82692307692307; 0,04075297
2400; 0,015625; 0,015625; 164,55769230769232; 0,04093476
2401; 0,015625; 0,015625; 164,17307692307693; 0,040839083
2402; 0,015625; 0,015625; 164,53846153846155; 0,040929973
2403; 0,015625; 0,015625; 165,3846153846154; 0,04114046
2404; 0,015625; 0,015625; 164,32692307692307; 0,04087735
2405; 0,015625; 0,015625; 165,03846153846155; 0,04105435
2406; 0,015625; 0,015625; 164,48076923076923; 0,040915623
2407; 0,015625; 0,015625; 165,03846153846155; 0,04105435
2408; 0,015625; 0,015625; 165,42307692307693; 0,04115003
2409; 0,015625; 0,015625; 163,94230769230768; 0,04078167
2410; 0,015625; 0,015625; 164,57692307692307; 0,040939543
2411; 0,015625; 0,015625; 166,44230769230768; 0,041403566
2412; 0,015625; 0,015625; 164,42307692307693; 0,040901277
2413; 0,015625; 0,015625; 164,53846153846155; 0,040929973
2414; 0,015625; 0,015625; 165,73076923076923; 0,041226566
2415; 0,015625; 0,015625; 164,5; 0,040920403
2416; 0,015625; 0,015625; 164,51923076923077; 0,04092519
2417; 0,015625; 0,015625; 164,90384615384616; 0,041020855
2418; 0,015625; 0,015625; 165,96153846153845; 0,04128397
2419; 0,015625; 0,015625; 164,8653846153846; 0,041011296
2420; 0,015625; 0,015625; 164,94230769230768; 0,041030426
2421; 0,015625; 0,015625; 163,90384615384616; 0,040772114
2422; 0,015625; 0,015625; 164,71153846153845; 0,04097303
2423; 0,015625; 0,015625; 165,53846153846155; 0,04117873
2424; 0,015625; 0,015625; 164,42307692307693; 0,04090127
2425; 0,015625; 0,015625; 164,90384615384616; 0,041020863
2426; 0,015625; 0,015625; 165,15384615384616; 0,041083056
2427; 0,015625; 0,015625; 165,09615384615384; 0,041068707
2428; 0,015625; 0,015625; 164,17307692307693; 0,04083908
2429; 0,015625; 0,015625; 163,55769230769232; 0,040686004
2430; 0,015625; 0,015625; 164,8846153846154; 0,041016083
2431; 0,015625; 0,015625; 164,8846153846154; 0,04101608
2432; 0,015625; 0,015625; 164,28846153846155; 0,040867783
2433; 0,015625; 0,015625; 165,8846153846154; 0,041264832
2434; 0,015625; 0,015625; 164,65384615384616; 0,040958676
2435; 0,015625; 0,015625; 164,15384615384616; 0,0408343
2436; 0,015625; 0,015625; 165,0; 0,04104478
2437; 0,015625; 0,015625; 166,23076923076923; 0,041350946
2438; 0,015625; 0,015625; 165,1153846153846; 0,041073494
2439; 0,015625; 0,015625; 165,28846153846155; 0,04111654
2440; 0,015625; 0,015625; 164,8653846153846; 0,041011292
2441; 0,015625; 0,015625; 163,84615384615384; 0,040757757
2442; 0,015625; 0,015625; 164,94230769230768; 0,04103043
2443; 0,015625; 0,015625; 164,03846153846155; 0,040805597
2444; 0,015625; 0,015625; 164,8846153846154; 0,04101608
2445; 0,015625; 0,015625; 164,1153846153846; 0,04082473
2446; 0,015625; 0,015625; 164,30769230769232; 0,04087257
2447; 0,015625; 0,015625; 164,94230769230768; 0,04103043
2448; 0,015625; 0,015625; 164,84615384615384; 0,04100652
2449; 0,015625; 0,015625; 167,01923076923077; 0,041547082
2450; 0,015625; 0,015625; 164,69230769230768; 0,040968243
2451; 0,015625; 0,015625; 164,98076923076923; 0,041040003
2452; 0,015625; 0,015625; 164,90384615384616; 0,041020863
2453; 0,015625; 0,015625; 165,19230769230768; 0,041092627
2454; 0,015625; 0,015625; 163,67307692307693; 0,040714704
2455; 0,015625; 0,015625; 165,3653846153846; 0,041135672
2456; 0,015625; 0,015625; 164,44230769230768; 0,040906053
2457; 0,015625; 0,015625; 165,15384615384616; 0,041083045
2458; 0,015625; 0,015625; 164,55769230769232; 0,04093476
2459; 0,015625; 0,015625; 164,98076923076923; 0,04104
2460; 0,015625; 0,015625; 164,90384615384616; 0,041020866
2461; 0,015625; 0,015625; 163,8846153846154; 0,04076732
2462; 0,015625; 0,015625; 164,78846153846155; 0,040992163
2463; 0,015625; 0,015625; 165,1346153846154; 0,041078273
2464; 0,015625; 0,015625; 164,42307692307693; 0,040901266
2465; 0,015625; 0,015625; 164,8846153846154; 0,04101608
2466; 0,015625; 0,015625; 165,84615384615384; 0,041255273
2467; 0,015625; 0,015625; 165,1153846153846; 0,041073482
2468; 0,015625; 0,015625; 166,48076923076923; 0,041413132
2469; 0,015625; 0,015625; 166,09615384615384; 0,04131746
2470; 0,015625; 0,015625; 164,78846153846155; 0,04099216
2471; 0,015625; 0,015625; 165,67307692307693; 0,04121222
2472; 0,015625; 0,015625; 164,76923076923077; 0,040987372
2473; 0,015625; 0,015625; 164,46153846153845; 0,040910836
2474; 0,015625; 0,015625; 165,90384615384616; 0,041269623
2475; 0,015625; 0,015625; 163,53846153846155; 0,040681217
2476; 0,015625; 0,015625; 164,46153846153845; 0,040910836
2477; 0,015625; 0,015625; 165,6346153846154; 0,04120265
2478; 0,015625; 0,015625; 165,15384615384616; 0,041083056
2479; 0,015625; 0,015625; 164,75; 0,040982597
2480; 0,015625; 0,015625; 164,6153846153846; 0,040949106
2481; 0,015625; 0,015625; 164,80769230769232; 0,040996946
2482; 0,015625; 0,015625; 165,48076923076923; 0,04116438
2483; 0,015625; 0,015625; 165,15384615384616; 0,041083053
2484; 0,015625; 0,015625; 164,75; 0,040982597
2485; 0,015625; 0,015625; 164,40384615384616; 0,04089649
2486; 0,015625; 0,015625; 164,92307692307693; 0,041025653
2487; 0,015625; 0,015625; 165,92307692307693; 0,041274402
2488; 0,015625; 0,015625; 166,1346153846154; 0,04132702
2489; 0,015625; 0,015625; 164,80769230769232; 0,040996946
2490; 0,015625; 0,015625; 164,78846153846155; 0,04099216
2491; 0,015625; 0,015625; 165,71153846153845; 0,04122178
2492; 0,015625; 0,015625; 165,1153846153846; 0,041073482
2493; 0,015625; 0,015625; 164,51923076923077; 0,04092519
2494; 0,015625; 0,015625; 165,30769230769232; 0,041121323
2495; 0,015625; 0,015625; 165,07692307692307; 0,041063912
2496; 0,015625; 0,015625; 164,44230769230768; 0,04090605
2497; 0,015625; 0,015625; 165,1346153846154; 0,041078266
2498; 0,015625; 0,015625; 164,78846153846155; 0,040992163
2499; 0,015625; 0,015625; 165,01923076923077; 0,041049566
2500; 0,015625; 0,015625; 165,1346153846154; 0,04107827
2501; 0,015625; 0,015625; 164,80769230769232; 0,040996946
2502; 0,015625; 0,015625; 164,94230769230768; 0,04103043
2503; 0,015625; 0,015625; 164,75; 0,040982597
2504; 0,015625; 0,015625; 165,28846153846155; 0,04111654
2505; 0,015625; 0,015625; 165,25; 0,041106977
2506; 0,015625; 0,015625; 164,6346153846154; 0,04095389
2507; 0,015625; 0,015625; 164,82692307692307; 0,041001733
2508; 0,015625; 0,015625; 165,0; 0,041044787
2509; 0,015625; 0,015625; 165,6153846153846; 0,041197862
2510; 0,015625; 0,015625; 164,3846153846154; 0,040891703
2511; 0,015625; 0,015625; 164,75; 0,0409826
2512; 0,015625; 0,015625; 165,46153846153845; 0,041159593
2513; 0,015625; 0,015625; 164,6346153846154; 0,04095389
2514; 0,015625; 0,015625; 163,53846153846155; 0,040681217
2515; 0,015625; 0,015625; 163,8846153846154; 0,040767334
2516; 0,015625; 0,015625; 164,1346153846154; 0,040829513
2517; 0,015625; 0,015625; 164,65384615384616; 0,040958676
2518; 0,015625; 0,015625; 164,40384615384616; 0,04089649
2519; 0,015625; 0,015625; 164,90384615384616; 0,041020866
2520; 0,015625; 0,015625; 164,17307692307693; 0,040839076
2521; 0,015625; 0,015625; 165,01923076923077; 0,041049566
2522; 0,015625; 0,015625; 164,26923076923077; 0,040862996
2523; 0,015625; 0,015625; 164,55769230769232; 0,040934756
2524; 0,015625; 0,015625; 165,57692307692307; 0,041188296
2525; 0,015625; 0,015625; 164,8653846153846; 0,041011296
2526; 0,015625; 0,015625; 164,90384615384616; 0,041020866
2527; 0,015625; 0,015625; 164,55769230769232; 0,040934756
2528; 0,015625; 0,015625; 165,21153846153845; 0,041097403
2529; 0,015625; 0,015625; 165,1346153846154; 0,04107827
2530; 0,015625; 0,015625; 164,28846153846155; 0,040867783
2531; 0,015625; 0,015625; 164,92307692307693; 0,041025646
2532; 0,015625; 0,015625; 163,82692307692307; 0,040752973
2533; 0,015625; 0,015625; 165,3653846153846; 0,041135676
2534; 0,015625; 0,015625; 166,90384615384616; 0,041518375
2535; 0,015625; 0,015625; 165,26923076923077; 0,041111752
2536; 0,015625; 0,015625; 166,15384615384616; 0,04133181
2537; 0,015625; 0,015625; 164,90384615384616; 0,041020866
2538; 0,015625; 0,015625; 164,8653846153846; 0,041011296
2539; 0,015625; 0,015625; 165,07692307692307; 0,04106392
2540; 0,015625; 0,015625; 164,1346153846154; 0,040829517
2541; 0,015625; 0,015625; 164,98076923076923; 0,041040003
2542; 0,015625; 0,015625; 164,75; 0,040982597
2543; 0,015625; 0,015625; 165,01923076923077; 0,041049566
2544; 0,015625; 0,015625; 164,82692307692307; 0,041001733
2545; 0,015625; 0,015625; 164,03846153846155; 0,040805597
2546; 0,015625; 0,015625; 164,30769230769232; 0,04087257
2547; 0,015625; 0,015625; 164,8846153846154; 0,041016083
2548; 0,015625; 0,015625; 164,26923076923077; 0,040862996
2549; 0,015625; 0,015625; 164,80769230769232; 0,040996946
2550; 0,015625; 0,015625; 165,21153846153845; 0,041097403
2551; 0,015625; 0,015625; 165,26923076923077; 0,041111752
2552; 0,015625; 0,015625; 165,3846153846154; 0,04114046
2553; 0,015625; 0,015625; 164,65384615384616; 0,040958676
2554; 0,015625; 0,015625; 165,3846153846154; 0,04114046
2555; 0,015625; 0,015625; 165,3653846153846; 0,041135672
2556; 0,015625; 0,015625; 164,57692307692307; 0,040939536
2557; 0,015625; 0,015625; 165,44230769230768; 0,04115481
2558; 0,015625; 0,015625; 164,8653846153846; 0,041011296
2559; 0,015625; 0,015625; 165,53846153846155; 0,041178726
2560; 0,015625; 0,015625; 164,76923076923077; 0,040987376
2561; 0,015625; 0,015625; 165,07692307692307; 0,041063912
2562; 0,015625; 0,015625; 164,6153846153846; 0,04094911
2563; 0,015625; 0,015625; 164,96153846153845; 0,04103522
2564; 0,015625; 0,015625; 164,84615384615384; 0,041006513
2565; 0,015625; 0,015625; 165,1346153846154; 0,041078266
2566; 0,015625; 0,015625; 165,57692307692307; 0,041188296
2567; 0,015625; 0,015625; 164,80769230769232; 0,040996946
2568; 0,015625; 0,015625; 164,34615384615384; 0,040882133
2569; 0,015625; 0,015625; 164,65384615384616; 0,040958676
2570; 0,015625; 0,015625; 164,53846153846155; 0,040929973
2571; 0,015625; 0,015625; 164,21153846153845; 0,040848654
2572; 0,015625; 0,015625; 164,40384615384616; 0,040896494
2573; 0,015625; 0,015625; 165,17307692307693; 0,04108784
2574; 0,015625; 0,015625; 165,17307692307693; 0,04108784
2575; 0,015625; 0,015625; 163,92307692307693; 0,040776893
2576; 0,015625; 0,015625; 164,57692307692307; 0,040939536
2577; 0,015625; 0,015625; 166,03846153846155; 0,0413031
2578; 0,015625; 0,015625; 164,19230769230768; 0,04084387
2579; 0,015625; 0,015625; 165,09615384615384; 0,0410687
2580; 0,015625; 0,015625; 164,6153846153846; 0,040949102
2581; 0,015625; 0,015625; 164,46153846153845; 0,04091084
2582; 0,015625; 0,015625; 163,76923076923077; 0,04073862
2583; 0,015625; 0,015625; 164,80769230769232; 0,040996935
2584; 0,015625; 0,015625; 164,48076923076923; 0,040915623
2585; 0,015625; 0,015625; 164,94230769230768; 0,041030433
2586; 0,015625; 0,015625; 165,1153846153846; 0,041073486
2587; 0,015625; 0,015625; 164,3846153846154; 0,0408917
2588; 0,015625; 0,015625; 165,05769230769232; 0,041059133
2589; 0,015625; 0,015625; 165,3653846153846; 0,041135672
2590; 0,015625; 0,015625; 164,48076923076923; 0,040915623
2591; 0,015625; 0,015625; 165,32692307692307; 0,04112611
2592; 0,015625; 0,015625; 165,32692307692307; 0,04112611
2593; 0,015625; 0,015625; 164,44230769230768; 0,04090605
2594; 0,015625; 0,015625; 164,25; 0,040858217
2595; 0,015625; 0,015625; 164,67307692307693; 0,040963456
2596; 0,015625; 0,015625; 166,5; 0,04141792
2597; 0,015625; 0,015625; 164,69230769230768; 0,040968243
2598; 0,015625; 0,015625; 164,32692307692307; 0,04087735
2599; 0,015625; 0,015625; 165,76923076923077; 0,04123614
2600; 0,015625; 0,015625; 164,76923076923077; 0,04098738
2601; 0,015625; 0,015625; 165,59615384615384; 0,041193083
2602; 0,015625; 0,015625; 165,46153846153845; 0,041159593
2603; 0,015625; 0,015625; 165,67307692307693; 0,041212216
2604; 0,015625; 0,015625; 164,5; 0,0409204
2605; 0,015625; 0,015625; 165,09615384615384; 0,0410687
2606; 0,015625; 0,015625; 165,15384615384616; 0,041083053
2607; 0,015625; 0,015625; 164,32692307692307; 0,040877357
2608; 0,015625; 0,015625; 165,05769230769232; 0,041059133
2609; 0,015625; 0,015625; 164,34615384615384; 0,040882137
2610; 0,015625; 0,015625; 165,69230769230768; 0,041216996
2611; 0,015625; 0,015625; 164,59615384615384; 0,04094433
2612; 0,015625; 0,015625; 164,78846153846155; 0,040992163
2613; 0,015625; 0,015625; 165,65384615384616; 0,04120743
2614; 0,015625; 0,015625; 164,80769230769232; 0,040996946
2615; 0,015625; 0,015625; 166,1153846153846; 0,041322246
2616; 0,015625; 0,015625; 165,76923076923077; 0,041236125
2617; 0,015625; 0,015625; 165,23076923076923; 0,041102186
2618; 0,015625; 0,015625; 165,01923076923077; 0,041049566
2619; 0,015625; 0,015625; 164,42307692307693; 0,040901266
2620; 0,015625; 0,015625; 164,28846153846155; 0,040867783
2621; 0,015625; 0,015625; 165,51923076923077; 0,041173942
2622; 0,015625; 0,015625; 165,07692307692307; 0,041063912
2623; 0,015625; 0,015625; 165,73076923076923; 0,04122657
2624; 0,015625; 0,015625; 164,03846153846155; 0,0408056
2625; 0,015625; 0,015625; 164,71153846153845; 0,040973023
2626; 0,015625; 0,015625; 164,46153846153845; 0,040910844
2627; 0,015625; 0,015625; 165,73076923076923; 0,04122657
2628; 0,015625; 0,015625; 164,96153846153845; 0,041035213
2629; 0,015625; 0,015625; 164,32692307692307; 0,040877346
2630; 0,015625; 0,015625; 165,05769230769232; 0,041059133
2631; 0,015625; 0,015625; 164,94230769230768; 0,04103043
2632; 0,015625; 0,015625; 165,32692307692307; 0,041126106
2633; 0,015625; 0,015625; 164,09615384615384; 0,040819947
2634; 0,015625; 0,015625; 165,46153846153845; 0,041159596
2635; 0,015625; 0,015625; 164,84615384615384; 0,041006513
2636; 0,015625; 0,015625; 165,46153846153845; 0,041159593
2637; 0,015625; 0,015625; 164,76923076923077; 0,04098738
2638; 0,015625; 0,015625; 164,51923076923077; 0,040925186
2639; 0,015625; 0,015625; 165,15384615384616; 0,041083053
2640; 0,015625; 0,015625; 164,82692307692307; 0,041001733
2641; 0,015625; 0,015625; 164,8653846153846; 0,041011296
2642; 0,015625; 0,015625; 164,92307692307693; 0,041025646
2643; 0,015625; 0,015625; 164,42307692307693; 0,04090127
2644; 0,015625; 0,015625; 164,5; 0,040920403
2645; 0,015625; 0,015625; 164,8846153846154; 0,041016083
2646; 0,015625; 0,015625; 165,0; 0,041044787
2647; 0,015625; 0,015625; 164,48076923076923; 0,040915623
2648; 0,015625; 0,015625; 165,19230769230768; 0,041092627
2649; 0,015625; 0,015625; 164,76923076923077; 0,040987376
2650; 0,015625; 0,015625; 164,92307692307693; 0,041025653
2651; 0,015625; 0,015625; 165,19230769230768; 0,04109262
2652; 0,015625; 0,015625; 163,09615384615384; 0,040571194
2653; 0,015625; 0,015625; 165,26923076923077; 0,041111752
2654; 0,015625; 0,015625; 164,78846153846155; 0,040992167
2655; 0,015625; 0,015625; 164,73076923076923; 0,040977813
2656; 0,015625; 0,015625; 165,80769230769232; 0,041245703
2657; 0,015625; 0,015625; 164,65384615384616; 0,040958676
2658; 0,015625; 0,015625; 164,84615384615384; 0,041006513
2659; 0,015625; 0,015625; 166,3846153846154; 0,04138922
2660; 0,015625; 0,015625; 164,65384615384616; 0,04095868
2661; 0,015625; 0,015625; 166,28846153846155; 0,041365292
2662; 0,015625; 0,015625; 165,1153846153846; 0,041073486
2663; 0,015625; 0,015625; 165,44230769230768; 0,041154806
2664; 0,015625; 0,015625; 164,48076923076923; 0,040915623
2665; 0,015625; 0,015625; 165,25; 0,041106977
2666; 0,015625; 0,015625; 163,69230769230768; 0,040719487
2667; 0,015625; 0,015625; 165,46153846153845; 0,041159596
2668; 0,015625; 0,015625; 164,15384615384616; 0,040834293
2669; 0,015625; 0,015625; 164,75; 0,04098259
2670; 0,015625; 0,015625; 164,5; 0,04092041
2671; 0,015625; 0,015625; 165,65384615384616; 0,04120743
2672; 0,015625; 0,015625; 165,21153846153845; 0,041097403
2673; 0,015625; 0,015625; 163,94230769230768; 0,040781677
2674; 0,015625; 0,015625; 164,6346153846154; 0,040953893
2675; 0,015625; 0,015625; 165,44230769230768; 0,0411548
2676; 0,015625; 0,015625; 164,25; 0,040858213
2677; 0,015625; 0,015625; 164,59615384615384; 0,04094433
2678; 0,015625; 0,015625; 165,42307692307693; 0,04115003
2679; 0,015625; 0,015625; 164,59615384615384; 0,04094433
2680; 0,015625; 0,015625; 165,07692307692307; 0,041063912
2681; 0,015625; 0,015625; 164,90384615384616; 0,041020863
2682; 0,015625; 0,015625; 163,84615384615384; 0,040757757
2683; 0,015625; 0,015625; 164,94230769230768; 0,04103043
2684; 0,015625; 0,015625; 164,71153846153845; 0,040973026
2685; 0,015625; 0,015625; 165,34615384615384; 0,041130893
2686; 0,015625; 0,015625; 164,55769230769232; 0,040934756
2687; 0,015625; 0,015625; 164,8846153846154; 0,04101608
2688; 0,015625; 0,015625; 164,26923076923077; 0,040862996
2689; 0,015625; 0,015625; 164,1153846153846; 0,04082473
2690; 0,015625; 0,015625; 163,59615384615384; 0,040695567
2691; 0,015625; 0,015625; 165,01923076923077; 0,041049562
2692; 0,015625; 0,015625; 165,1153846153846; 0,041073486
2693; 0,015625; 0,015625; 164,42307692307693; 0,040901277
2694; 0,015625; 0,015625; 164,67307692307693; 0,040963456
2695; 0,015625; 0,015625; 165,71153846153845; 0,04122179
2696; 0,015625; 0,015625; 164,92307692307693; 0,041025646
2697; 0,015625; 0,015625; 164,48076923076923; 0,040915616
2698; 0,015625; 0,015625; 165,01923076923077; 0,041049566
2699; 0,015625; 0,015625; 165,30769230769232; 0,041121323
2700; 0,015625; 0,015625; 165,23076923076923; 0,041102186
2701; 0,015625; 0,015625; 165,09615384615384; 0,041068707
2702; 0,015625; 0,015625; 164,92307692307693; 0,041025646
2703; 0,015625; 0,015625; 166,3653846153846; 0,041384432
2704; 0,015625; 0,015625; 165,05769230769232; 0,041059133
2705; 0,015625; 0,015625; 165,21153846153845; 0,041097403
2706; 0,015625; 0,015625; 165,09615384615384; 0,0410687
2707; 0,015625; 0,015625; 165,1346153846154; 0,04107827
2708; 0,015625; 0,015625; 164,07692307692307; 0,040815167
2709; 0,015625; 0,015625; 163,8846153846154; 0,040767327
2710; 0,015625; 0,015625; 164,42307692307693; 0,040901262
2711; 0,015625; 0,015625; 165,6153846153846; 0,041197862
2712; 0,015625; 0,015625; 164,53846153846155; 0,040929977
2713; 0,015625; 0,015625; 164,09615384615384; 0,040819943
2714; 0,015625; 0,015625; 165,53846153846155; 0,041178726
2715; 0,015625; 0,015625; 164,98076923076923; 0,04104
2716; 0,015625; 0,015625; 164,84615384615384; 0,041006513
2717; 0,015625; 0,015625; 164,80769230769232; 0,040996946
2718; 0,015625; 0,015625; 165,48076923076923; 0,041164383
2719; 0,015625; 0,015625; 164,84615384615384; 0,041006513
2720; 0,015625; 0,015625; 165,55769230769232; 0,041183513
2721; 0,015625; 0,015625; 166,6346153846154; 0,0414514
2722; 0,015625; 0,015625; 165,84615384615384; 0,04125527
2723; 0,015625; 0,015625; 164,98076923076923; 0,041040003
2724; 0,015625; 0,015625; 164,42307692307693; 0,040901277
2725; 0,015625; 0,015625; 165,21153846153845; 0,041097403
2726; 0,015625; 0,015625; 164,78846153846155; 0,04099216
2727; 0,015625; 0,015625; 164,48076923076923; 0,040915627
2728; 0,015625; 0,015625; 165,26923076923077; 0,041111752
2729; 0,015625; 0,015625; 164,34615384615384; 0,04088213
2730; 0,015625; 0,015625; 165,30769230769232; 0,041121323
2731; 0,015625; 0,015625; 166,0; 0,04129354
2732; 0,015625; 0,015625; 164,8846153846154; 0,041016083
2733; 0,015625; 0,015625; 164,90384615384616; 0,041020866
2734; 0,015625; 0,015625; 164,46153846153845; 0,04091084
2735; 0,015625; 0,015625; 164,94230769230768; 0,041030433
2736; 0,015625; 0,015625; 164,46153846153845; 0,040910844
2737; 0,015625; 0,015625; 165,30769230769232; 0,041121326
2738; 0,015625; 0,015625; 165,51923076923077; 0,041173942
2739; 0,015625; 0,015625; 164,15384615384616; 0,0408343
2740; 0,015625; 0,015625; 165,09615384615384; 0,041068707
2741; 0,015625; 0,015625; 164,69230769230768; 0,04096824
2742; 0,015625; 0,015625; 164,59615384615384; 0,040944323
2743; 0,015625; 0,015625; 164,84615384615384; 0,04100651
2744; 0,015625; 0,015625; 164,40384615384616; 0,040896483
2745; 0,015625; 0,015625; 165,03846153846155; 0,04105435
2746; 0,015625; 0,015625; 165,69230769230768; 0,041217003
2747; 0,015625; 0,015625; 165,3653846153846; 0,041135676
2748; 0,015625; 0,015625; 163,53846153846155; 0,040681217
2749; 0,015625; 0,015625; 164,75; 0,040982597
2750; 0,015625; 0,015625; 164,5; 0,040920403
2751; 0,015625; 0,015625; 164,76923076923077; 0,04098738
2752; 0,015625; 0,015625; 164,94230769230768; 0,04103043
2753; 0,015625; 0,015625; 165,8653846153846; 0,04126005
2754; 0,015625; 0,015625; 165,94230769230768; 0,041279193
2755; 0,015625; 0,015625; 164,98076923076923; 0,04104
2756; 0,015625; 0,015625; 166,01923076923077; 0,041298326
2757; 0,015625; 0,015625; 165,0; 0,041044787
2758; 0,015625; 0,015625; 165,82692307692307; 0,041250482
2759; 0,015625; 0,015625; 165,05769230769232; 0,041059133
2760; 0,015625; 0,015625; 164,28846153846155; 0,04086778
2761; 0,015625; 0,015625; 165,01923076923077; 0,041049562
2762; 0,015625; 0,015625; 165,67307692307693; 0,041212216
2763; 0,015625; 0,015625; 164,6346153846154; 0,040953893
2764; 0,015625; 0,015625; 164,19230769230768; 0,04084386
2765; 0,015625; 0,015625; 164,51923076923077; 0,04092519
2766; 0,015625; 0,015625; 164,75; 0,0409826
2767; 0,015625; 0,015625; 164,28846153846155; 0,040867787
2768; 0,015625; 0,015625; 164,69230769230768; 0,04096824
2769; 0,015625; 0,015625; 164,94230769230768; 0,04103043
2770; 0,015625; 0,015625; 165,17307692307693; 0,041087832
2771; 0,015625; 0,015625; 165,44230769230768; 0,04115481
2772; 0,015625; 0,015625; 165,09615384615384; 0,0410687
2773; 0,015625; 0,015625; 165,03846153846155; 0,041054353
2774; 0,015625; 0,015625; 165,1346153846154; 0,04107827
2775; 0,015625; 0,015625; 163,03846153846155; 0,04055684
2776; 0,015625; 0,015625; 164,73076923076923; 0,04097781
2777; 0,015625; 0,015625; 165,15384615384616; 0,041083056
2778; 0,015625; 0,015625; 165,01923076923077; 0,041049566
2779; 0,015625; 0,015625; 164,09615384615384; 0,040819947
2780; 0,015625; 0,015625; 164,44230769230768; 0,040906053
2781; 0,015625; 0,015625; 165,51923076923077; 0,041173942
2782; 0,015625; 0,015625; 164,44230769230768; 0,040906053
2783; 0,015625; 0,015625; 166,53846153846155; 0,04142748
2784; 0,015625; 0,015625; 165,25; 0,041106965
2785; 0,015625; 0,015625; 164,8653846153846; 0,041011296
2786; 0,015625; 0,015625; 165,44230769230768; 0,041154806
2787; 0,015625; 0,015625; 164,46153846153845; 0,04091084
2788; 0,015625; 0,015625; 165,48076923076923; 0,04116438
2789; 0,015625; 0,015625; 164,46153846153845; 0,040910836
2790; 0,015625; 0,015625; 164,46153846153845; 0,04091084
2791; 0,015625; 0,015625; 164,21153846153845; 0,04084865
2792; 0,015625; 0,015625; 164,71153846153845; 0,04097303
2793; 0,015625; 0,015625; 165,21153846153845; 0,041097406
2794; 0,015625; 0,015625; 164,5; 0,0409204
2795; 0,015625; 0,015625; 164,76923076923077; 0,040987376
2796; 0,015625; 0,015625; 164,90384615384616; 0,04102087
2797; 0,015625; 0,015625; 165,3846153846154; 0,04114046
2798; 0,015625; 0,015625; 164,98076923076923; 0,04104
2799; 0,015625; 0,015625; 164,28846153846155; 0,04086778
2800; 0,015625; 0,015625; 165,6346153846154; 0,041202646
2801; 0,015625; 0,015625; 164,84615384615384; 0,04100651
2802; 0,015625; 0,015625; 164,76923076923077; 0,04098738
2803; 0,015625; 0,015625; 164,15384615384616; 0,04083429
2804; 0,015625; 0,015625; 164,75; 0,04098259
2805; 0,015625; 0,015625; 165,25; 0,041106977
2806; 0,015625; 0,015625; 163,42307692307693; 0,040652517
2807; 0,015625; 0,015625; 165,1153846153846; 0,041073482
2808; 0,015625; 0,015625; 165,19230769230768; 0,041092616
2809; 0,015625; 0,015625; 166,57692307692307; 0,041437052
2810; 0,015625; 0,015625; 165,1153846153846; 0,041073486
2811; 0,015625; 0,015625; 164,90384615384616; 0,041020866
2812; 0,015625; 0,015625; 165,84615384615384; 0,041255273
2813; 0,015625; 0,015625; 163,92307692307693; 0,040776893
2814; 0,015625; 0,015625; 165,07692307692307; 0,04106392
2815; 0,015625; 0,015625; 165,34615384615384; 0,041130885
2816; 0,015625; 0,015625; 164,90384615384616; 0,041020863
2817; 0,015625; 0,015625; 164,90384615384616; 0,041020866
2818; 0,015625; 0,015625; 164,8846153846154; 0,041016083
2819; 0,015625; 0,015625; 164,84615384615384; 0,04100652
2820; 0,015625; 0,015625; 165,05769230769232; 0,041059136
2821; 0,015625; 0,015625; 165,0; 0,04104479
2822; 0,015625; 0,015625; 165,40384615384616; 0,041145243
2823; 0,015625; 0,015625; 165,8653846153846; 0,041260045
2824; 0,015625; 0,015625; 165,3653846153846; 0,041135676
2825; 0,015625; 0,015625; 164,5; 0,040920403
2826; 0,015625; 0,015625; 164,80769230769232; 0,040996946
2827; 0,015625; 0,015625; 166,71153846153845; 0,041470543
2828; 0,015625; 0,015625; 164,69230769230768; 0,04096824
2829; 0,015625; 0,015625; 165,07692307692307; 0,04106392
2830; 0,015625; 0,015625; 166,3846153846154; 0,04138922
2831; 0,015625; 0,015625; 164,84615384615384; 0,041006513
2832; 0,015625; 0,015625; 164,84615384615384; 0,041006513
2833; 0,015625; 0,015625; 164,44230769230768; 0,040906057
2834; 0,015625; 0,015625; 164,40384615384616; 0,040896483
2835; 0,015625; 0,015625; 166,69230769230768; 0,04146576
2836; 0,015625; 0,015625; 164,55769230769232; 0,040934756
2837; 0,015625; 0,015625; 164,59615384615384; 0,040944323
2838; 0,015625; 0,015625; 164,84615384615384; 0,04100651
2839; 0,015625; 0,015625; 164,53846153846155; 0,040929973
2840; 0,015625; 0,015625; 165,84615384615384; 0,04125527
2841; 0,015625; 0,015625; 164,53846153846155; 0,040929973
2842; 0,015625; 0,015625; 164,92307692307693; 0,041025642
2843; 0,015625; 0,015625; 165,3846153846154; 0,04114046
2844; 0,015625; 0,015625; 164,19230769230768; 0,040843863
2845; 0,015625; 0,015625; 163,8846153846154; 0,04076732
2846; 0,015625; 0,015625; 164,21153846153845; 0,04084865
2847; 0,015625; 0,015625; 166,42307692307693; 0,041398786
2848; 0,015625; 0,015625; 164,67307692307693; 0,040963463
2849; 0,015625; 0,015625; 165,03846153846155; 0,04105435
2850; 0,015625; 0,015625; 165,01923076923077; 0,041049566
2851; 0,015625; 0,015625; 164,51923076923077; 0,04092519
2852; 0,015625; 0,015625; 164,25; 0,040858217
2853; 0,015625; 0,015625; 164,98076923076923; 0,041040003
2854; 0,015625; 0,015625; 167,59615384615384; 0,04169059
2855; 0,015625; 0,015625; 163,71153846153845; 0,040724274
2856; 0,015625; 0,015625; 164,98076923076923; 0,04104
2857; 0,015625; 0,015625; 164,73076923076923; 0,040977813
2858; 0,015625; 0,015625; 164,78846153846155; 0,04099216
2859; 0,015625; 0,015625; 164,42307692307693; 0,04090127
2860; 0,015625; 0,015625; 164,07692307692307; 0,040815156
2861; 0,015625; 0,015625; 164,90384615384616; 0,041020866
2862; 0,015625; 0,015625; 165,15384615384616; 0,041083056
2863; 0,015625; 0,015625; 165,69230769230768; 0,041217003
2864; 0,015625; 0,015625; 165,42307692307693; 0,04115003
2865; 0,015625; 0,015625; 164,15384615384616; 0,040834304
2866; 0,015625; 0,015625; 165,32692307692307; 0,041126106
2867; 0,015625; 0,015625; 164,46153846153845; 0,040910836
2868; 0,015625; 0,015625; 165,05769230769232; 0,041059136
2869; 0,015625; 0,015625; 165,55769230769232; 0,04118351
2870; 0,015625; 0,015625; 165,21153846153845; 0,0410974
2871; 0,015625; 0,015625; 164,78846153846155; 0,040992167
2872; 0,015625; 0,015625; 164,3846153846154; 0,040891707
2873; 0,015625; 0,015625; 164,75; 0,040982597
2874; 0,015625; 0,015625; 164,82692307692307; 0,041001722
2875; 0,015625; 0,015625; 164,67307692307693; 0,040963456
2876; 0,015625; 0,015625; 165,69230769230768; 0,041217003
2877; 0,015625; 0,015625; 164,55769230769232; 0,040934756
2878; 0,015625; 0,015625; 165,23076923076923; 0,04110219
2879; 0,015625; 0,015625; 165,03846153846155; 0,04105435
2880; 0,015625; 0,015625; 165,15384615384616; 0,041083053
2881; 0,015625; 0,015625; 164,03846153846155; 0,040805586
2882; 0,015625; 0,015625; 165,32692307692307; 0,041126106
2883; 0,015625; 0,015625; 166,26923076923077; 0,041360512
2884; 0,015625; 0,015625; 164,82692307692307; 0,041001733
2885; 0,015625; 0,015625; 164,71153846153845; 0,04097303
2886; 0,015625; 0,015625; 164,92307692307693; 0,041025646
2887; 0,015625; 0,015625; 164,09615384615384; 0,040819947
2888; 0,015625; 0,015625; 164,30769230769232; 0,040872566
2889; 0,015625; 0,015625; 165,0; 0,041044787
2890; 0,015625; 0,015625; 164,82692307692307; 0,041001733
2891; 0,015625; 0,015625; 164,15384615384616; 0,0408343
2892; 0,015625; 0,015625; 164,90384615384616; 0,041020863
2893; 0,015625; 0,015625; 164,82692307692307; 0,04100173
2894; 0,015625; 0,015625; 164,65384615384616; 0,040958676
2895; 0,015625; 0,015625; 165,69230769230768; 0,041216996
2896; 0,015625; 0,015625; 165,3846153846154; 0,04114046
2897; 0,015625; 0,015625; 164,69230769230768; 0,040968243
2898; 0,015625; 0,015625; 164,73076923076923; 0,040977813
2899; 0,015625; 0,015625; 164,71153846153845; 0,040973026
2900; 0,015625; 0,015625; 166,32692307692307; 0,041374862
2901; 0,015625; 0,015625; 163,76923076923077; 0,04073862
2902; 0,015625; 0,015625; 164,69230769230768; 0,040968243
2903; 0,015625; 0,015625; 164,84615384615384; 0,04100651
2904; 0,015625; 0,015625; 165,67307692307693; 0,041212216
2905; 0,015625; 0,015625; 163,94230769230768; 0,040781673
2906; 0,015625; 0,015625; 164,51923076923077; 0,04092519
2907; 0,015625; 0,015625; 164,30769230769232; 0,040872574
2908; 0,015625; 0,015625; 164,44230769230768; 0,040906053
2909; 0,015625; 0,015625; 164,73076923076923; 0,04097781
2910; 0,015625; 0,015625; 165,42307692307693; 0,04115003
2911; 0,015625; 0,015625; 164,46153846153845; 0,040910836
2912; 0,015625; 0,015625; 165,3653846153846; 0,04113567
2913; 0,015625; 0,015625; 163,90384615384616; 0,040772114
2914; 0,015625; 0,015625; 164,46153846153845; 0,04091084
2915; 0,015625; 0,015625; 164,90384615384616; 0,041020863
2916; 0,015625; 0,015625; 164,78846153846155; 0,04099216
2917; 0,015625; 0,015625; 164,28846153846155; 0,040867787
2918; 0,015625; 0,015625; 166,01923076923077; 0,041298326
2919; 0,015625; 0,015625; 164,65384615384616; 0,040958676
2920; 0,015625; 0,015625; 167,30769230769232; 0,04161883
2921; 0,015625; 0,015625; 163,69230769230768; 0,04071949
2922; 0,015625; 0,015625; 165,19230769230768; 0,041092627
2923; 0,015625; 0,015625; 166,71153846153845; 0,041470535
2924; 0,015625; 0,015625; 166,07692307692307; 0,041312676
2925; 0,015625; 0,015625; 164,90384615384616; 0,041020866
2926; 0,015625; 0,015625; 164,73076923076923; 0,040977817
2927; 0,015625; 0,015625; 164,65384615384616; 0,04095867
2928; 0,015625; 0,015625; 165,07692307692307; 0,041063912
2929; 0,015625; 0,015625; 164,69230769230768; 0,040968247
2930; 0,015625; 0,015625; 164,94230769230768; 0,04103043
2931; 0,015625; 0,015625; 164,5; 0,0409204
2932; 0,015625; 0,015625; 164,75; 0,04098259
2933; 0,015625; 0,015625; 165,0; 0,04104478
2934; 0,015625; 0,015625; 164,92307692307693; 0,041025653
2935; 0,015625; 0,015625; 164,19230769230768; 0,040843863
2936; 0,015625; 0,015625; 165,53846153846155; 0,04117873
2937; 0,015625; 0,015625; 164,30769230769232; 0,04087257
2938; 0,015625; 0,015625; 166,53846153846155; 0,041427486
2939; 0,015625; 0,015625; 164,69230769230768; 0,040968243
2940; 0,015625; 0,015625; 164,26923076923077; 0,040863004
2941; 0,015625; 0,015625; 164,40384615384616; 0,04089649
2942; 0,015625; 0,015625; 165,23076923076923; 0,04110219
2943; 0,015625; 0,015625; 165,55769230769232; 0,041183513
2944; 0,015625; 0,015625; 164,71153846153845; 0,040973026
2945; 0,015625; 0,015625; 165,82692307692307; 0,041250486
2946; 0,015625; 0,015625; 164,71153846153845; 0,040973026
2947; 0,015625; 0,015625; 165,75; 0,041231353
2948; 0,015625; 0,015625; 165,53846153846155; 0,04117873
2949; 0,015625; 0,015625; 166,26923076923077; 0,041360516
2950; 0,015625; 0,015625; 164,84615384615384; 0,041006513
2951; 0,015625; 0,015625; 164,25; 0,040858217
2952; 0,015625; 0,015625; 165,55769230769232; 0,04118351
2953; 0,015625; 0,015625; 166,25; 0,04135573
2954; 0,015625; 0,015625; 164,78846153846155; 0,040992163
2955; 0,015625; 0,015625; 164,51923076923077; 0,040925186
2956; 0,015625; 0,015625; 164,92307692307693; 0,041025642
2957; 0,015625; 0,015625; 164,75; 0,04098259
2958; 0,015625; 0,015625; 164,15384615384616; 0,040834293
2959; 0,015625; 0,015625; 164,1153846153846; 0,04082473
2960; 0,015625; 0,015625; 165,01923076923077; 0,041049566
2961; 0,015625; 0,015625; 164,3846153846154; 0,040891703
2962; 0,015625; 0,015625; 163,46153846153845; 0,040662084
2963; 0,015625; 0,015625; 165,05769230769232; 0,041059133
2964; 0,015625; 0,015625; 165,03846153846155; 0,04105435
2965; 0,015625; 0,015625; 166,0; 0,041293543
2966; 0,015625; 0,015625; 165,40384615384616; 0,041145246
2967; 0,015625; 0,015625; 164,80769230769232; 0,040996946
2968; 0,015625; 0,015625; 164,8653846153846; 0,041011296
2969; 0,015625; 0,015625; 165,28846153846155; 0,041116536
2970; 0,015625; 0,015625; 164,09615384615384; 0,040819943
2971; 0,015625; 0,015625; 164,94230769230768; 0,041030433
2972; 0,015625; 0,015625; 165,23076923076923; 0,04110219
2973; 0,015625; 0,015625; 163,94230769230768; 0,04078168
2974; 0,015625; 0,015625; 165,1346153846154; 0,04107827
2975; 0,015625; 0,015625; 164,3653846153846; 0,04088692
2976; 0,015625; 0,015625; 164,67307692307693; 0,040963456
2977; 0,015625; 0,015625; 165,57692307692307; 0,041188292
2978; 0,015625; 0,015625; 165,19230769230768; 0,04109262
2979; 0,015625; 0,015625; 165,05769230769232; 0,041059136
2980; 0,015625; 0,015625; 164,3846153846154; 0,0408917
2981; 0,015625; 0,015625; 165,48076923076923; 0,041164383
2982; 0,015625; 0,015625; 165,40384615384616; 0,041145246
2983; 0,015625; 0,015625; 163,51923076923077; 0,040676434
2984; 0,015625; 0,015625; 165,25; 0,041106973
2985; 0,015625; 0,015625; 164,44230769230768; 0,040906057
2986; 0,015625; 0,015625; 165,84615384615384; 0,04125527
2987; 0,015625; 0,015625; 164,48076923076923; 0,040915616
2988; 0,015625; 0,015625; 165,07692307692307; 0,041063923
2989; 0,015625; 0,015625; 164,44230769230768; 0,040906053
2990; 0,015625; 0,015625; 164,84615384615384; 0,04100651
2991; 0,015625; 0,015625; 163,98076923076923; 0,040791247
2992; 0,015625; 0,015625; 165,01923076923077; 0,041049574
2993; 0,015625; 0,015625; 164,53846153846155; 0,040929973
2994; 0,015625; 0,015625; 164,65384615384616; 0,04095868
2995; 0,015625; 0,015625; 165,28846153846155; 0,041116536
2996; 0,015625; 0,015625; 164,03846153846155; 0,040805597
2997; 0,015625; 0,015625; 165,1346153846154; 0,041078266
2998; 0,015625; 0,015625; 164,96153846153845; 0,04103522
2999; 0,015625; 0,015625; 164,57692307692307; 0,040939543
3000; 0,015625; 0,015625; 164,6346153846154; 0,040953897
3001; 0,015625; 0,015625; 164,80769230769232; 0,040996943
3002; 0,015625; 0,015625; 164,1153846153846; 0,04082473
3003; 0,015625; 0,015625; 164,67307692307693; 0,040963456
3004; 0,015625; 0,015625; 165,07692307692307; 0,04106392
3005; 0,015625; 0,015625; 163,78846153846155; 0,04074341
3006; 0,015625; 0,015625; 164,6153846153846; 0,040949106
3007; 0,015625; 0,015625; 165,6153846153846; 0,041197862
3008; 0,015625; 0,015625; 164,84615384615384; 0,04100651
3009; 0,015625; 0,015625; 165,07692307692307; 0,04106392
3010; 0,015625; 0,015625; 165,46153846153845; 0,04115959
3011; 0,015625; 0,015625; 165,6153846153846; 0,04119787
3012; 0,015625; 0,015625; 164,80769230769232; 0,040996943
3013; 0,015625; 0,015625; 165,34615384615384; 0,041130885
3014; 0,015625; 0,015625; 164,82692307692307; 0,041001733
3015; 0,015625; 0,015625; 165,28846153846155; 0,04111654
3016; 0,015625; 0,015625; 166,30769230769232; 0,04137008
3017; 0,015625; 0,015625; 164,46153846153845; 0,040910833
3018; 0,015625; 0,015625; 164,78846153846155; 0,04099216
3019; 0,015625; 0,015625; 164,80769230769232; 0,040996946
3020; 0,015625; 0,015625; 165,01923076923077; 0,041049566
3021; 0,015625; 0,015625; 164,30769230769232; 0,040872566
3022; 0,015625; 0,015625; 165,15384615384616; 0,041083056
3023; 0,015625; 0,015625; 164,53846153846155; 0,040929977
3024; 0,015625; 0,015625; 164,53846153846155; 0,04092997
3025; 0,015625; 0,015625; 165,28846153846155; 0,041116536
3026; 0,015625; 0,015625; 164,25; 0,040858213
3027; 0,015625; 0,015625; 165,28846153846155; 0,04111654
3028; 0,015625; 0,015625; 164,82692307692307; 0,04100173
3029; 0,015625; 0,015625; 164,76923076923077; 0,040987376
3030; 0,015625; 0,015625; 164,48076923076923; 0,040915627
3031; 0,015625; 0,015625; 164,80769230769232; 0,040996946
3032; 0,015625; 0,015625; 165,23076923076923; 0,04110219
3033; 0,015625; 0,015625; 164,92307692307693; 0,041025646
3034; 0,015625; 0,015625; 165,23076923076923; 0,041102193
3035; 0,015625; 0,015625; 164,94230769230768; 0,04103044
3036; 0,015625; 0,015625; 164,82692307692307; 0,041001722
3037; 0,015625; 0,015625; 164,75; 0,04098259
3038; 0,015625; 0,015625; 164,05769230769232; 0,040810373
3039; 0,015625; 0,015625; 164,78846153846155; 0,040992163
3040; 0,015625; 0,015625; 163,8846153846154; 0,040767327
3041; 0,015625; 0,015625; 164,15384615384616; 0,040834293
3042; 0,015625; 0,015625; 165,07692307692307; 0,041063923
3043; 0,015625; 0,015625; 164,48076923076923; 0,040915616
3044; 0,015625; 0,015625; 165,0; 0,041044787
3045; 0,015625; 0,015625; 165,25; 0,041106973
3046; 0,015625; 0,015625; 165,46153846153845; 0,041159593
3047; 0,015625; 0,015625; 165,05769230769232; 0,041059136
3048; 0,015625; 0,015625; 167,90384615384616; 0,041767128
3049; 0,015625; 0,015625; 164,80769230769232; 0,040996946
3050; 0,015625; 0,015625; 165,25; 0,041106965
3051; 0,015625; 0,015625; 165,15384615384616; 0,041083056
3052; 0,015625; 0,015625; 165,26923076923077; 0,041111752
3053; 0,015625; 0,015625; 164,32692307692307; 0,04087735
3054; 0,015625; 0,015625; 166,03846153846155; 0,041303106
3055; 0,015625; 0,015625; 165,05769230769232; 0,041059133
3056; 0,015625; 0,015625; 164,84615384615384; 0,04100651
3057; 0,015625; 0,015625; 165,55769230769232; 0,041183513
3058; 0,015625; 0,015625; 164,3846153846154; 0,040891703
3059; 0,015625; 0,015625; 164,67307692307693; 0,040963456
3060; 0,015625; 0,015625; 165,0; 0,04104478
3061; 0,015625; 0,015625; 165,53846153846155; 0,041178726
3062; 0,015625; 0,015625; 166,03846153846155; 0,041303102
3063; 0,015625; 0,015625; 164,42307692307693; 0,04090127
3064; 0,015625; 0,015625; 165,1153846153846; 0,041073486
3065; 0,015625; 0,015625; 163,75; 0,040733837
3066; 0,015625; 0,015625; 164,15384615384616; 0,040834293
3067; 0,015625; 0,015625; 164,73076923076923; 0,040977813
3068; 0,015625; 0,015625; 165,17307692307693; 0,041087832
3069; 0,015625; 0,015625; 164,73076923076923; 0,04097781
3070; 0,015625; 0,015625; 164,15384615384616; 0,0408343
3071; 0,015625; 0,015625; 165,09615384615384; 0,0410687
3072; 0,015625; 0,015625; 165,07692307692307; 0,041063912
3073; 0,015625; 0,015625; 165,6346153846154; 0,04120265
3074; 0,015625; 0,015625; 163,5; 0,04067165
3075; 0,015625; 0,015625; 164,8846153846154; 0,04101608
3076; 0,015625; 0,015625; 167,15384615384616; 0,041580565
3077; 0,015625; 0,015625; 163,92307692307693; 0,0407769
3078; 0,015625; 0,015625; 164,75; 0,040982597
3079; 0,015625; 0,015625; 164,69230769230768; 0,040968243
3080; 0,015625; 0,015625; 164,42307692307693; 0,04090127
3081; 0,015625; 0,015625; 164,71153846153845; 0,040973026
3082; 0,015625; 0,015625; 164,82692307692307; 0,041001733
3083; 0,015625; 0,015625; 165,32692307692307; 0,04112611
3084; 0,015625; 0,015625; 164,78846153846155; 0,040992167
3085; 0,015625; 0,015625; 164,69230769230768; 0,040968247
3086; 0,015625; 0,015625; 165,82692307692307; 0,041250486
3087; 0,015625; 0,015625; 164,65384615384616; 0,040958676
3088; 0,015625; 0,015625; 165,67307692307693; 0,041212216
3089; 0,015625; 0,015625; 166,1346153846154; 0,041327026
3090; 0,015625; 0,015625; 165,67307692307693; 0,04121222
3091; 0,015625; 0,015625; 164,17307692307693; 0,04083908
3092; 0,015625; 0,015625; 164,23076923076923; 0,040853422
3093; 0,015625; 0,015625; 165,94230769230768; 0,041279193
3094; 0,015625; 0,015625; 164,57692307692307; 0,040939543
3095; 0,015625; 0,015625; 165,26923076923077; 0,041111752
3096; 0,015625; 0,015625; 164,69230769230768; 0,040968243
3097; 0,015625; 0,015625; 166,96153846153845; 0,04153273
3098; 0,015625; 0,015625; 164,67307692307693; 0,040963456
3099; 0,015625; 0,015625; 164,57692307692307; 0,040939536
3100; 0,015625; 0,015625; 164,84615384615384; 0,041006513
3101; 0,015625; 0,015625; 164,19230769230768; 0,040843863
3102; 0,015625; 0,015625; 164,92307692307693; 0,041025646
3103; 0,015625; 0,015625; 164,15384615384616; 0,0408343
3104; 0,015625; 0,015625; 164,98076923076923; 0,04104
3105; 0,015625; 0,015625; 164,69230769230768; 0,040968243
3106; 0,015625; 0,015625; 165,34615384615384; 0,041130893
3107; 0,015625; 0,015625; 165,0; 0,041044787
3108; 0,015625; 0,015625; 164,42307692307693; 0,04090127
3109; 0,015625; 0,015625; 165,78846153846155; 0,041240923
3110; 0,015625; 0,015625; 165,03846153846155; 0,04105435
3111; 0,015625; 0,015625; 164,84615384615384; 0,04100651
3112; 0,015625; 0,015625; 164,96153846153845; 0,041035213
3113; 0,015625; 0,015625; 165,01923076923077; 0,041049562
3114; 0,015625; 0,015625; 165,40384615384616; 0,041145246
3115; 0,015625; 0,015625; 163,73076923076923; 0,04072906
3116; 0,015625; 0,015625; 164,94230769230768; 0,04103043
3117; 0,015625; 0,015625; 165,5; 0,041169163
3118; 0,015625; 0,015625; 165,42307692307693; 0,04115003
3119; 0,015625; 0,015625; 165,67307692307693; 0,041212216
3120; 0,015625; 0,015625; 165,67307692307693; 0,04121222
3121; 0,015625; 0,015625; 164,94230769230768; 0,04103043
3122; 0,015625; 0,015625; 165,3846153846154; 0,041140463
3123; 0,015625; 0,015625; 165,0; 0,04104478
3124; 0,015625; 0,015625; 164,32692307692307; 0,04087735
3125; 0,015625; 0,015625; 164,92307692307693; 0,041025653
3126; 0,015625; 0,015625; 164,6153846153846; 0,040949106
3127; 0,015625; 0,015625; 165,0; 0,041044787
3128; 0,015625; 0,015625; 163,8653846153846; 0,040762544
3129; 0,015625; 0,015625; 166,05769230769232; 0,041307893
3130; 0,015625; 0,015625; 164,53846153846155; 0,04092997
3131; 0,015625; 0,015625; 164,71153846153845; 0,04097303
3132; 0,015625; 0,015625; 164,73076923076923; 0,040977813
3133; 0,015625; 0,015625; 164,8846153846154; 0,041016083
3134; 0,015625; 0,015625; 164,5; 0,040920403
3135; 0,015625; 0,015625; 164,96153846153845; 0,041035216
3136; 0,015625; 0,015625; 165,51923076923077; 0,04117394
3137; 0,015625; 0,015625; 165,3653846153846; 0,041135676
3138; 0,015625; 0,015625; 164,78846153846155; 0,040992163
3139; 0,015625; 0,015625; 164,8653846153846; 0,041011292
3140; 0,015625; 0,015625; 164,8653846153846; 0,041011296
3141; 0,015625; 0,015625; 165,07692307692307; 0,041063923
3142; 0,015625; 0,015625; 163,73076923076923; 0,040729053
3143; 0,015625; 0,015625; 164,28846153846155; 0,040867783
3144; 0,015625; 0,015625; 165,25; 0,041106977
3145; 0,015625; 0,015625; 165,07692307692307; 0,041063923
3146; 0,015625; 0,015625; 164,44230769230768; 0,04090605
3147; 0,015625; 0,015625; 164,5; 0,04092041
3148; 0,015625; 0,015625; 164,98076923076923; 0,04104
3149; 0,015625; 0,015625; 164,75; 0,040982597
3150; 0,015625; 0,015625; 165,07692307692307; 0,041063923
3151; 0,015625; 0,015625; 164,8653846153846; 0,0410113
3152; 0,015625; 0,015625; 165,21153846153845; 0,041097403
3153; 0,015625; 0,015625; 165,75; 0,04123135
3154; 0,015625; 0,015625; 165,21153846153845; 0,041097403
3155; 0,015625; 0,015625; 165,19230769230768; 0,041092627
3156; 0,015625; 0,015625; 164,6346153846154; 0,0409539
3157; 0,015625; 0,015625; 165,1346153846154; 0,041078273
3158; 0,015625; 0,015625; 164,8846153846154; 0,041016083
3159; 0,015625; 0,015625; 165,59615384615384; 0,04119307
3160; 0,015625; 0,015625; 164,82692307692307; 0,04100173
3161; 0,015625; 0,015625; 164,32692307692307; 0,040877346
3162; 0,015625; 0,015625; 164,71153846153845; 0,04097303
3163; 0,015625; 0,015625; 164,6346153846154; 0,04095389
3164; 0,015625; 0,015625; 164,59615384615384; 0,04094432
3165; 0,015625; 0,015625; 165,6153846153846; 0,04119787
3166; 0,015625; 0,015625; 165,03846153846155; 0,041054353
3167; 0,015625; 0,015625; 164,78846153846155; 0,040992156
3168; 0,015625; 0,015625; 164,46153846153845; 0,040910836
3169; 0,015625; 0,015625; 164,40384615384616; 0,04089649
3170; 0,015625; 0,015625; 164,96153846153845; 0,04103522
3171; 0,015625; 0,015625; 165,0; 0,04104478
3172; 0,015625; 0,015625; 165,21153846153845; 0,041097406
3173; 0,015625; 0,015625; 164,75; 0,04098259
3174; 0,015625; 0,015625; 166,01923076923077; 0,041298326
3175; 0,015625; 0,015625; 166,6346153846154; 0,041451402
3176; 0,015625; 0,015625; 165,05769230769232; 0,041059136
3177; 0,015625; 0,015625; 164,1346153846154; 0,04082952
3178; 0,015625; 0,015625; 166,01923076923077; 0,041298322
3179; 0,015625; 0,015625; 164,3846153846154; 0,0408917
3180; 0,015625; 0,015625; 166,48076923076923; 0,04141313
3181; 0,015625; 0,015625; 165,3653846153846; 0,041135676
3182; 0,015625; 0,015625; 166,8653846153846; 0,04150881
3183; 0,015625; 0,015625; 165,21153846153845; 0,041097403
3184; 0,015625; 0,015625; 164,46153846153845; 0,04091084
3185; 0,015625; 0,015625; 164,03846153846155; 0,040805593
3186; 0,015625; 0,015625; 164,75; 0,04098259
3187; 0,015625; 0,015625; 164,53846153846155; 0,040929973
3188; 0,015625; 0,015625; 165,05769230769232; 0,041059136
3189; 0,015625; 0,015625; 164,03846153846155; 0,040805597
3190; 0,015625; 0,015625; 165,15384615384616; 0,041083053
3191; 0,015625; 0,015625; 165,19230769230768; 0,04109262
3192; 0,015625; 0,015625; 164,8846153846154; 0,04101608
3193; 0,015625; 0,015625; 165,42307692307693; 0,041150026
3194; 0,015625; 0,015625; 164,59615384615384; 0,040944323
3195; 0,015625; 0,015625; 164,69230769230768; 0,04096824
3196; 0,015625; 0,015625; 165,40384615384616; 0,041145246
3197; 0,015625; 0,015625; 165,34615384615384; 0,041130893
3198; 0,015625; 0,015625; 164,03846153846155; 0,040805593
3199; 0,015625; 0,015625; 165,26923076923077; 0,041111764
3200; 0,015625; 0,015625; 164,01923076923077; 0,040800814
3201; 0,015625; 0,015625; 164,96153846153845; 0,041035213
3202; 0,015625; 0,015625; 165,19230769230768; 0,041092627
3203; 0,015625; 0,015625; 164,75; 0,04098259
3204; 0,015625; 0,015625; 165,32692307692307; 0,04112611
3205; 0,015625; 0,015625; 166,96153846153845; 0,04153273
3206; 0,015625; 0,015625; 164,80769230769232; 0,040996943
3207; 0,015625; 0,015625; 163,94230769230768; 0,04078168
3208; 0,015625; 0,015625; 165,26923076923077; 0,041111764
3209; 0,015625; 0,015625; 165,46153846153845; 0,041159593
3210; 0,015625; 0,015625; 165,23076923076923; 0,04110219
3211; 0,015625; 0,015625; 165,5; 0,041169163
3212; 0,015625; 0,015625; 164,73076923076923; 0,040977813
3213; 0,015625; 0,015625; 165,01923076923077; 0,041049562
3214; 0,015625; 0,015625; 164,53846153846155; 0,040929973
3215; 0,015625; 0,015625; 164,03846153846155; 0,040805597
3216; 0,015625; 0,015625; 164,42307692307693; 0,04090127
3217; 0,015625; 0,015625; 164,8653846153846; 0,041011296
3218; 0,015625; 0,015625; 167,15384615384616; 0,041580565
3219; 0,015625; 0,015625; 165,6346153846154; 0,04120265
3220; 0,015625; 0,015625; 165,17307692307693; 0,04108784
3221; 0,015625; 0,015625; 164,5; 0,040920403
3222; 0,015625; 0,015625; 164,23076923076923; 0,040853433
3223; 0,015625; 0,015625; 166,21153846153845; 0,04134616
3224; 0,015625; 0,015625; 165,25; 0,041106977
3225; 0,015625; 0,015625; 165,1153846153846; 0,041073486
3226; 0,015625; 0,015625; 164,59615384615384; 0,04094432
3227; 0,015625; 0,015625; 165,01923076923077; 0,041049555
3228; 0,015625; 0,015625; 164,40384615384616; 0,040896494
3229; 0,015625; 0,015625; 164,44230769230768; 0,040906057
3230; 0,015625; 0,015625; 165,1346153846154; 0,041078273
3231; 0,015625; 0,015625; 165,09615384615384; 0,041068707
3232; 0,015625; 0,015625; 165,15384615384616; 0,041083053
3233; 0,015625; 0,015625; 164,5; 0,04092041
3234; 0,015625; 0,015625; 165,17307692307693; 0,041087832
3235; 0,015625; 0,015625; 165,15384615384616; 0,041083056
3236; 0,015625; 0,015625; 164,67307692307693; 0,040963456
3237; 0,015625; 0,015625; 165,1346153846154; 0,04107827
3238; 0,015625; 0,015625; 165,65384615384616; 0,041207433
3239; 0,015625; 0,015625; 164,98076923076923; 0,041040003
3240; 0,015625; 0,015625; 164,17307692307693; 0,040839083
3241; 0,015625; 0,015625; 164,23076923076923; 0,040853426
3242; 0,015625; 0,015625; 164,76923076923077; 0,040987372
3243; 0,015625; 0,015625; 163,80769230769232; 0,040748186
3244; 0,015625; 0,015625; 164,65384615384616; 0,040958684
3245; 0,015625; 0,015625; 164,80769230769232; 0,040996946
3246; 0,015625; 0,015625; 164,25; 0,040858217
3247; 0,015625; 0,015625; 164,09615384615384; 0,040819947
3248; 0,015625; 0,015625; 165,3846153846154; 0,04114046
3249; 0,015625; 0,015625; 164,8846153846154; 0,04101608
3250; 0,015625; 0,015625; 164,71153846153845; 0,040973034
3251; 0,015625; 0,015625; 164,3653846153846; 0,04088692
3252; 0,015625; 0,015625; 164,03846153846155; 0,040805597
3253; 0,015625; 0,015625; 166,48076923076923; 0,041413136
3254; 0,015625; 0,015625; 164,76923076923077; 0,040987376
3255; 0,015625; 0,015625; 164,65384615384616; 0,040958676
3256; 0,015625; 0,015625; 165,01923076923077; 0,041049562
3257; 0,015625; 0,015625; 164,3846153846154; 0,040891707
3258; 0,015625; 0,015625; 165,69230769230768; 0,041216996
3259; 0,015625; 0,015625; 163,15384615384616; 0,04058554
3260; 0,015625; 0,015625; 165,25; 0,041106977
3261; 0,015625; 0,015625; 165,07692307692307; 0,04106392
3262; 0,015625; 0,015625; 165,19230769230768; 0,041092627
3263; 0,015625; 0,015625; 164,98076923076923; 0,04104
3264; 0,015625; 0,015625; 165,3653846153846; 0,041135672
3265; 0,015625; 0,015625; 164,59615384615384; 0,04094432
3266; 0,015625; 0,015625; 163,92307692307693; 0,040776893
3267; 0,015625; 0,015625; 165,23076923076923; 0,04110219
3268; 0,015625; 0,015625; 164,90384615384616; 0,041020866
3269; 0,015625; 0,015625; 165,15384615384616; 0,041083053
3270; 0,015625; 0,015625; 166,48076923076923; 0,041413132
3271; 0,015625; 0,015625; 166,32692307692307; 0,041374862
3272; 0,015625; 0,015625; 164,44230769230768; 0,040906057
3273; 0,015625; 0,015625; 164,8653846153846; 0,041011296
3274; 0,015625; 0,015625; 164,69230769230768; 0,04096824
3275; 0,015625; 0,015625; 165,42307692307693; 0,041150026
3276; 0,015625; 0,015625; 164,96153846153845; 0,041035213
3277; 0,015625; 0,015625; 165,17307692307693; 0,04108784
3278; 0,015625; 0,015625; 164,09615384615384; 0,040819947
3279; 0,015625; 0,015625; 165,3846153846154; 0,04114046
3280; 0,015625; 0,015625; 164,67307692307693; 0,040963463
3281; 0,015625; 0,015625; 166,21153846153845; 0,04134616
3282; 0,015625; 0,015625; 164,5; 0,040920403
3283; 0,015625; 0,015625; 164,17307692307693; 0,04083908
3284; 0,015625; 0,015625; 164,21153846153845; 0,040848646
3285; 0,015625; 0,015625; 164,55769230769232; 0,04093476
3286; 0,015625; 0,015625; 164,69230769230768; 0,04096824
3287; 0,015625; 0,015625; 163,82692307692307; 0,040752973
3288; 0,015625; 0,015625; 164,73076923076923; 0,040977813
3289; 0,015625; 0,015625; 164,48076923076923; 0,040915623
3290; 0,015625; 0,015625; 165,42307692307693; 0,04115003
3291; 0,015625; 0,015625; 164,40384615384616; 0,040896483
3292; 0,015625; 0,015625; 164,1153846153846; 0,040824734
3293; 0,015625; 0,015625; 165,32692307692307; 0,041126106
3294; 0,015625; 0,015625; 164,98076923076923; 0,041039996
3295; 0,015625; 0,015625; 164,69230769230768; 0,040968243
3296; 0,015625; 0,015625; 165,17307692307693; 0,041087832
3297; 0,015625; 0,015625; 164,34615384615384; 0,040882133
3298; 0,015625; 0,015625; 164,80769230769232; 0,040996943
3299; 0,015625; 0,015625; 165,01923076923077; 0,041049562
3300; 0,015625; 0,015625; 166,09615384615384; 0,04131746
3301; 0,015625; 0,015625; 164,76923076923077; 0,040987376
3302; 0,015625; 0,015625; 164,71153846153845; 0,04097303
3303; 0,015625; 0,015625; 164,6346153846154; 0,04095389
3304; 0,015625; 0,015625; 165,71153846153845; 0,04122179
3305; 0,015625; 0,015625; 165,1346153846154; 0,041078273
3306; 0,015625; 0,015625; 164,30769230769232; 0,04087257
3307; 0,015625; 0,015625; 166,26923076923077; 0,041360516
3308; 0,015625; 0,015625; 164,55769230769232; 0,040934756
3309; 0,015625; 0,015625; 164,40384615384616; 0,040896483
3310; 0,015625; 0,015625; 165,26923076923077; 0,04111175
3311; 0,015625; 0,015625; 166,3653846153846; 0,04138444
3312; 0,015625; 0,015625; 165,40384615384616; 0,041145243
3313; 0,015625; 0,015625; 164,84615384615384; 0,041006513
3314; 0,015625; 0,015625; 165,19230769230768; 0,04109262
3315; 0,015625; 0,015625; 164,15384615384616; 0,0408343
3316; 0,015625; 0,015625; 164,71153846153845; 0,040973026
3317; 0,015625; 0,015625; 163,92307692307693; 0,040776893
3318; 0,015625; 0,015625; 165,1153846153846; 0,041073486
3319; 0,015625; 0,015625; 164,8846153846154; 0,041016083
3320; 0,015625; 0,015625; 164,57692307692307; 0,040939543
3321; 0,015625; 0,015625; 165,3846153846154; 0,04114046
3322; 0,015625; 0,015625; 164,65384615384616; 0,040958684
3323; 0,015625; 0,015625; 164,90384615384616; 0,041020866
3324; 0,015625; 0,015625; 164,76923076923077; 0,040987376
3325; 0,015625; 0,015625; 164,69230769230768; 0,040968243
3326; 0,015625; 0,015625; 165,09615384615384; 0,0410687
3327; 0,015625; 0,015625; 166,57692307692307; 0,041437052
3328; 0,015625; 0,015625; 165,09615384615384; 0,041068707
3329; 0,015625; 0,015625; 165,73076923076923; 0,04122657
3330; 0,015625; 0,015625; 164,84615384615384; 0,041006513
3331; 0,015625; 0,015625; 164,3653846153846; 0,040886916
3332; 0,015625; 0,015625; 165,15384615384616; 0,041083056
3333; 0,015625; 0,015625; 164,71153846153845; 0,04097303
3334; 0,015625; 0,015625; 166,76923076923077; 0,04148489
3335; 0,015625; 0,015625; 164,53846153846155; 0,040929973
3336; 0,015625; 0,015625; 165,82692307692307; 0,041250486
3337; 0,015625; 0,015625; 166,32692307692307; 0,041374862
3338; 0,015625; 0,015625; 164,59615384615384; 0,04094433
3339; 0,015625; 0,015625; 164,82692307692307; 0,04100173
3340; 0,015625; 0,015625; 164,71153846153845; 0,04097303
3341; 0,015625; 0,015625; 164,32692307692307; 0,04087735
3342; 0,015625; 0,015625; 165,30769230769232; 0,041121323
3343; 0,015625; 0,015625; 164,90384615384616; 0,041020866
3344; 0,015625; 0,015625; 164,3846153846154; 0,040891703
3345; 0,015625; 0,015625; 164,51923076923077; 0,04092519
3346; 0,015625; 0,015625; 165,53846153846155; 0,041178726
3347; 0,015625; 0,015625; 164,98076923076923; 0,04104
3348; 0,015625; 0,015625; 165,07692307692307; 0,04106392
3349; 0,015625; 0,015625; 165,5; 0,041169163
3350; 0,015625; 0,015625; 165,90384615384616; 0,041269623
3351; 0,015625; 0,015625; 165,67307692307693; 0,04121221
3352; 0,015625; 0,015625; 164,01923076923077; 0,040800806
3353; 0,015625; 0,015625; 165,3846153846154; 0,041140456
3354; 0,015625; 0,015625; 166,44230769230768; 0,04140357
3355; 0,015625; 0,015625; 164,30769230769232; 0,040872566
3356; 0,015625; 0,015625; 164,80769230769232; 0,040996935
3357; 0,015625; 0,015625; 165,5; 0,04116916
3358; 0,015625; 0,015625; 164,44230769230768; 0,04090605
3359; 0,015625; 0,015625; 164,19230769230768; 0,040843863
3360; 0,015625; 0,015625; 165,30769230769232; 0,041121323
3361; 0,015625; 0,015625; 164,76923076923077; 0,04098738
3362; 0,015625; 0,015625; 164,8653846153846; 0,041011296
3363; 0,015625; 0,015625; 165,48076923076923; 0,04116438
3364; 0,015625; 0,015625; 165,01923076923077; 0,041049562
3365; 0,015625; 0,015625; 164,6153846153846; 0,04094911
3366; 0,015625; 0,015625; 165,46153846153845; 0,041159596
3367; 0,015625; 0,015625; 165,53846153846155; 0,041178726
3368; 0,015625; 0,015625; 165,1153846153846; 0,041073482
3369; 0,015625; 0,015625; 165,5; 0,041169163
3370; 0,015625; 0,015625; 165,07692307692307; 0,041063912
3371; 0,015625; 0,015625; 166,55769230769232; 0,041432265
3372; 0,015625; 0,015625; 164,82692307692307; 0,04100173
3373; 0,015625; 0,015625; 164,5; 0,040920403
3374; 0,015625; 0,015625; 165,53846153846155; 0,041178726
3375; 0,015625; 0,015625; 165,07692307692307; 0,041063923
3376; 0,015625; 0,015625; 165,76923076923077; 0,041236136
3377; 0,015625; 0,015625; 165,55769230769232; 0,041183516
3378; 0,015625; 0,015625; 164,8846153846154; 0,04101608
3379; 0,015625; 0,015625; 164,3846153846154; 0,0408917
3380; 0,015625; 0,015625; 165,75; 0,041231353
3381; 0,015625; 0,015625; 166,26923076923077; 0,041360512
3382; 0,015625; 0,015625; 165,94230769230768; 0,04127919
3383; 0,015625; 0,015625; 164,82692307692307; 0,04100173
3384; 0,015625; 0,015625; 164,82692307692307; 0,041001722
3385; 0,015625; 0,015625; 164,78846153846155; 0,04099216
3386; 0,015625; 0,015625; 164,51923076923077; 0,04092519
3387; 0,015625; 0,015625; 164,34615384615384; 0,040882133
3388; 0,015625; 0,015625; 164,67307692307693; 0,040963456
3389; 0,015625; 0,015625; 164,75; 0,040982597
3390; 0,015625; 0,015625; 165,44230769230768; 0,041154806
3391; 0,015625; 0,015625; 164,46153846153845; 0,04091084
3392; 0,015625; 0,015625; 164,1346153846154; 0,040829513
3393; 0,015625; 0,015625; 164,98076923076923; 0,041039996
3394; 0,015625; 0,015625; 165,1153846153846; 0,041073486
3395; 0,015625; 0,015625; 164,53846153846155; 0,040929977
3396; 0,015625; 0,015625; 165,30769230769232; 0,041121326
3397; 0,015625; 0,015625; 164,32692307692307; 0,04087735
3398; 0,015625; 0,015625; 165,19230769230768; 0,041092627
3399; 0,015625; 0,015625; 165,0; 0,04104478
3400; 0,015625; 0,015625; 166,69230769230768; 0,041465763
3401; 0,015625; 0,015625; 164,3846153846154; 0,040891703
3402; 0,015625; 0,015625; 165,44230769230768; 0,04115481
3403; 0,015625; 0,015625; 164,23076923076923; 0,040853437
3404; 0,015625; 0,015625; 164,65384615384616; 0,04095867
3405; 0,015625; 0,015625; 164,57692307692307; 0,040939543
3406; 0,015625; 0,015625; 164,65384615384616; 0,040958676
3407; 0,015625; 0,015625; 166,30769230769232; 0,04137008
3408; 0,015625; 0,015625; 164,84615384615384; 0,041006513
3409; 0,015625; 0,015625; 165,3653846153846; 0,041135672
3410; 0,015625; 0,015625; 164,34615384615384; 0,040882133
3411; 0,015625; 0,015625; 164,48076923076923; 0,040915627
3412; 0,015625; 0,015625; 165,17307692307693; 0,041087843
3413; 0,015625; 0,015625; 164,76923076923077; 0,040987376
3414; 0,015625; 0,015625; 164,69230769230768; 0,040968243
3415; 0,015625; 0,015625; 165,80769230769232; 0,0412457
3416; 0,015625; 0,015625; 164,46153846153845; 0,040910836
3417; 0,015625; 0,015625; 163,8653846153846; 0,04076254
3418; 0,015625; 0,015625; 165,21153846153845; 0,041097403
3419; 0,015625; 0,015625; 165,5; 0,04116916
3420; 0,015625; 0,015625; 164,75; 0,040982597
3421; 0,015625; 0,015625; 166,07692307692307; 0,041312676
3422; 0,015625; 0,015625; 165,55769230769232; 0,041183513
3423; 0,015625; 0,015625; 164,28846153846155; 0,040867783
3424; 0,015625; 0,015625; 164,69230769230768; 0,040968243
3425; 0,015625; 0,015625; 164,32692307692307; 0,04087735
3426; 0,015625; 0,015625; 164,8653846153846; 0,041011296
3427; 0,015625; 0,015625; 165,94230769230768; 0,04127919
3428; 0,015625; 0,015625; 164,90384615384616; 0,041020866
3429; 0,015625; 0,015625; 165,40384615384616; 0,041145243
3430; 0,015625; 0,015625; 165,94230769230768; 0,04127918
3431; 0,015625; 0,015625; 164,92307692307693; 0,041025646
3432; 0,015625; 0,015625; 164,84615384615384; 0,041006513
3433; 0,015625; 0,015625; 164,98076923076923; 0,04104
3434; 0,015625; 0,015625; 164,25; 0,040858217
3435; 0,015625; 0,015625; 164,71153846153845; 0,040973026
3436; 0,015625; 0,015625; 165,09615384615384; 0,0410687
3437; 0,015625; 0,015625; 164,65384615384616; 0,04095868
3438; 0,015625; 0,015625; 165,3653846153846; 0,041135672
3439; 0,015625; 0,015625; 164,82692307692307; 0,04100173
3440; 0,015625; 0,015625; 165,30769230769232; 0,041121323
3441; 0,015625; 0,015625; 164,48076923076923; 0,040915616
3442; 0,015625; 0,015625; 164,98076923076923; 0,041040003
3443; 0,015625; 0,015625; 164,82692307692307; 0,04100173
3444; 0,015625; 0,015625; 165,07692307692307; 0,04106392
3445; 0,015625; 0,015625; 165,07692307692307; 0,041063912
3446; 0,015625; 0,015625; 164,48076923076923; 0,040915623
3447; 0,015625; 0,015625; 165,6346153846154; 0,041202642
3448; 0,015625; 0,015625; 165,03846153846155; 0,04105435
3449; 0,015625; 0,015625; 164,5; 0,04092041
3450; 0,015625; 0,015625; 166,19230769230768; 0,041341383
3451; 0,015625; 0,015625; 166,51923076923077; 0,041422702
3452; 0,015625; 0,015625; 164,46153846153845; 0,040910836
3453; 0,015625; 0,015625; 164,23076923076923; 0,040853433
3454; 0,015625; 0,015625; 164,48076923076923; 0,040915616
3455; 0,015625; 0,015625; 164,30769230769232; 0,040872566
3456; 0,015625; 0,015625; 164,05769230769232; 0,040810373
3457; 0,015625; 0,015625; 167,01923076923077; 0,041547075
3458; 0,015625; 0,015625; 164,71153846153845; 0,04097303
3459; 0,015625; 0,015625; 163,82692307692307; 0,04075297
3460; 0,015625; 0,015625; 165,01923076923077; 0,041049566
3461; 0,015625; 0,015625; 164,6153846153846; 0,04094911
3462; 0,015625; 0,015625; 164,23076923076923; 0,040853426
3463; 0,015625; 0,015625; 165,26923076923077; 0,041111752
3464; 0,015625; 0,015625; 164,34615384615384; 0,040882133
3465; 0,015625; 0,015625; 165,21153846153845; 0,041097406
3466; 0,015625; 0,015625; 165,07692307692307; 0,04106392
3467; 0,015625; 0,015625; 164,76923076923077; 0,040987376
3468; 0,015625; 0,015625; 165,48076923076923; 0,04116438
3469; 0,015625; 0,015625; 164,98076923076923; 0,04104
3470; 0,015625; 0,015625; 165,19230769230768; 0,04109262
3471; 0,015625; 0,015625; 165,40384615384616; 0,041145246
3472; 0,015625; 0,015625; 165,0; 0,04104478
3473; 0,015625; 0,015625; 163,8653846153846; 0,04076254
3474; 0,015625; 0,015625; 164,98076923076923; 0,041039996
3475; 0,015625; 0,015625; 164,59615384615384; 0,04094432
3476; 0,015625; 0,015625; 164,76923076923077; 0,040987376
3477; 0,015625; 0,015625; 165,6153846153846; 0,04119787
3478; 0,015625; 0,015625; 164,19230769230768; 0,040843863
3479; 0,015625; 0,015625; 165,07692307692307; 0,041063923
3480; 0,015625; 0,015625; 164,46153846153845; 0,04091084
3481; 0,015625; 0,015625; 165,69230769230768; 0,041216996
3482; 0,015625; 0,015625; 164,80769230769232; 0,04099695
3483; 0,015625; 0,015625; 164,73076923076923; 0,040977813
3484; 0,015625; 0,015625; 164,6346153846154; 0,040953893
3485; 0,015625; 0,015625; 164,98076923076923; 0,04104
3486; 0,015625; 0,015625; 164,84615384615384; 0,041006513
3487; 0,015625; 0,015625; 164,84615384615384; 0,041006513
3488; 0,015625; 0,015625; 164,44230769230768; 0,040906053
3489; 0,015625; 0,015625; 164,6346153846154; 0,04095389
3490; 0,015625; 0,015625; 164,76923076923077; 0,040987376
3491; 0,015625; 0,015625; 167,23076923076923; 0,041599695
3492; 0,015625; 0,015625; 165,01923076923077; 0,041049574
3493; 0,015625; 0,015625; 165,6153846153846; 0,04119786
3494; 0,015625; 0,015625; 164,6346153846154; 0,040953893
3495; 0,015625; 0,015625; 165,01923076923077; 0,041049566
3496; 0,015625; 0,015625; 165,28846153846155; 0,041116532
3497; 0,015625; 0,015625; 164,92307692307693; 0,041025653
3498; 0,015625; 0,015625; 164,44230769230768; 0,040906046
3499; 0,015625; 0,015625; 165,53846153846155; 0,04117873
3500; 0,015625; 0,015625; 165,15384615384616; 0,041083056
3501; 0,015625; 0,015625; 164,44230769230768; 0,040906053
3502; 0,015625; 0,015625; 165,40384615384616; 0,041145246
3503; 0,015625; 0,015625; 164,69230769230768; 0,040968243
3504; 0,015625; 0,015625; 164,8653846153846; 0,041011296
3505; 0,015625; 0,015625; 164,90384615384616; 0,041020866
3506; 0,015625; 0,015625; 164,84615384615384; 0,041006513
3507; 0,015625; 0,015625; 166,40384615384616; 0,041393995
3508; 0,015625; 0,015625; 165,0; 0,041044787
3509; 0,015625; 0,015625; 164,71153846153845; 0,040973026
3510; 0,015625; 0,015625; 164,71153846153845; 0,040973026
3511; 0,015625; 0,015625; 165,96153846153845; 0,04128397
3512; 0,015625; 0,015625; 164,48076923076923; 0,040915627
3513; 0,015625; 0,015625; 163,94230769230768; 0,04078168
3514; 0,015625; 0,015625; 165,1153846153846; 0,041073482
3515; 0,015625; 0,015625; 165,57692307692307; 0,0411883
3516; 0,015625; 0,015625; 163,98076923076923; 0,04079124
3517; 0,015625; 0,015625; 166,03846153846155; 0,041303106
3518; 0,015625; 0,015625; 164,80769230769232; 0,040996946
3519; 0,015625; 0,015625; 164,82692307692307; 0,041001733
3520; 0,015625; 0,015625; 164,80769230769232; 0,040996946
3521; 0,015625; 0,015625; 164,96153846153845; 0,041035216
3522; 0,015625; 0,015625; 165,19230769230768; 0,04109262
3523; 0,015625; 0,015625; 164,53846153846155; 0,040929973
3524; 0,015625; 0,015625; 164,96153846153845; 0,04103522
3525; 0,015625; 0,015625; 165,28846153846155; 0,041116536
3526; 0,015625; 0,015625; 164,30769230769232; 0,040872566
3527; 0,015625; 0,015625; 164,42307692307693; 0,04090127
3528; 0,015625; 0,015625; 165,75; 0,04123134
3529; 0,015625; 0,015625; 164,6153846153846; 0,040949114
3530; 0,015625; 0,015625; 164,96153846153845; 0,041035213
3531; 0,015625; 0,015625; 164,84615384615384; 0,04100651
3532; 0,015625; 0,015625; 164,48076923076923; 0,040915623
3533; 0,015625; 0,015625; 164,75; 0,04098259
3534; 0,015625; 0,015625; 165,6346153846154; 0,04120265
3535; 0,015625; 0,015625; 165,05769230769232; 0,041059133
3536; 0,015625; 0,015625; 165,42307692307693; 0,04115003
3537; 0,015625; 0,015625; 164,84615384615384; 0,041006513
3538; 0,015625; 0,015625; 164,09615384615384; 0,040819947
3539; 0,015625; 0,015625; 165,65384615384616; 0,041207433
3540; 0,015625; 0,015625; 164,5; 0,040920403
3541; 0,015625; 0,015625; 165,42307692307693; 0,04115002
3542; 0,015625; 0,015625; 165,17307692307693; 0,041087832
3543; 0,015625; 0,015625; 164,3653846153846; 0,040886916
3544; 0,015625; 0,015625; 164,8846153846154; 0,041016076
3545; 0,015625; 0,015625; 164,84615384615384; 0,041006513
3546; 0,015625; 0,015625; 166,44230769230768; 0,041403566
3547; 0,015625; 0,015625; 165,03846153846155; 0,04105435
3548; 0,015625; 0,015625; 165,46153846153845; 0,041159593
3549; 0,015625; 0,015625; 163,69230769230768; 0,040719487
3550; 0,015625; 0,015625; 164,80769230769232; 0,040996946
3551; 0,015625; 0,015625; 164,71153846153845; 0,040973026
3552; 0,015625; 0,015625; 164,19230769230768; 0,040843863
3553; 0,015625; 0,015625; 165,76923076923077; 0,04123613
3554; 0,015625; 0,015625; 164,96153846153845; 0,041035216
3555; 0,015625; 0,015625; 165,3846153846154; 0,04114046
3556; 0,015625; 0,015625; 164,55769230769232; 0,040934756
3557; 0,015625; 0,015625; 165,3846153846154; 0,04114046
3558; 0,015625; 0,015625; 163,90384615384616; 0,040772106
3559; 0,015625; 0,015625; 164,98076923076923; 0,04104
3560; 0,015625; 0,015625; 164,44230769230768; 0,040906053
3561; 0,015625; 0,015625; 164,90384615384616; 0,041020866
3562; 0,015625; 0,015625; 164,8846153846154; 0,041016083
3563; 0,015625; 0,015625; 164,78846153846155; 0,040992163
3564; 0,015625; 0,015625; 166,42307692307693; 0,041398782
3565; 0,015625; 0,015625; 164,46153846153845; 0,040910836
3566; 0,015625; 0,015625; 165,8846153846154; 0,04126484
3567; 0,015625; 0,015625; 164,8846153846154; 0,04101608
3568; 0,015625; 0,015625; 164,23076923076923; 0,040853426
3569; 0,015625; 0,015625; 166,25; 0,041355733
3570; 0,015625; 0,015625; 165,19230769230768; 0,04109262
3571; 0,015625; 0,015625; 164,69230769230768; 0,04096824
3572; 0,015625; 0,015625; 164,90384615384616; 0,041020866
3573; 0,015625; 0,015625; 165,30769230769232; 0,041121323
3574; 0,015625; 0,015625; 166,3846153846154; 0,04138922
3575; 0,015625; 0,015625; 166,0; 0,041293543
3576; 0,015625; 0,015625; 165,42307692307693; 0,04115003
3577; 0,015625; 0,015625; 164,0; 0,040796038
3578; 0,015625; 0,015625; 164,96153846153845; 0,041035213
3579; 0,015625; 0,015625; 164,6346153846154; 0,040953893
3580; 0,015625; 0,015625; 164,69230769230768; 0,04096824
3581; 0,015625; 0,015625; 164,57692307692307; 0,040939536
3582; 0,015625; 0,015625; 164,6346153846154; 0,040953893
3583; 0,015625; 0,015625; 164,07692307692307; 0,04081516
3584; 0,015625; 0,015625; 165,1153846153846; 0,041073482
3585; 0,015625; 0,015625; 164,80769230769232; 0,040996946
3586; 0,015625; 0,015625; 165,05769230769232; 0,041059136
3587; 0,015625; 0,015625; 164,57692307692307; 0,040939536
3588; 0,015625; 0,015625; 165,1153846153846; 0,041073486
3589; 0,015625; 0,015625; 165,15384615384616; 0,04108306
3590; 0,015625; 0,015625; 165,03846153846155; 0,04105435
3591; 0,015625; 0,015625; 165,76923076923077; 0,04123614
3592; 0,015625; 0,015625; 164,92307692307693; 0,041025646
3593; 0,015625; 0,015625; 164,98076923076923; 0,041039996
3594; 0,015625; 0,015625; 165,1346153846154; 0,041078266
3595; 0,015625; 0,015625; 165,48076923076923; 0,04116438
3596; 0,015625; 0,015625; 164,6153846153846; 0,040949106
3597; 0,015625; 0,015625; 166,90384615384616; 0,041518375
3598; 0,015625; 0,015625; 164,3653846153846; 0,040886916
3599; 0,015625; 0,015625; 165,1153846153846; 0,041073482
3600; 0,015625; 0,015625; 163,76923076923077; 0,040738627
3601; 0,015625; 0,015625; 164,92307692307693; 0,041025646
3602; 0,015625; 0,015625; 164,44230769230768; 0,040906053
3603; 0,015625; 0,015625; 164,80769230769232; 0,04099695
3604; 0,015625; 0,015625; 164,3653846153846; 0,040886916
3605; 0,015625; 0,015625; 165,0; 0,04104478
3606; 0,015625; 0,015625; 165,26923076923077; 0,04111176
3607; 0,015625; 0,015625; 166,15384615384616; 0,04133181
3608; 0,015625; 0,015625; 164,76923076923077; 0,040987376
3609; 0,015625; 0,015625; 164,34615384615384; 0,040882137
3610; 0,015625; 0,015625; 164,19230769230768; 0,040843863
3611; 0,015625; 0,015625; 164,8846153846154; 0,041016083
3612; 0,015625; 0,015625; 165,80769230769232; 0,0412457
3613; 0,015625; 0,015625; 164,30769230769232; 0,04087257
3614; 0,015625; 0,015625; 164,32692307692307; 0,040877357
3615; 0,015625; 0,015625; 165,17307692307693; 0,04108783
3616; 0,015625; 0,015625; 165,21153846153845; 0,041097406
3617; 0,015625; 0,015625; 165,05769230769232; 0,04105913
3618; 0,015625; 0,015625; 165,03846153846155; 0,041054353
3619; 0,015625; 0,015625; 165,05769230769232; 0,041059136
3620; 0,015625; 0,015625; 164,44230769230768; 0,040906057
3621; 0,015625; 0,015625; 165,94230769230768; 0,04127919
3622; 0,015625; 0,015625; 165,03846153846155; 0,04105435
3623; 0,015625; 0,015625; 165,07692307692307; 0,041063923
3624; 0,015625; 0,015625; 165,6153846153846; 0,041197862
3625; 0,015625; 0,015625; 164,09615384615384; 0,040819947
3626; 0,015625; 0,015625; 164,94230769230768; 0,04103043
3627; 0,015625; 0,015625; 164,67307692307693; 0,040963463
3628; 0,015625; 0,015625; 165,55769230769232; 0,041183516
3629; 0,015625; 0,015625; 166,21153846153845; 0,04134616
3630; 0,015625; 0,015625; 164,8846153846154; 0,04101608
3631; 0,015625; 0,015625; 164,48076923076923; 0,040915616
3632; 0,015625; 0,015625; 164,55769230769232; 0,04093475
3633; 0,015625; 0,015625; 165,25; 0,041106973
3634; 0,015625; 0,015625; 165,28846153846155; 0,04111654
3635; 0,015625; 0,015625; 165,42307692307693; 0,04115003
3636; 0,015625; 0,015625; 164,48076923076923; 0,040915616
3637; 0,015625; 0,015625; 165,23076923076923; 0,04110219
3638; 0,015625; 0,015625; 165,40384615384616; 0,041145243
3639; 0,015625; 0,015625; 165,21153846153845; 0,0410974
3640; 0,015625; 0,015625; 164,6153846153846; 0,040949106
3641; 0,015625; 0,015625; 165,03846153846155; 0,041054346
3642; 0,015625; 0,015625; 164,07692307692307; 0,040815167
3643; 0,015625; 0,015625; 164,8846153846154; 0,041016076
3644; 0,015625; 0,015625; 164,46153846153845; 0,040910836
3645; 0,015625; 0,015625; 165,3653846153846; 0,041135672
3646; 0,015625; 0,015625; 164,6153846153846; 0,040949106
3647; 0,015625; 0,015625; 164,65384615384616; 0,04095867
3648; 0,015625; 0,015625; 164,6346153846154; 0,04095389
3649; 0,015625; 0,015625; 164,75; 0,04098259
3650; 0,015625; 0,015625; 164,67307692307693; 0,040963463
3651; 0,015625; 0,015625; 165,84615384615384; 0,04125527
3652; 0,015625; 0,015625; 164,1153846153846; 0,04082473
3653; 0,015625; 0,015625; 164,75; 0,04098259
3654; 0,015625; 0,015625; 164,6153846153846; 0,040949106
3655; 0,015625; 0,015625; 164,8653846153846; 0,041011296
3656; 0,015625; 0,015625; 164,67307692307693; 0,040963463
3657; 0,015625; 0,015625; 165,26923076923077; 0,04111176
3658; 0,015625; 0,015625; 165,1346153846154; 0,04107827
3659; 0,015625; 0,015625; 164,51923076923077; 0,04092519
3660; 0,015625; 0,015625; 164,80769230769232; 0,040996943
3661; 0,015625; 0,015625; 165,03846153846155; 0,041054353
3662; 0,015625; 0,015625; 165,44230769230768; 0,041154806
3663; 0,015625; 0,015625; 164,48076923076923; 0,040915623
3664; 0,015625; 0,015625; 164,78846153846155; 0,04099216
3665; 0,015625; 0,015625; 164,32692307692307; 0,040877346
3666; 0,015625; 0,015625; 164,65384615384616; 0,040958676
3667; 0,015625; 0,015625; 164,57692307692307; 0,040939543
3668; 0,015625; 0,015625; 165,19230769230768; 0,04109262
3669; 0,015625; 0,015625; 165,34615384615384; 0,041130885
3670; 0,015625; 0,015625; 166,53846153846155; 0,041427486
3671; 0,015625; 0,015625; 164,75; 0,0409826
3672; 0,015625; 0,015625; 164,8653846153846; 0,0410113
3673; 0,015625; 0,015625; 164,90384615384616; 0,04102087
3674; 0,015625; 0,015625; 165,1153846153846; 0,041073486
3675; 0,015625; 0,015625; 165,1153846153846; 0,041073482
3676; 0,015625; 0,015625; 164,25; 0,040858213
3677; 0,015625; 0,015625; 166,53846153846155; 0,041427486
3678; 0,015625; 0,015625; 164,53846153846155; 0,040929973
3679; 0,015625; 0,015625; 164,67307692307693; 0,040963456
3680; 0,015625; 0,015625; 164,57692307692307; 0,040939536
3681; 0,015625; 0,015625; 165,6153846153846; 0,041197862
3682; 0,015625; 0,015625; 166,0; 0,041293535
3683; 0,015625; 0,015625; 165,55769230769232; 0,041183513
3684; 0,015625; 0,015625; 165,05769230769232; 0,041059133
3685; 0,015625; 0,015625; 164,96153846153845; 0,041035213
3686; 0,015625; 0,015625; 167,6153846153846; 0,04169538
3687; 0,015625; 0,015625; 165,15384615384616; 0,041083056
3688; 0,015625; 0,015625; 164,32692307692307; 0,040877346
3689; 0,015625; 0,015625; 164,71153846153845; 0,04097303
3690; 0,015625; 0,015625; 164,51923076923077; 0,040925186
3691; 0,015625; 0,015625; 165,03846153846155; 0,04105435
3692; 0,015625; 0,015625; 165,1346153846154; 0,041078273
3693; 0,015625; 0,015625; 164,51923076923077; 0,04092519
3694; 0,015625; 0,015625; 164,1346153846154; 0,040829517
3695; 0,015625; 0,015625; 164,80769230769232; 0,040996943
3696; 0,015625; 0,015625; 164,76923076923077; 0,04098738
3697; 0,015625; 0,015625; 165,42307692307693; 0,04115003
3698; 0,015625; 0,015625; 164,8653846153846; 0,0410113
3699; 0,015625; 0,015625; 164,94230769230768; 0,041030433
3700; 0,015625; 0,015625; 165,19230769230768; 0,041092627
3701; 0,015625; 0,015625; 164,73076923076923; 0,04097781
3702; 0,015625; 0,015625; 164,09615384615384; 0,040819947
3703; 0,015625; 0,015625; 165,23076923076923; 0,041102193
3704; 0,015625; 0,015625; 165,07692307692307; 0,04106392
3705; 0,015625; 0,015625; 165,34615384615384; 0,041130893
3706; 0,015625; 0,015625; 165,40384615384616; 0,041145243
3707; 0,015625; 0,015625; 165,03846153846155; 0,041054353
3708; 0,015625; 0,015625; 164,71153846153845; 0,040973026
3709; 0,015625; 0,015625; 164,8653846153846; 0,041011296
3710; 0,015625; 0,015625; 164,98076923076923; 0,04104
3711; 0,015625; 0,015625; 165,05769230769232; 0,041059136
3712; 0,015625; 0,015625; 164,8653846153846; 0,041011296
3713; 0,015625; 0,015625; 165,5; 0,041169167
3714; 0,015625; 0,015625; 167,34615384615384; 0,0416284
3715; 0,015625; 0,015625; 165,40384615384616; 0,041145246
3716; 0,015625; 0,015625; 165,3653846153846; 0,041135676
3717; 0,015625; 0,015625; 165,15384615384616; 0,041083053
3718; 0,015625; 0,015625; 164,67307692307693; 0,040963463
3719; 0,015625; 0,015625; 164,19230769230768; 0,040843867
3720; 0,015625; 0,015625; 164,8846153846154; 0,04101608
3721; 0,015625; 0,015625; 164,75; 0,040982597
3722; 0,015625; 0,015625; 164,57692307692307; 0,040939543
3723; 0,015625; 0,015625; 164,80769230769232; 0,040996946
3724; 0,015625; 0,015625; 166,34615384615384; 0,04137965
3725; 0,015625; 0,015625; 164,78846153846155; 0,040992167
3726; 0,015625; 0,015625; 164,34615384615384; 0,040882133
3727; 0,015625; 0,015625; 164,80769230769232; 0,040996946
3728; 0,015625; 0,015625; 165,76923076923077; 0,04123614
3729; 0,015625; 0,015625; 165,1153846153846; 0,041073482
3730; 0,015625; 0,015625; 165,03846153846155; 0,041054353
3731; 0,015625; 0,015625; 164,98076923076923; 0,04103999
3732; 0,015625; 0,015625; 164,69230769230768; 0,04096824
3733; 0,015625; 0,015625; 164,3846153846154; 0,040891703
3734; 0,015625; 0,015625; 164,84615384615384; 0,041006505
3735; 0,015625; 0,015625; 164,8653846153846; 0,041011292
3736; 0,015625; 0,015625; 165,01923076923077; 0,041049566
3737; 0,015625; 0,015625; 165,3653846153846; 0,041135672
3738; 0,015625; 0,015625; 164,28846153846155; 0,040867783
3739; 0,015625; 0,015625; 165,1153846153846; 0,041073482
3740; 0,015625; 0,015625; 166,6346153846154; 0,041451402
3741; 0,015625; 0,015625; 164,23076923076923; 0,040853426
3742; 0,015625; 0,015625; 165,1346153846154; 0,041078273
3743; 0,015625; 0,015625; 163,96153846153845; 0,04078646
3744; 0,015625; 0,015625; 164,44230769230768; 0,040906057
3745; 0,015625; 0,015625; 165,17307692307693; 0,041087832
3746; 0,015625; 0,015625; 164,59615384615384; 0,04094433
3747; 0,015625; 0,015625; 166,1153846153846; 0,04132224
3748; 0,015625; 0,015625; 165,23076923076923; 0,041102186
3749; 0,015625; 0,015625; 165,07692307692307; 0,041063912
3750; 0,015625; 0,015625; 164,26923076923077; 0,040863004
3751; 0,015625; 0,015625; 165,53846153846155; 0,041178726
3752; 0,015625; 0,015625; 164,34615384615384; 0,040882137
3753; 0,015625; 0,015625; 165,3846153846154; 0,041140456
3754; 0,015625; 0,015625; 164,75; 0,040982597
3755; 0,015625; 0,015625; 164,57692307692307; 0,040939536
3756; 0,015625; 0,015625; 164,46153846153845; 0,04091084
3757; 0,015625; 0,015625; 165,28846153846155; 0,04111654
3758; 0,015625; 0,015625; 164,84615384615384; 0,04100651
3759; 0,015625; 0,015625; 164,76923076923077; 0,04098738
3760; 0,015625; 0,015625; 164,73076923076923; 0,04097781
3761; 0,015625; 0,015625; 165,17307692307693; 0,041087843
3762; 0,015625; 0,015625; 165,07692307692307; 0,041063912
3763; 0,015625; 0,015625; 165,26923076923077; 0,04111176
3764; 0,015625; 0,015625; 164,69230769230768; 0,040968247
3765; 0,015625; 0,015625; 165,32692307692307; 0,04112611
3766; 0,015625; 0,015625; 165,82692307692307; 0,041250486
3767; 0,015625; 0,015625; 165,34615384615384; 0,041130897
3768; 0,015625; 0,015625; 164,92307692307693; 0,041025646
3769; 0,015625; 0,015625; 164,90384615384616; 0,041020863
3770; 0,015625; 0,015625; 163,6153846153846; 0,040700354
3771; 0,015625; 0,015625; 164,67307692307693; 0,040963456
3772; 0,015625; 0,015625; 164,25; 0,040858217
3773; 0,015625; 0,015625; 165,26923076923077; 0,04111176
3774; 0,015625; 0,015625; 164,82692307692307; 0,04100173
3775; 0,015625; 0,015625; 163,98076923076923; 0,04079124
3776; 0,015625; 0,015625; 164,69230769230768; 0,040968243
3777; 0,015625; 0,015625; 165,21153846153845; 0,0410974
3778; 0,015625; 0,015625; 164,3846153846154; 0,040891703
3779; 0,015625; 0,015625; 164,84615384615384; 0,041006513
3780; 0,015625; 0,015625; 165,46153846153845; 0,041159604
3781; 0,015625; 0,015625; 164,01923076923077; 0,04080081
3782; 0,015625; 0,015625; 164,84615384615384; 0,041006513
3783; 0,015625; 0,015625; 165,17307692307693; 0,04108784
3784; 0,015625; 0,015625; 164,46153846153845; 0,040910836
3785; 0,015625; 0,015625; 164,07692307692307; 0,04081516
3786; 0,015625; 0,015625; 165,51923076923077; 0,04117394
3787; 0,015625; 0,015625; 166,17307692307693; 0,041336592
3788; 0,015625; 0,015625; 164,28846153846155; 0,04086778
3789; 0,015625; 0,015625; 164,75; 0,040982597
3790; 0,015625; 0,015625; 164,75; 0,040982597
3791; 0,015625; 0,015625; 164,0; 0,040796027
3792; 0,015625; 0,015625; 164,75; 0,04098259
3793; 0,015625; 0,015625; 165,17307692307693; 0,04108784
3794; 0,015625; 0,015625; 165,0; 0,04104478
3795; 0,015625; 0,015625; 165,67307692307693; 0,041212216
3796; 0,015625; 0,015625; 164,5; 0,0409204
3797; 0,015625; 0,015625; 165,82692307692307; 0,041250486
3798; 0,015625; 0,015625; 165,0; 0,04104478
3799; 0,015625; 0,015625; 164,73076923076923; 0,040977813
3800; 0,015625; 0,015625; 165,30769230769232; 0,041121323
3801; 0,015625; 0,015625; 165,01923076923077; 0,041049562
3802; 0,015625; 0,015625; 165,59615384615384; 0,041193083
3803; 0,015625; 0,015625; 165,21153846153845; 0,041097406
3804; 0,015625; 0,015625; 165,6153846153846; 0,041197855
3805; 0,015625; 0,015625; 165,34615384615384; 0,041130893
3806; 0,015625; 0,015625; 165,1153846153846; 0,041073486
3807; 0,015625; 0,015625; 164,8846153846154; 0,04101608
3808; 0,015625; 0,015625; 164,8653846153846; 0,041011292
3809; 0,015625; 0,015625; 164,6346153846154; 0,040953893
3810; 0,015625; 0,015625; 163,96153846153845; 0,04078646
3811; 0,015625; 0,015625; 166,05769230769232; 0,041307893
3812; 0,015625; 0,015625; 163,96153846153845; 0,040786464
3813; 0,015625; 0,015625; 164,51923076923077; 0,04092519
3814; 0,015625; 0,015625; 165,78846153846155; 0,041240916
3815; 0,015625; 0,015625; 166,3846153846154; 0,041389212
3816; 0,015625; 0,015625; 164,34615384615384; 0,040882133
3817; 0,015625; 0,015625; 164,8846153846154; 0,041016076
3818; 0,015625; 0,015625; 164,82692307692307; 0,04100173
3819; 0,015625; 0,015625; 163,73076923076923; 0,040729053
3820; 0,015625; 0,015625; 164,8653846153846; 0,041011296
3821; 0,015625; 0,015625; 163,3846153846154; 0,040642943
3822; 0,015625; 0,015625; 164,80769230769232; 0,040996946
3823; 0,015625; 0,015625; 165,21153846153845; 0,041097406
3824; 0,015625; 0,015625; 164,67307692307693; 0,040963463
3825; 0,015625; 0,015625; 165,82692307692307; 0,041250486
3826; 0,015625; 0,015625; 166,23076923076923; 0,041350946
3827; 0,015625; 0,015625; 164,8653846153846; 0,041011296
3828; 0,015625; 0,015625; 165,1346153846154; 0,04107827
3829; 0,015625; 0,015625; 166,1153846153846; 0,041322246
3830; 0,015625; 0,015625; 165,09615384615384; 0,041068707
3831; 0,015625; 0,015625; 166,19230769230768; 0,04134138
3832; 0,015625; 0,015625; 164,78846153846155; 0,04099216
3833; 0,015625; 0,015625; 164,5; 0,040920403
3834; 0,015625; 0,015625; 165,19230769230768; 0,04109262
3835; 0,015625; 0,015625; 165,05769230769232; 0,041059133
3836; 0,015625; 0,015625; 163,96153846153845; 0,04078646
3837; 0,015625; 0,015625; 163,92307692307693; 0,04077689
3838; 0,015625; 0,015625; 165,17307692307693; 0,04108784
3839; 0,015625; 0,015625; 164,26923076923077; 0,040862996
3840; 0,015625; 0,015625; 164,96153846153845; 0,04103522
3841; 0,015625; 0,015625; 165,3846153846154; 0,04114046
3842; 0,015625; 0,015625; 165,76923076923077; 0,041236136
3843; 0,015625; 0,015625; 165,32692307692307; 0,041126106
3844; 0,015625; 0,015625; 165,76923076923077; 0,04123613
3845; 0,015625; 0,015625; 164,69230769230768; 0,040968243
3846; 0,015625; 0,015625; 163,3653846153846; 0,040638164
3847; 0,015625; 0,015625; 164,34615384615384; 0,040882133
3848; 0,015625; 0,015625; 164,6153846153846; 0,040949106
3849; 0,015625; 0,015625; 165,90384615384616; 0,04126962
3850; 0,015625; 0,015625; 164,6153846153846; 0,040949114
3851; 0,015625; 0,015625; 165,92307692307693; 0,041274406
3852; 0,015625; 0,015625; 164,65384615384616; 0,040958676
3853; 0,015625; 0,015625; 164,51923076923077; 0,040925182
3854; 0,015625; 0,015625; 165,26923076923077; 0,04111176
3855; 0,015625; 0,015625; 165,3653846153846; 0,041135672
3856; 0,015625; 0,015625; 165,92307692307693; 0,041274402
3857; 0,015625; 0,015625; 165,15384615384616; 0,041083053
3858; 0,015625; 0,015625; 163,42307692307693; 0,040652514
3859; 0,015625; 0,015625; 165,40384615384616; 0,041145246
3860; 0,015625; 0,015625; 166,6346153846154; 0,041451402
3861; 0,015625; 0,015625; 164,07692307692307; 0,040815156
3862; 0,015625; 0,015625; 164,44230769230768; 0,040906053
3863; 0,015625; 0,015625; 164,40384615384616; 0,04089649
3864; 0,015625; 0,015625; 164,34615384615384; 0,040882137
3865; 0,015625; 0,015625; 163,26923076923077; 0,04061424
3866; 0,015625; 0,015625; 165,25; 0,041106973
3867; 0,015625; 0,015625; 165,73076923076923; 0,041226566
3868; 0,015625; 0,015625; 164,98076923076923; 0,041040003
3869; 0,015625; 0,015625; 164,8653846153846; 0,04101129
3870; 0,015625; 0,015625; 165,44230769230768; 0,041154817
3871; 0,015625; 0,015625; 164,3653846153846; 0,040886916
3872; 0,015625; 0,015625; 164,55769230769232; 0,04093476
3873; 0,015625; 0,015625; 164,42307692307693; 0,04090127
3874; 0,015625; 0,015625; 164,26923076923077; 0,040863
3875; 0,015625; 0,015625; 166,3846153846154; 0,041389212
3876; 0,015625; 0,015625; 164,78846153846155; 0,040992163
3877; 0,015625; 0,015625; 165,1346153846154; 0,04107827
3878; 0,015625; 0,015625; 165,01923076923077; 0,041049566
3879; 0,015625; 0,015625; 165,03846153846155; 0,04105435
3880; 0,015625; 0,015625; 164,59615384615384; 0,040944323
3881; 0,015625; 0,015625; 164,8653846153846; 0,041011296
3882; 0,015625; 0,015625; 165,40384615384616; 0,041145243
3883; 0,015625; 0,015625; 164,15384615384616; 0,040834293
3884; 0,015625; 0,015625; 165,55769230769232; 0,041183513
3885; 0,015625; 0,015625; 165,69230769230768; 0,041216996
3886; 0,015625; 0,015625; 164,73076923076923; 0,040977813
3887; 0,015625; 0,015625; 164,59615384615384; 0,04094433
3888; 0,015625; 0,015625; 165,67307692307693; 0,041212216
3889; 0,015625; 0,015625; 164,6153846153846; 0,040949102
3890; 0,015625; 0,015625; 164,67307692307693; 0,040963463
3891; 0,015625; 0,015625; 164,69230769230768; 0,04096824
3892; 0,015625; 0,015625; 164,55769230769232; 0,040934756
3893; 0,015625; 0,015625; 164,80769230769232; 0,04099695
3894; 0,015625; 0,015625; 165,1153846153846; 0,041073486
3895; 0,015625; 0,015625; 165,30769230769232; 0,04112132
3896; 0,015625; 0,015625; 164,55769230769232; 0,040934756
3897; 0,015625; 0,015625; 165,21153846153845; 0,041097403
3898; 0,015625; 0,015625; 164,42307692307693; 0,040901266
3899; 0,015625; 0,015625; 164,53846153846155; 0,04092997
3900; 0,015625; 0,015625; 164,90384615384616; 0,041020866
3901; 0,015625; 0,015625; 164,94230769230768; 0,04103043
3902; 0,015625; 0,015625; 164,25; 0,040858213
3903; 0,015625; 0,015625; 166,73076923076923; 0,041475322
3904; 0,015625; 0,015625; 164,34615384615384; 0,040882133
3905; 0,015625; 0,015625; 165,05769230769232; 0,041059136
3906; 0,015625; 0,015625; 165,01923076923077; 0,041049574
3907; 0,015625; 0,015625; 164,23076923076923; 0,040853433
3908; 0,015625; 0,015625; 164,30769230769232; 0,040872566
3909; 0,015625; 0,015625; 165,26923076923077; 0,04111176
3910; 0,015625; 0,015625; 166,1346153846154; 0,041327022
3911; 0,015625; 0,015625; 164,59615384615384; 0,040944323
3912; 0,015625; 0,015625; 164,71153846153845; 0,040973023
3913; 0,015625; 0,015625; 164,48076923076923; 0,040915616
3914; 0,015625; 0,015625; 164,6153846153846; 0,04094911
3915; 0,015625; 0,015625; 165,32692307692307; 0,041126106
3916; 0,015625; 0,015625; 165,01923076923077; 0,041049562
3917; 0,015625; 0,015625; 165,82692307692307; 0,041250482
3918; 0,015625; 0,015625; 165,46153846153845; 0,041159593
3919; 0,015625; 0,015625; 165,23076923076923; 0,04110219
3920; 0,015625; 0,015625; 165,26923076923077; 0,04111176
3921; 0,015625; 0,015625; 165,09615384615384; 0,0410687
3922; 0,015625; 0,015625; 164,76923076923077; 0,04098738
3923; 0,015625; 0,015625; 164,75; 0,04098259
3924; 0,015625; 0,015625; 164,59615384615384; 0,04094433
3925; 0,015625; 0,015625; 164,76923076923077; 0,040987376
3926; 0,015625; 0,015625; 164,71153846153845; 0,040973026
3927; 0,015625; 0,015625; 165,26923076923077; 0,041111752
3928; 0,015625; 0,015625; 165,17307692307693; 0,04108784
3929; 0,015625; 0,015625; 165,01923076923077; 0,041049562
3930; 0,015625; 0,015625; 164,73076923076923; 0,04097781
3931; 0,015625; 0,015625; 166,59615384615384; 0,041441835
3932; 0,015625; 0,015625; 166,07692307692307; 0,041312672
3933; 0,015625; 0,015625; 164,76923076923077; 0,04098738
3934; 0,015625; 0,015625; 165,44230769230768; 0,04115481
3935; 0,015625; 0,015625; 165,75; 0,04123135
3936; 0,015625; 0,015625; 164,8846153846154; 0,04101608
3937; 0,015625; 0,015625; 165,1153846153846; 0,041073494
3938; 0,015625; 0,015625; 164,69230769230768; 0,04096824
3939; 0,015625; 0,015625; 164,32692307692307; 0,04087735
3940; 0,015625; 0,015625; 165,51923076923077; 0,041173942
3941; 0,015625; 0,015625; 165,59615384615384; 0,04119307
3942; 0,015625; 0,015625; 166,34615384615384; 0,041379653
3943; 0,015625; 0,015625; 164,78846153846155; 0,040992163
3944; 0,015625; 0,015625; 165,19230769230768; 0,04109262
3945; 0,015625; 0,015625; 164,57692307692307; 0,040939536
3946; 0,015625; 0,015625; 165,80769230769232; 0,0412457
3947; 0,015625; 0,015625; 165,07692307692307; 0,04106392
3948; 0,015625; 0,015625; 164,65384615384616; 0,04095868
3949; 0,015625; 0,015625; 165,03846153846155; 0,041054353
3950; 0,015625; 0,015625; 164,65384615384616; 0,04095868
3951; 0,015625; 0,015625; 165,15384615384616; 0,041083053
3952; 0,015625; 0,015625; 164,82692307692307; 0,04100173
3953; 0,015625; 0,015625; 166,46153846153845; 0,041408353
3954; 0,015625; 0,015625; 164,5; 0,040920403
3955; 0,015625; 0,015625; 164,90384615384616; 0,041020866
3956; 0,015625; 0,015625; 164,82692307692307; 0,041001722
3957; 0,015625; 0,015625; 164,98076923076923; 0,04104
3958; 0,015625; 0,015625; 165,8846153846154; 0,041264832
3959; 0,015625; 0,015625; 165,76923076923077; 0,041236136
3960; 0,015625; 0,015625; 165,3846153846154; 0,041140456
3961; 0,015625; 0,015625; 164,26923076923077; 0,040863
3962; 0,015625; 0,015625; 165,73076923076923; 0,041226566
3963; 0,015625; 0,015625; 164,34615384615384; 0,040882133
3964; 0,015625; 0,015625; 164,30769230769232; 0,04087257
3965; 0,015625; 0,015625; 166,42307692307693; 0,04139878
3966; 0,015625; 0,015625; 165,26923076923077; 0,041111764
3967; 0,015625; 0,015625; 164,26923076923077; 0,040862996
3968; 0,015625; 0,015625; 164,46153846153845; 0,040910836
3969; 0,015625; 0,015625; 165,90384615384616; 0,041269623
3970; 0,015625; 0,015625; 166,82692307692307; 0,04149924
3971; 0,015625; 0,015625; 165,17307692307693; 0,041087843
3972; 0,015625; 0,015625; 165,01923076923077; 0,041049566
3973; 0,015625; 0,015625; 164,28846153846155; 0,040867787
3974; 0,015625; 0,015625; 164,42307692307693; 0,040901277
3975; 0,015625; 0,015625; 164,26923076923077; 0,040862996
3976; 0,015625; 0,015625; 164,26923076923077; 0,040863
3977; 0,015625; 0,015625; 165,23076923076923; 0,041102193
3978; 0,015625; 0,015625; 164,34615384615384; 0,040882137
3979; 0,015625; 0,015625; 166,42307692307693; 0,041398782
3980; 0,015625; 0,015625; 164,80769230769232; 0,040996943
3981; 0,015625; 0,015625; 164,98076923076923; 0,041039996
3982; 0,015625; 0,015625; 164,28846153846155; 0,040867783
3983; 0,015625; 0,015625; 164,21153846153845; 0,04084865
3984; 0,015625; 0,015625; 165,90384615384616; 0,04126962
3985; 0,015625; 0,015625; 164,01923076923077; 0,040800814
3986; 0,015625; 0,015625; 164,46153846153845; 0,040910844
3987; 0,015625; 0,015625; 164,51923076923077; 0,040925186
3988; 0,015625; 0,015625; 164,55769230769232; 0,04093476
3989; 0,015625; 0,015625; 165,98076923076923; 0,041288756
3990; 0,015625; 0,015625; 164,67307692307693; 0,040963456
3991; 0,015625; 0,015625; 164,84615384615384; 0,041006513
3992; 0,015625; 0,015625; 164,03846153846155; 0,040805593
3993; 0,015625; 0,015625; 164,69230769230768; 0,04096824
3994; 0,015625; 0,015625; 164,53846153846155; 0,040929973
3995; 0,015625; 0,015625; 164,34615384615384; 0,040882133
3996; 0,015625; 0,015625; 165,57692307692307; 0,041188303
3997; 0,015625; 0,015625; 164,69230769230768; 0,040968243
3998; 0,015625; 0,015625; 164,94230769230768; 0,04103043
3999; 0,015625; 0,015625; 165,19230769230768; 0,041092616
4000; 0,015625; 0,015625; 164,3653846153846; 0,04088692
4001; 0,015625; 0,015625; 165,01923076923077; 0,041049566
4002; 0,015625; 0,015625; 165,42307692307693; 0,04115003
4003; 0,015625; 0,015625; 164,82692307692307; 0,04100173
4004; 0,015625; 0,015625; 164,75; 0,040982597
4005; 0,015625; 0,015625; 164,96153846153845; 0,04103522
4006; 0,015625; 0,015625; 164,48076923076923; 0,040915627
4007; 0,015625; 0,015625; 165,1153846153846; 0,041073482
4008; 0,015625; 0,015625; 164,57692307692307; 0,040939543
4009; 0,015625; 0,015625; 165,51923076923077; 0,041173942
4010; 0,015625; 0,015625; 164,30769230769232; 0,040872566
4011; 0,015625; 0,015625; 166,40384615384616; 0,041394003
4012; 0,015625; 0,015625; 164,21153846153845; 0,040848646
4013; 0,015625; 0,015625; 164,76923076923077; 0,040987376
4014; 0,015625; 0,015625; 164,82692307692307; 0,041001733
4015; 0,015625; 0,015625; 164,98076923076923; 0,04104
4016; 0,015625; 0,015625; 165,17307692307693; 0,04108784
4017; 0,015625; 0,015625; 164,01923076923077; 0,040800814
4018; 0,015625; 0,015625; 164,59615384615384; 0,04094432
4019; 0,015625; 0,015625; 164,3653846153846; 0,04088692
4020; 0,015625; 0,015625; 165,6153846153846; 0,041197862
4021; 0,015625; 0,015625; 164,84615384615384; 0,04100651
4022; 0,015625; 0,015625; 164,03846153846155; 0,040805597
4023; 0,015625; 0,015625; 164,25; 0,040858217
4024; 0,015625; 0,015625; 164,75; 0,040982597
4025; 0,015625; 0,015625; 164,98076923076923; 0,041040003
4026; 0,015625; 0,015625; 164,42307692307693; 0,04090127
4027; 0,015625; 0,015625; 165,26923076923077; 0,04111176
4028; 0,015625; 0,015625; 163,96153846153845; 0,040786464
4029; 0,015625; 0,015625; 165,5; 0,041169163
4030; 0,015625; 0,015625; 164,71153846153845; 0,040973026
4031; 0,015625; 0,015625; 165,01923076923077; 0,041049566
4032; 0,015625; 0,015625; 164,71153846153845; 0,04097303
4033; 0,015625; 0,015625; 165,46153846153845; 0,04115959
4034; 0,015625; 0,015625; 164,92307692307693; 0,041025646
4035; 0,015625; 0,015625; 164,92307692307693; 0,041025646
4036; 0,015625; 0,015625; 165,32692307692307; 0,041126113
4037; 0,015625; 0,015625; 165,03846153846155; 0,041054342
4038; 0,015625; 0,015625; 166,28846153846155; 0,0413653
4039; 0,015625; 0,015625; 163,34615384615384; 0,04063338
4040; 0,015625; 0,015625; 165,48076923076923; 0,04116438
4041; 0,015625; 0,015625; 164,96153846153845; 0,041035213
4042; 0,015625; 0,015625; 164,57692307692307; 0,040939547
4043; 0,015625; 0,015625; 165,17307692307693; 0,04108784
4044; 0,015625; 0,015625; 166,6346153846154; 0,041451402
4045; 0,015625; 0,015625; 164,40384615384616; 0,040896483
4046; 0,015625; 0,015625; 165,25; 0,041106973
4047; 0,015625; 0,015625; 163,90384615384616; 0,040772114
4048; 0,015625; 0,015625; 166,03846153846155; 0,041303102
4049; 0,015625; 0,015625; 164,76923076923077; 0,040987376
4050; 0,015625; 0,015625; 165,25; 0,041106977
4051; 0,015625; 0,015625; 164,82692307692307; 0,041001733
4052; 0,015625; 0,015625; 164,51923076923077; 0,04092519
4053; 0,015625; 0,015625; 164,34615384615384; 0,040882137
4054; 0,015625; 0,015625; 165,21153846153845; 0,041097403
4055; 0,015625; 0,015625; 164,84615384615384; 0,041006513
4056; 0,015625; 0,015625; 163,71153846153845; 0,04072427
4057; 0,015625; 0,015625; 165,15384615384616; 0,041083053
4058; 0,015625; 0,015625; 164,92307692307693; 0,041025646
4059; 0,015625; 0,015625; 165,44230769230768; 0,041154817
4060; 0,015625; 0,015625; 165,25; 0,041106965
4061; 0,015625; 0,015625; 164,5; 0,040920403
4062; 0,015625; 0,015625; 164,32692307692307; 0,04087735
4063; 0,015625; 0,015625; 166,67307692307693; 0,041460972
4064; 0,015625; 0,015625; 165,1346153846154; 0,04107827
4065; 0,015625; 0,015625; 164,98076923076923; 0,041040003
4066; 0,015625; 0,015625; 165,0; 0,04104478
4067; 0,015625; 0,015625; 164,1153846153846; 0,04082473
4068; 0,015625; 0,015625; 166,32692307692307; 0,041374862
4069; 0,015625; 0,015625; 165,25; 0,041106973
4070; 0,015625; 0,015625; 164,82692307692307; 0,041001733
4071; 0,015625; 0,015625; 164,78846153846155; 0,04099216
4072; 0,015625; 0,015625; 166,28846153846155; 0,041365292
4073; 0,015625; 0,015625; 164,30769230769232; 0,040872566
4074; 0,015625; 0,015625; 165,1153846153846; 0,041073482
4075; 0,015625; 0,015625; 165,1346153846154; 0,04107827
4076; 0,015625; 0,015625; 164,8846153846154; 0,04101608
4077; 0,015625; 0,015625; 164,76923076923077; 0,040987376
4078; 0,015625; 0,015625; 164,48076923076923; 0,040915616
4079; 0,015625; 0,015625; 165,5; 0,041169163
4080; 0,015625; 0,015625; 165,82692307692307; 0,04125049
4081; 0,015625; 0,015625; 164,80769230769232; 0,040996943
4082; 0,015625; 0,015625; 164,23076923076923; 0,040853433
4083; 0,015625; 0,015625; 164,75; 0,04098259
4084; 0,015625; 0,015625; 165,76923076923077; 0,04123613
4085; 0,015625; 0,015625; 164,48076923076923; 0,040915623
4086; 0,015625; 0,015625; 164,26923076923077; 0,040863
4087; 0,015625; 0,015625; 164,94230769230768; 0,041030433
4088; 0,015625; 0,015625; 164,82692307692307; 0,041001733
4089; 0,015625; 0,015625; 164,73076923076923; 0,040977813
4090; 0,015625; 0,015625; 165,57692307692307; 0,041188296
4091; 0,015625; 0,015625; 164,8653846153846; 0,041011296
4092; 0,015625; 0,015625; 165,96153846153845; 0,041283965
4093; 0,015625; 0,015625; 165,51923076923077; 0,04117395
4094; 0,015625; 0,015625; 165,05769230769232; 0,041059133
4095; 0,015625; 0,015625; 165,1346153846154; 0,04107827
4096; 0,015625; 0,015625; 165,03846153846155; 0,041054353
4097; 0,015625; 0,015625; 165,01923076923077; 0,041049566
4098; 0,015625; 0,015625; 165,67307692307693; 0,04121221
4099; 0,015625; 0,015625; 164,92307692307693; 0,041025642
4100; 0,015625; 0,015625; 164,78846153846155; 0,04099216
4101; 0,015625; 0,015625; 164,40384615384616; 0,040896483
4102; 0,015625; 0,015625; 164,28846153846155; 0,04086778
4103; 0,015625; 0,015625; 164,51923076923077; 0,04092519
4104; 0,015625; 0,015625; 164,3653846153846; 0,040886916
4105; 0,015625; 0,015625; 165,01923076923077; 0,041049566
4106; 0,015625; 0,015625; 165,40384615384616; 0,041145243
4107; 0,015625; 0,015625; 163,30769230769232; 0,04062381
4108; 0,015625; 0,015625; 164,69230769230768; 0,040968243
4109; 0,015625; 0,015625; 163,19230769230768; 0,04059511
4110; 0,015625; 0,015625; 165,44230769230768; 0,041154806
4111; 0,015625; 0,015625; 165,40384615384616; 0,04114524
4112; 0,015625; 0,015625; 165,5; 0,041169167
4113; 0,015625; 0,015625; 164,8653846153846; 0,041011296
4114; 0,015625; 0,015625; 164,94230769230768; 0,041030433
4115; 0,015625; 0,015625; 164,65384615384616; 0,04095868
4116; 0,015625; 0,015625; 166,6346153846154; 0,041451402
4117; 0,015625; 0,015625; 166,32692307692307; 0,041374862
4118; 0,015625; 0,015625; 165,34615384615384; 0,041130897
4119; 0,015625; 0,015625; 165,6153846153846; 0,04119787
4120; 0,015625; 0,015625; 164,59615384615384; 0,040944323
4121; 0,015625; 0,015625; 165,55769230769232; 0,041183513
4122; 0,015625; 0,015625; 164,1346153846154; 0,040829517
4123; 0,015625; 0,015625; 164,94230769230768; 0,04103044
4124; 0,015625; 0,015625; 163,8653846153846; 0,04076254
4125; 0,015625; 0,015625; 164,65384615384616; 0,040958676
4126; 0,015625; 0,015625; 164,76923076923077; 0,040987376
4127; 0,015625; 0,015625; 163,67307692307693; 0,040714704
4128; 0,015625; 0,015625; 165,6153846153846; 0,04119786
4129; 0,015625; 0,015625; 164,6346153846154; 0,040953893
4130; 0,015625; 0,015625; 164,42307692307693; 0,04090127
4131; 0,015625; 0,015625; 164,96153846153845; 0,041035216
4132; 0,015625; 0,015625; 164,67307692307693; 0,040963452
4133; 0,015625; 0,015625; 164,73076923076923; 0,040977813
4134; 0,015625; 0,015625; 164,5; 0,040920403
4135; 0,015625; 0,015625; 164,5; 0,04092041
4136; 0,015625; 0,015625; 164,09615384615384; 0,040819947
4137; 0,015625; 0,015625; 165,05769230769232; 0,04105914
4138; 0,015625; 0,015625; 165,15384615384616; 0,041083056
4139; 0,015625; 0,015625; 164,84615384615384; 0,04100651
4140; 0,015625; 0,015625; 165,03846153846155; 0,04105435
4141; 0,015625; 0,015625; 163,8846153846154; 0,040767327
4142; 0,015625; 0,015625; 165,1153846153846; 0,041073482
4143; 0,015625; 0,015625; 164,6153846153846; 0,040949106
4144; 0,015625; 0,015625; 165,25; 0,041106973
4145; 0,015625; 0,015625; 165,03846153846155; 0,041054346
4146; 0,015625; 0,015625; 164,6346153846154; 0,040953893
4147; 0,015625; 0,015625; 165,73076923076923; 0,041226566
4148; 0,015625; 0,015625; 165,03846153846155; 0,04105435
4149; 0,015625; 0,015625; 164,42307692307693; 0,040901277
4150; 0,015625; 0,015625; 164,44230769230768; 0,04090605
4151; 0,015625; 0,015625; 165,78846153846155; 0,041240923
4152; 0,015625; 0,015625; 164,90384615384616; 0,041020863
4153; 0,015625; 0,015625; 167,76923076923077; 0,04173365
4154; 0,015625; 0,015625; 164,90384615384616; 0,041020866
4155; 0,015625; 0,015625; 164,59615384615384; 0,040944323
4156; 0,015625; 0,015625; 165,25; 0,041106973
4157; 0,015625; 0,015625; 164,07692307692307; 0,040815167
4158; 0,015625; 0,015625; 164,48076923076923; 0,040915623
4159; 0,015625; 0,015625; 165,23076923076923; 0,041102186
4160; 0,015625; 0,015625; 164,26923076923077; 0,040863
4161; 0,015625; 0,015625; 165,1346153846154; 0,04107827
4162; 0,015625; 0,015625; 164,48076923076923; 0,040915627
4163; 0,015625; 0,015625; 165,23076923076923; 0,041102193
4164; 0,015625; 0,015625; 164,59615384615384; 0,040944323
4165; 0,015625; 0,015625; 164,76923076923077; 0,040987376
4166; 0,015625; 0,015625; 164,05769230769232; 0,040810384
4167; 0,015625; 0,015625; 164,8653846153846; 0,041011292
4168; 0,015625; 0,015625; 165,07692307692307; 0,041063912
4169; 0,015625; 0,015625; 165,46153846153845; 0,041159593
4170; 0,015625; 0,015625; 165,23076923076923; 0,04110219
4171; 0,015625; 0,015625; 165,15384615384616; 0,041083053
4172; 0,015625; 0,015625; 163,78846153846155; 0,040743407
4173; 0,015625; 0,015625; 166,17307692307693; 0,041336596
4174; 0,015625; 0,015625; 165,6346153846154; 0,041202646
4175; 0,015625; 0,015625; 165,59615384615384; 0,041193083
4176; 0,015625; 0,015625; 165,21153846153845; 0,0410974
4177; 0,015625; 0,015625; 164,55769230769232; 0,04093475
4178; 0,015625; 0,015625; 165,23076923076923; 0,041102193
4179; 0,015625; 0,015625; 163,57692307692307; 0,04069078
4180; 0,015625; 0,015625; 165,51923076923077; 0,041173942
4181; 0,015625; 0,015625; 164,59615384615384; 0,04094433
4182; 0,015625; 0,015625; 164,23076923076923; 0,040853433
4183; 0,015625; 0,015625; 164,53846153846155; 0,04092998
4184; 0,015625; 0,015625; 165,34615384615384; 0,041130885
4185; 0,015625; 0,015625; 165,78846153846155; 0,041240916
4186; 0,015625; 0,015625; 164,59615384615384; 0,040944323
4187; 0,015625; 0,015625; 164,44230769230768; 0,040906057
4188; 0,015625; 0,015625; 166,17307692307693; 0,041336592
4189; 0,015625; 0,015625; 167,1153846153846; 0,041571
4190; 0,015625; 0,015625; 164,82692307692307; 0,041001733
4191; 0,015625; 0,015625; 164,23076923076923; 0,040853437
4192; 0,015625; 0,015625; 164,69230769230768; 0,040968243
4193; 0,015625; 0,015625; 165,21153846153845; 0,041097406
4194; 0,015625; 0,015625; 164,59615384615384; 0,04094432
4195; 0,015625; 0,015625; 164,71153846153845; 0,04097303
4196; 0,015625; 0,015625; 164,57692307692307; 0,040939536
4197; 0,015625; 0,015625; 164,98076923076923; 0,04104
4198; 0,015625; 0,015625; 164,94230769230768; 0,041030433
4199; 0,015625; 0,015625; 164,59615384615384; 0,040944323
4200; 0,015625; 0,015625; 163,84615384615384; 0,040757757
4201; 0,015625; 0,015625; 163,67307692307693; 0,0407147
4202; 0,015625; 0,015625; 165,19230769230768; 0,041092627
4203; 0,015625; 0,015625; 164,84615384615384; 0,041006513
4204; 0,015625; 0,015625; 164,73076923076923; 0,040977813
4205; 0,015625; 0,015625; 164,94230769230768; 0,04103043
4206; 0,015625; 0,015625; 164,67307692307693; 0,040963452
4207; 0,015625; 0,015625; 165,25; 0,04110698
4208; 0,015625; 0,015625; 164,84615384615384; 0,04100651
4209; 0,015625; 0,015625; 164,80769230769232; 0,040996946
4210; 0,015625; 0,015625; 166,01923076923077; 0,041298326
4211; 0,015625; 0,015625; 164,92307692307693; 0,041025642
4212; 0,015625; 0,015625; 164,73076923076923; 0,04097781
4213; 0,015625; 0,015625; 164,3846153846154; 0,040891703
4214; 0,015625; 0,015625; 165,05769230769232; 0,041059136
4215; 0,015625; 0,015625; 165,07692307692307; 0,04106392
4216; 0,015625; 0,015625; 165,23076923076923; 0,04110219
4217; 0,015625; 0,015625; 165,26923076923077; 0,04111176
4218; 0,015625; 0,015625; 165,8846153846154; 0,041264836
4219; 0,015625; 0,015625; 164,3846153846154; 0,0408917
4220; 0,015625; 0,015625; 166,03846153846155; 0,041303113
4221; 0,015625; 0,015625; 165,42307692307693; 0,041150026
4222; 0,015625; 0,015625; 164,71153846153845; 0,04097303
4223; 0,015625; 0,015625; 164,73076923076923; 0,040977802
4224; 0,015625; 0,015625; 164,69230769230768; 0,040968243
4225; 0,015625; 0,015625; 164,78846153846155; 0,04099216
4226; 0,015625; 0,015625; 164,80769230769232; 0,040996946
4227; 0,015625; 0,015625; 165,73076923076923; 0,04122657
4228; 0,015625; 0,015625; 165,53846153846155; 0,041178722
4229; 0,015625; 0,015625; 164,67307692307693; 0,040963456
4230; 0,015625; 0,015625; 164,67307692307693; 0,040963456
4231; 0,015625; 0,015625; 164,84615384615384; 0,041006513
4232; 0,015625; 0,015625; 168,67307692307693; 0,041958485
4233; 0,015625; 0,015625; 165,65384615384616; 0,041207433
4234; 0,015625; 0,015625; 164,42307692307693; 0,040901266
4235; 0,015625; 0,015625; 164,71153846153845; 0,040973026
4236; 0,015625; 0,015625; 164,05769230769232; 0,040810384
4237; 0,015625; 0,015625; 164,92307692307693; 0,041025653
4238; 0,015625; 0,015625; 165,8846153846154; 0,041264836
4239; 0,015625; 0,015625; 166,32692307692307; 0,041374862
4240; 0,015625; 0,015625; 164,34615384615384; 0,040882133
4241; 0,015625; 0,015625; 165,42307692307693; 0,04115003
4242; 0,015625; 0,015625; 164,25; 0,040858213
4243; 0,015625; 0,015625; 165,1346153846154; 0,041078266
4244; 0,015625; 0,015625; 165,82692307692307; 0,04125049
4245; 0,015625; 0,015625; 165,75; 0,04123135
4246; 0,015625; 0,015625; 164,44230769230768; 0,040906053
4247; 0,015625; 0,015625; 165,8653846153846; 0,04126005
4248; 0,015625; 0,015625; 163,92307692307693; 0,04077689
4249; 0,015625; 0,015625; 165,44230769230768; 0,041154806
4250; 0,015625; 0,015625; 164,57692307692307; 0,040939543
4251; 0,015625; 0,015625; 165,1153846153846; 0,041073486
4252; 0,015625; 0,015625; 164,65384615384616; 0,04095868
4253; 0,015625; 0,015625; 167,30769230769232; 0,04161884
4254; 0,015625; 0,015625; 164,67307692307693; 0,040963467
4255; 0,015625; 0,015625; 165,6153846153846; 0,04119786
4256; 0,015625; 0,015625; 164,76923076923077; 0,040987372
4257; 0,015625; 0,015625; 163,96153846153845; 0,040786464
4258; 0,015625; 0,015625; 164,30769230769232; 0,040872566
4259; 0,015625; 0,015625; 165,28846153846155; 0,04111654
4260; 0,015625; 0,015625; 165,19230769230768; 0,04109262
4261; 0,015625; 0,015625; 164,3653846153846; 0,040886916
4262; 0,015625; 0,015625; 164,6346153846154; 0,040953893
4263; 0,015625; 0,015625; 165,30769230769232; 0,041121323
4264; 0,015625; 0,015625; 164,67307692307693; 0,040963467
4265; 0,015625; 0,015625; 163,92307692307693; 0,040776893
4266; 0,015625; 0,015625; 164,6346153846154; 0,040953882
4267; 0,015625; 0,015625; 164,59615384615384; 0,040944323
4268; 0,015625; 0,015625; 165,82692307692307; 0,041250486
4269; 0,015625; 0,015625; 164,82692307692307; 0,041001722
4270; 0,015625; 0,015625; 164,40384615384616; 0,040896483
4271; 0,015625; 0,015625; 164,23076923076923; 0,040853422
4272; 0,015625; 0,015625; 165,44230769230768; 0,041154806
4273; 0,015625; 0,015625; 165,21153846153845; 0,0410974
4274; 0,015625; 0,015625; 163,80769230769232; 0,040748194
4275; 0,015625; 0,015625; 164,69230769230768; 0,04096824
4276; 0,015625; 0,015625; 166,25; 0,04135573
4277; 0,015625; 0,015625; 165,03846153846155; 0,041054353
4278; 0,015625; 0,015625; 163,96153846153845; 0,040786464
4279; 0,015625; 0,015625; 164,3846153846154; 0,040891703
4280; 0,015625; 0,015625; 164,67307692307693; 0,040963463
4281; 0,015625; 0,015625; 165,32692307692307; 0,04112611
4282; 0,015625; 0,015625; 164,40384615384616; 0,040896483
4283; 0,015625; 0,015625; 164,8653846153846; 0,041011296
4284; 0,015625; 0,015625; 163,96153846153845; 0,04078646
4285; 0,015625; 0,015625; 164,8653846153846; 0,041011296
4286; 0,015625; 0,015625; 165,26923076923077; 0,04111176
4287; 0,015625; 0,015625; 165,42307692307693; 0,04115003
4288; 0,015625; 0,015625; 164,67307692307693; 0,040963463
4289; 0,015625; 0,015625; 165,21153846153845; 0,0410974
4290; 0,015625; 0,015625; 164,78846153846155; 0,040992163
4291; 0,015625; 0,015625; 164,6153846153846; 0,040949102
4292; 0,015625; 0,015625; 165,07692307692307; 0,041063912
4293; 0,015625; 0,015625; 165,1153846153846; 0,041073482
4294; 0,015625; 0,015625; 164,73076923076923; 0,040977813
4295; 0,015625; 0,015625; 164,57692307692307; 0,040939543
4296; 0,015625; 0,015625; 165,05769230769232; 0,041059133
4297; 0,015625; 0,015625; 164,90384615384616; 0,041020866
4298; 0,015625; 0,015625; 164,59615384615384; 0,040944323
4299; 0,015625; 0,015625; 165,23076923076923; 0,04110219
4300; 0,015625; 0,015625; 165,48076923076923; 0,04116438
4301; 0,015625; 0,015625; 165,5; 0,041169167
4302; 0,015625; 0,015625; 164,94230769230768; 0,04103043
4303; 0,015625; 0,015625; 165,46153846153845; 0,041159596
4304; 0,015625; 0,015625; 166,55769230769232; 0,04143227
4305; 0,015625; 0,015625; 164,55769230769232; 0,040934756
4306; 0,015625; 0,015625; 164,69230769230768; 0,040968247
4307; 0,015625; 0,015625; 164,8846153846154; 0,041016083
4308; 0,015625; 0,015625; 164,75; 0,040982597
4309; 0,015625; 0,015625; 164,1346153846154; 0,040829517
4310; 0,015625; 0,015625; 165,71153846153845; 0,04122178
4311; 0,015625; 0,015625; 164,48076923076923; 0,040915627
4312; 0,015625; 0,015625; 164,92307692307693; 0,041025646
4313; 0,015625; 0,015625; 165,01923076923077; 0,041049574
4314; 0,015625; 0,015625; 164,26923076923077; 0,040863004
4315; 0,015625; 0,015625; 164,15384615384616; 0,0408343
4316; 0,015625; 0,015625; 167,96153846153845; 0,04178148
4317; 0,015625; 0,015625; 165,46153846153845; 0,041159593
4318; 0,015625; 0,015625; 165,17307692307693; 0,04108784
4319; 0,015625; 0,015625; 165,80769230769232; 0,041245703
4320; 0,015625; 0,015625; 165,15384615384616; 0,041083053
4321; 0,015625; 0,015625; 163,15384615384616; 0,04058554
4322; 0,015625; 0,015625; 165,17307692307693; 0,041087832
4323; 0,015625; 0,015625; 165,25; 0,041106977
4324; 0,015625; 0,015625; 166,01923076923077; 0,041298326
4325; 0,015625; 0,015625; 164,76923076923077; 0,040987372
4326; 0,015625; 0,015625; 165,3653846153846; 0,041135676
4327; 0,015625; 0,015625; 166,28846153846155; 0,0413653
4328; 0,015625; 0,015625; 166,44230769230768; 0,04140357
4329; 0,015625; 0,015625; 164,44230769230768; 0,040906053
4330; 0,015625; 0,015625; 164,8846153846154; 0,041016087
4331; 0,015625; 0,015625; 165,57692307692307; 0,041188296
4332; 0,015625; 0,015625; 164,57692307692307; 0,040939543
4333; 0,015625; 0,015625; 164,23076923076923; 0,040853437
4334; 0,015625; 0,015625; 165,51923076923077; 0,041173942
4335; 0,015625; 0,015625; 165,19230769230768; 0,041092627
4336; 0,015625; 0,015625; 165,44230769230768; 0,04115481
4337; 0,015625; 0,015625; 164,28846153846155; 0,040867787
4338; 0,015625; 0,015625; 164,28846153846155; 0,04086778
4339; 0,015625; 0,015625; 166,82692307692307; 0,041499242
4340; 0,015625; 0,015625; 164,07692307692307; 0,040815167
4341; 0,015625; 0,015625; 165,30769230769232; 0,041121323
4342; 0,015625; 0,015625; 164,01923076923077; 0,040800814
4343; 0,015625; 0,015625; 164,8653846153846; 0,0410113
4344; 0,015625; 0,015625; 165,07692307692307; 0,041063912
4345; 0,015625; 0,015625; 165,48076923076923; 0,04116438
4346; 0,015625; 0,015625; 164,90384615384616; 0,041020866
4347; 0,015625; 0,015625; 164,5; 0,04092041
4348; 0,015625; 0,015625; 164,19230769230768; 0,040843867
4349; 0,015625; 0,015625; 165,19230769230768; 0,041092627
4350; 0,015625; 0,015625; 166,3653846153846; 0,041384436
4351; 0,015625; 0,015625; 165,90384615384616; 0,04126962
4352; 0,015625; 0,015625; 163,51923076923077; 0,040676437
4353; 0,015625; 0,015625; 164,1346153846154; 0,040829517
4354; 0,015625; 0,015625; 164,40384615384616; 0,04089649
4355; 0,015625; 0,015625; 164,42307692307693; 0,04090127
4356; 0,015625; 0,015625; 164,42307692307693; 0,040901266
4357; 0,015625; 0,015625; 164,65384615384616; 0,04095867
4358; 0,015625; 0,015625; 164,73076923076923; 0,040977813
4359; 0,015625; 0,015625; 164,75; 0,0409826
4360; 0,015625; 0,015625; 164,30769230769232; 0,04087257
4361; 0,015625; 0,015625; 164,73076923076923; 0,040977813
4362; 0,015625; 0,015625; 164,92307692307693; 0,041025646
4363; 0,015625; 0,015625; 165,17307692307693; 0,041087832
4364; 0,015625; 0,015625; 164,96153846153845; 0,04103522
4365; 0,015625; 0,015625; 164,15384615384616; 0,0408343
4366; 0,015625; 0,015625; 165,1346153846154; 0,041078273
4367; 0,015625; 0,015625; 165,90384615384616; 0,041269623
4368; 0,015625; 0,015625; 165,5; 0,041169167
4369; 0,015625; 0,015625; 164,51923076923077; 0,040925186
4370; 0,015625; 0,015625; 165,1153846153846; 0,041073482
4371; 0,015625; 0,015625; 164,5; 0,04092041
4372; 0,015625; 0,015625; 165,69230769230768; 0,041217003
4373; 0,015625; 0,015625; 164,57692307692307; 0,040939543
4374; 0,015625; 0,015625; 164,69230769230768; 0,04096824
4375; 0,015625; 0,015625; 166,25; 0,041355733
4376; 0,015625; 0,015625; 164,3846153846154; 0,0408917
4377; 0,015625; 0,015625; 165,57692307692307; 0,041188296
4378; 0,015625; 0,015625; 165,65384615384616; 0,041207436
4379; 0,015625; 0,015625; 164,46153846153845; 0,040910836
4380; 0,015625; 0,015625; 166,80769230769232; 0,04149445
4381; 0,015625; 0,015625; 165,46153846153845; 0,04115959
4382; 0,015625; 0,015625; 164,1153846153846; 0,04082473
4383; 0,015625; 0,015625; 165,03846153846155; 0,041054353
4384; 0,015625; 0,015625; 164,55769230769232; 0,040934756
4385; 0,015625; 0,015625; 165,46153846153845; 0,041159596
4386; 0,015625; 0,015625; 164,8653846153846; 0,0410113
4387; 0,015625; 0,015625; 164,8653846153846; 0,041011296
4388; 0,015625; 0,015625; 164,09615384615384; 0,040819947
4389; 0,015625; 0,015625; 164,94230769230768; 0,041030433
4390; 0,015625; 0,015625; 164,51923076923077; 0,04092519
4391; 0,015625; 0,015625; 166,3846153846154; 0,041389212
4392; 0,015625; 0,015625; 165,01923076923077; 0,041049562
4393; 0,015625; 0,015625; 164,19230769230768; 0,04084387
4394; 0,015625; 0,015625; 164,8846153846154; 0,041016087
4395; 0,015625; 0,015625; 164,42307692307693; 0,040901262
4396; 0,015625; 0,015625; 164,78846153846155; 0,040992163
4397; 0,015625; 0,015625; 164,6153846153846; 0,04094911
4398; 0,015625; 0,015625; 165,21153846153845; 0,04109741
4399; 0,015625; 0,015625; 164,71153846153845; 0,04097303
4400; 0,015625; 0,015625; 163,82692307692307; 0,040752973
4401; 0,015625; 0,015625; 165,71153846153845; 0,04122178
4402; 0,015625; 0,015625; 164,46153846153845; 0,040910836
4403; 0,015625; 0,015625; 163,96153846153845; 0,04078646
4404; 0,015625; 0,015625; 165,5; 0,041169163
4405; 0,015625; 0,015625; 165,09615384615384; 0,041068707
4406; 0,015625; 0,015625; 164,25; 0,040858213
4407; 0,015625; 0,015625; 165,57692307692307; 0,0411883
4408; 0,015625; 0,015625; 165,34615384615384; 0,041130893
4409; 0,015625; 0,015625; 164,3846153846154; 0,040891707
4410; 0,015625; 0,015625; 165,42307692307693; 0,04115003
4411; 0,015625; 0,015625; 164,96153846153845; 0,041035216
4412; 0,015625; 0,015625; 166,07692307692307; 0,041312676
4413; 0,015625; 0,015625; 164,19230769230768; 0,040843867
4414; 0,015625; 0,015625; 165,92307692307693; 0,04127441
4415; 0,015625; 0,015625; 165,26923076923077; 0,041111752
4416; 0,015625; 0,015625; 165,71153846153845; 0,041221783
4417; 0,015625; 0,015625; 164,30769230769232; 0,04087257
4418; 0,015625; 0,015625; 164,55769230769232; 0,04093476
4419; 0,015625; 0,015625; 163,67307692307693; 0,040714704
4420; 0,015625; 0,015625; 164,40384615384616; 0,040896494
4421; 0,015625; 0,015625; 164,98076923076923; 0,04104
4422; 0,015625; 0,015625; 165,53846153846155; 0,04117873
4423; 0,015625; 0,015625; 165,32692307692307; 0,041126106
4424; 0,015625; 0,015625; 166,30769230769232; 0,04137008
4425; 0,015625; 0,015625; 165,57692307692307; 0,041188296
4426; 0,015625; 0,015625; 163,8846153846154; 0,040767327
4427; 0,015625; 0,015625; 166,03846153846155; 0,041303106
4428; 0,015625; 0,015625; 164,8653846153846; 0,041011292
4429; 0,015625; 0,015625; 164,51923076923077; 0,04092519
4430; 0,015625; 0,015625; 164,96153846153845; 0,041035213
4431; 0,015625; 0,015625; 164,26923076923077; 0,040863
4432; 0,015625; 0,015625; 164,90384615384616; 0,041020866
4433; 0,015625; 0,015625; 164,80769230769232; 0,040996946
4434; 0,015625; 0,015625; 165,73076923076923; 0,041226566
4435; 0,015625; 0,015625; 164,51923076923077; 0,04092519
4436; 0,015625; 0,015625; 164,48076923076923; 0,040915623
4437; 0,015625; 0,015625; 164,19230769230768; 0,040843863
4438; 0,015625; 0,015625; 165,53846153846155; 0,04117873
4439; 0,015625; 0,015625; 164,80769230769232; 0,040996946
4440; 0,015625; 0,015625; 164,8846153846154; 0,041016083
4441; 0,015625; 0,015625; 163,46153846153845; 0,040662084
4442; 0,015625; 0,015625; 164,57692307692307; 0,040939536
4443; 0,015625; 0,015625; 164,82692307692307; 0,041001722
4444; 0,015625; 0,015625; 165,09615384615384; 0,041068707
4445; 0,015625; 0,015625; 165,1346153846154; 0,041078277
4446; 0,015625; 0,015625; 164,21153846153845; 0,040848646
4447; 0,015625; 0,015625; 164,82692307692307; 0,04100172
4448; 0,015625; 0,015625; 165,6346153846154; 0,041202642
4449; 0,015625; 0,015625; 165,23076923076923; 0,041102186
4450; 0,015625; 0,015625; 164,98076923076923; 0,041040007
4451; 0,015625; 0,015625; 164,67307692307693; 0,040963463
4452; 0,015625; 0,015625; 163,96153846153845; 0,04078646
4453; 0,015625; 0,015625; 164,57692307692307; 0,040939536
4454; 0,015625; 0,015625; 165,28846153846155; 0,041116543
4455; 0,015625; 0,015625; 164,8846153846154; 0,041016083
4456; 0,015625; 0,015625; 165,05769230769232; 0,041059136
4457; 0,015625; 0,015625; 164,92307692307693; 0,041025646
4458; 0,015625; 0,015625; 164,67307692307693; 0,040963456
4459; 0,015625; 0,015625; 165,17307692307693; 0,04108784
4460; 0,015625; 0,015625; 164,98076923076923; 0,041040003
4461; 0,015625; 0,015625; 164,73076923076923; 0,040977813
4462; 0,015625; 0,015625; 164,30769230769232; 0,040872566
4463; 0,015625; 0,015625; 164,6346153846154; 0,040953893
4464; 0,015625; 0,015625; 166,75; 0,041480105
4465; 0,015625; 0,015625; 164,8846153846154; 0,041016083
4466; 0,015625; 0,015625; 164,26923076923077; 0,040862996
4467; 0,015625; 0,015625; 164,53846153846155; 0,040929973
4468; 0,015625; 0,015625; 165,1153846153846; 0,041073482
4469; 0,015625; 0,015625; 164,69230769230768; 0,040968247
4470; 0,015625; 0,015625; 164,3846153846154; 0,040891703
4471; 0,015625; 0,015625; 164,19230769230768; 0,040843867
4472; 0,015625; 0,015625; 164,80769230769232; 0,040996946
4473; 0,015625; 0,015625; 164,82692307692307; 0,04100173
4474; 0,015625; 0,015625; 164,59615384615384; 0,04094432
4475; 0,015625; 0,015625; 164,30769230769232; 0,040872574
4476; 0,015625; 0,015625; 165,57692307692307; 0,041188296
4477; 0,015625; 0,015625; 164,55769230769232; 0,040934756
4478; 0,015625; 0,015625; 164,92307692307693; 0,041025646
4479; 0,015625; 0,015625; 163,8846153846154; 0,04076733
4480; 0,015625; 0,015625; 164,40384615384616; 0,040896483
4481; 0,015625; 0,015625; 165,34615384615384; 0,041130893
4482; 0,015625; 0,015625; 164,23076923076923; 0,040853426
4483; 0,015625; 0,015625; 164,51923076923077; 0,040925182
4484; 0,015625; 0,015625; 165,80769230769232; 0,041245703
4485; 0,015625; 0,015625; 164,1346153846154; 0,040829513
4486; 0,015625; 0,015625; 164,71153846153845; 0,040973023
4487; 0,015625; 0,015625; 164,8846153846154; 0,041016083
4488; 0,015625; 0,015625; 166,23076923076923; 0,041350946
4489; 0,015625; 0,015625; 164,69230769230768; 0,040968243
4490; 0,015625; 0,015625; 164,8846153846154; 0,041016083
4491; 0,015625; 0,015625; 165,17307692307693; 0,04108784
4492; 0,015625; 0,015625; 164,65384615384616; 0,040958676
4493; 0,015625; 0,015625; 165,1153846153846; 0,041073486
4494; 0,015625; 0,015625; 164,25; 0,040858213
4495; 0,015625; 0,015625; 164,69230769230768; 0,04096824
4496; 0,015625; 0,015625; 164,76923076923077; 0,04098738
4497; 0,015625; 0,015625; 164,23076923076923; 0,040853433
4498; 0,015625; 0,015625; 165,01923076923077; 0,041049574
4499; 0,015625; 0,015625; 165,44230769230768; 0,041154806
4500; 0,015625; 0,015625; 164,92307692307693; 0,041025646
4501; 0,015625; 0,015625; 165,32692307692307; 0,041126106
4502; 0,015625; 0,015625; 164,75; 0,040982597
4503; 0,015625; 0,015625; 164,1153846153846; 0,040824734
4504; 0,015625; 0,015625; 164,65384615384616; 0,040958676
4505; 0,015625; 0,015625; 164,15384615384616; 0,0408343
4506; 0,015625; 0,015625; 164,53846153846155; 0,040929973
4507; 0,015625; 0,015625; 164,76923076923077; 0,040987372
4508; 0,015625; 0,015625; 164,71153846153845; 0,040973026
4509; 0,015625; 0,015625; 164,19230769230768; 0,040843863
4510; 0,015625; 0,015625; 164,28846153846155; 0,040867787
4511; 0,015625; 0,015625; 164,67307692307693; 0,040963456
4512; 0,015625; 0,015625; 164,65384615384616; 0,04095868
4513; 0,015625; 0,015625; 164,75; 0,04098259
4514; 0,015625; 0,015625; 164,96153846153845; 0,04103522
4515; 0,015625; 0,015625; 163,69230769230768; 0,040719487
4516; 0,015625; 0,015625; 164,17307692307693; 0,040839076
4517; 0,015625; 0,015625; 164,84615384615384; 0,041006513
4518; 0,015625; 0,015625; 165,17307692307693; 0,041087832
4519; 0,015625; 0,015625; 164,69230769230768; 0,040968236
4520; 0,015625; 0,015625; 164,3846153846154; 0,0408917
4521; 0,015625; 0,015625; 165,09615384615384; 0,0410687
4522; 0,015625; 0,015625; 164,25; 0,040858213
4523; 0,015625; 0,015625; 164,84615384615384; 0,041006513
4524; 0,015625; 0,015625; 163,57692307692307; 0,040690783
4525; 0,015625; 0,015625; 164,40384615384616; 0,04089649
4526; 0,015625; 0,015625; 165,1346153846154; 0,04107827
4527; 0,015625; 0,015625; 164,19230769230768; 0,040843867
4528; 0,015625; 0,015625; 164,6153846153846; 0,040949106
4529; 0,015625; 0,015625; 164,40384615384616; 0,040896483
4530; 0,015625; 0,015625; 165,48076923076923; 0,041164376
4531; 0,015625; 0,015625; 164,65384615384616; 0,040958676
4532; 0,015625; 0,015625; 164,96153846153845; 0,041035216
4533; 0,015625; 0,015625; 164,59615384615384; 0,04094433
4534; 0,015625; 0,015625; 164,6346153846154; 0,04095389
4535; 0,015625; 0,015625; 165,30769230769232; 0,041121323
4536; 0,015625; 0,015625; 164,21153846153845; 0,040848646
4537; 0,015625; 0,015625; 164,73076923076923; 0,040977817
4538; 0,015625; 0,015625; 165,75; 0,041231353
4539; 0,015625; 0,015625; 163,80769230769232; 0,040748186
4540; 0,015625; 0,015625; 165,53846153846155; 0,041178726
4541; 0,015625; 0,015625; 165,05769230769232; 0,04105914
4542; 0,015625; 0,015625; 165,30769230769232; 0,041121323
4543; 0,015625; 0,015625; 165,34615384615384; 0,041130897
4544; 0,015625; 0,015625; 164,3653846153846; 0,04088692
4545; 0,015625; 0,015625; 164,76923076923077; 0,040987376
4546; 0,015625; 0,015625; 164,55769230769232; 0,040934756
4547; 0,015625; 0,015625; 164,96153846153845; 0,041035213
4548; 0,015625; 0,015625; 165,80769230769232; 0,041245703
4549; 0,015625; 0,015625; 164,98076923076923; 0,041039996
4550; 0,015625; 0,015625; 164,57692307692307; 0,040939536
4551; 0,015625; 0,015625; 164,65384615384616; 0,04095867
4552; 0,015625; 0,015625; 165,01923076923077; 0,041049566
4553; 0,015625; 0,015625; 165,26923076923077; 0,04111176
4554; 0,015625; 0,015625; 166,53846153846155; 0,041427486
4555; 0,015625; 0,015625; 164,84615384615384; 0,04100652
4556; 0,015625; 0,015625; 164,6346153846154; 0,040953893
4557; 0,015625; 0,015625; 164,78846153846155; 0,04099216
4558; 0,015625; 0,015625; 165,46153846153845; 0,041159596
4559; 0,015625; 0,015625; 164,98076923076923; 0,041040003
4560; 0,015625; 0,015625; 166,0; 0,04129354
4561; 0,015625; 0,015625; 165,01923076923077; 0,041049566
4562; 0,015625; 0,015625; 165,23076923076923; 0,04110219
4563; 0,015625; 0,015625; 165,53846153846155; 0,041178726
4564; 0,015625; 0,015625; 164,59615384615384; 0,040944323
4565; 0,015625; 0,015625; 164,75; 0,0409826
4566; 0,015625; 0,015625; 164,59615384615384; 0,040944323
4567; 0,015625; 0,015625; 164,5; 0,040920403
4568; 0,015625; 0,015625; 163,98076923076923; 0,040791247
4569; 0,015625; 0,015625; 164,55769230769232; 0,04093475
4570; 0,015625; 0,015625; 165,53846153846155; 0,04117873
4571; 0,015625; 0,015625; 164,84615384615384; 0,041006513
4572; 0,015625; 0,015625; 165,19230769230768; 0,041092627
4573; 0,015625; 0,015625; 164,90384615384616; 0,041020866
4574; 0,015625; 0,015625; 164,46153846153845; 0,040910844
4575; 0,015625; 0,015625; 163,17307692307693; 0,040590324
4576; 0,015625; 0,015625; 164,92307692307693; 0,041025642
4577; 0,015625; 0,015625; 167,73076923076923; 0,04172407
4578; 0,015625; 0,015625; 165,6346153846154; 0,041202646
4579; 0,015625; 0,015625; 165,1346153846154; 0,04107827
4580; 0,015625; 0,015625; 166,78846153846155; 0,041489676
4581; 0,015625; 0,015625; 165,75; 0,04123135
4582; 0,015625; 0,015625; 164,26923076923077; 0,040863
4583; 0,015625; 0,015625; 164,65384615384616; 0,040958676
4584; 0,015625; 0,015625; 165,71153846153845; 0,04122178
4585; 0,015625; 0,015625; 164,1153846153846; 0,040824734
4586; 0,015625; 0,015625; 164,46153846153845; 0,040910836
4587; 0,015625; 0,015625; 164,51923076923077; 0,040925182
4588; 0,015625; 0,015625; 164,3653846153846; 0,04088692
4589; 0,015625; 0,015625; 164,80769230769232; 0,040996946
4590; 0,015625; 0,015625; 165,23076923076923; 0,04110219
4591; 0,015625; 0,015625; 166,30769230769232; 0,04137008
4592; 0,015625; 0,015625; 164,84615384615384; 0,04100652
4593; 0,015625; 0,015625; 165,15384615384616; 0,041083056
4594; 0,015625; 0,015625; 165,23076923076923; 0,04110219
4595; 0,015625; 0,015625; 165,42307692307693; 0,04115003
4596; 0,015625; 0,015625; 165,07692307692307; 0,041063923
4597; 0,015625; 0,015625; 165,46153846153845; 0,041159593
4598; 0,015625; 0,015625; 164,92307692307693; 0,041025642
4599; 0,015625; 0,015625; 164,82692307692307; 0,041001733
4600; 0,015625; 0,015625; 164,44230769230768; 0,040906053
4601; 0,015625; 0,015625; 164,82692307692307; 0,04100173
4602; 0,015625; 0,015625; 164,40384615384616; 0,040896494
4603; 0,015625; 0,015625; 166,57692307692307; 0,04143705
4604; 0,015625; 0,015625; 164,6153846153846; 0,04094911
4605; 0,015625; 0,015625; 164,75; 0,040982597
4606; 0,015625; 0,015625; 164,34615384615384; 0,040882133
4607; 0,015625; 0,015625; 165,55769230769232; 0,04118351
4608; 0,015625; 0,015625; 163,82692307692307; 0,04075297
4609; 0,015625; 0,015625; 165,3846153846154; 0,04114046
4610; 0,015625; 0,015625; 164,78846153846155; 0,040992163
4611; 0,015625; 0,015625; 165,65384615384616; 0,041207433
4612; 0,015625; 0,015625; 165,03846153846155; 0,041054353
4613; 0,015625; 0,015625; 164,30769230769232; 0,040872574
4614; 0,015625; 0,015625; 166,1153846153846; 0,041322246
4615; 0,015625; 0,015625; 164,3653846153846; 0,040886924
4616; 0,015625; 0,015625; 165,05769230769232; 0,041059136
4617; 0,015625; 0,015625; 164,28846153846155; 0,040867783
4618; 0,015625; 0,015625; 164,6153846153846; 0,040949106
4619; 0,015625; 0,015625; 163,3846153846154; 0,040642943
4620; 0,015625; 0,015625; 164,80769230769232; 0,040996943
4621; 0,015625; 0,015625; 165,28846153846155; 0,041116536
4622; 0,015625; 0,015625; 165,15384615384616; 0,041083056
4623; 0,015625; 0,015625; 165,3846153846154; 0,04114046
4624; 0,015625; 0,015625; 164,84615384615384; 0,041006513
4625; 0,015625; 0,015625; 164,57692307692307; 0,040939536
4626; 0,015625; 0,015625; 165,15384615384616; 0,041083053
4627; 0,015625; 0,015625; 164,48076923076923; 0,040915623
4628; 0,015625; 0,015625; 167,09615384615384; 0,04156621
4629; 0,015625; 0,015625; 165,96153846153845; 0,04128397
4630; 0,015625; 0,015625; 164,1153846153846; 0,040824734
4631; 0,015625; 0,015625; 166,42307692307693; 0,041398782
4632; 0,015625; 0,015625; 164,94230769230768; 0,04103043
4633; 0,015625; 0,015625; 164,28846153846155; 0,040867783
4634; 0,015625; 0,015625; 163,84615384615384; 0,040757757
4635; 0,015625; 0,015625; 164,6153846153846; 0,04094911
4636; 0,015625; 0,015625; 164,17307692307693; 0,04083908
4637; 0,015625; 0,015625; 165,07692307692307; 0,04106392
4638; 0,015625; 0,015625; 165,01923076923077; 0,041049566
4639; 0,015625; 0,015625; 165,67307692307693; 0,04121221
4640; 0,015625; 0,015625; 166,53846153846155; 0,041427486
4641; 0,015625; 0,015625; 165,96153846153845; 0,04128397
4642; 0,015625; 0,015625; 164,96153846153845; 0,041035213
4643; 0,015625; 0,015625; 164,76923076923077; 0,040987376
4644; 0,015625; 0,015625; 165,42307692307693; 0,04115003
4645; 0,015625; 0,015625; 164,1346153846154; 0,040829517
4646; 0,015625; 0,015625; 165,07692307692307; 0,04106392
4647; 0,015625; 0,015625; 164,46153846153845; 0,040910836
4648; 0,015625; 0,015625; 164,92307692307693; 0,041025646
4649; 0,015625; 0,015625; 165,21153846153845; 0,041097406
4650; 0,015625; 0,015625; 165,3846153846154; 0,04114046
4651; 0,015625; 0,015625; 164,94230769230768; 0,04103043
4652; 0,015625; 0,015625; 164,76923076923077; 0,040987376
4653; 0,015625; 0,015625; 165,01923076923077; 0,041049566
4654; 0,015625; 0,015625; 164,98076923076923; 0,041040003
4655; 0,015625; 0,015625; 165,25; 0,041106973
4656; 0,015625; 0,015625; 165,01923076923077; 0,041049566
4657; 0,015625; 0,015625; 164,8846153846154; 0,041016076
4658; 0,015625; 0,015625; 164,71153846153845; 0,04097303
4659; 0,015625; 0,015625; 166,1153846153846; 0,04132224
4660; 0,015625; 0,015625; 164,6346153846154; 0,040953893
4661; 0,015625; 0,015625; 165,3846153846154; 0,041140456
4662; 0,015625; 0,015625; 165,17307692307693; 0,041087843
4663; 0,015625; 0,015625; 164,0; 0,040796023
4664; 0,015625; 0,015625; 164,21153846153845; 0,040848654
4665; 0,015625; 0,015625; 164,75; 0,04098259
4666; 0,015625; 0,015625; 166,55769230769232; 0,041432265
4667; 0,015625; 0,015625; 164,8846153846154; 0,041016087
4668; 0,015625; 0,015625; 165,57692307692307; 0,041188296
4669; 0,015625; 0,015625; 165,55769230769232; 0,041183513
4670; 0,015625; 0,015625; 164,01923076923077; 0,040800814
4671; 0,015625; 0,015625; 165,98076923076923; 0,04128876
4672; 0,015625; 0,015625; 164,53846153846155; 0,040929973
4673; 0,015625; 0,015625; 164,55769230769232; 0,04093476
4674; 0,015625; 0,015625; 164,78846153846155; 0,040992156
4675; 0,015625; 0,015625; 164,40384615384616; 0,040896494
4676; 0,015625; 0,015625; 165,30769230769232; 0,041121323
4677; 0,015625; 0,015625; 165,67307692307693; 0,04121221
4678; 0,015625; 0,015625; 164,57692307692307; 0,040939543
4679; 0,015625; 0,015625; 165,21153846153845; 0,041097406
4680; 0,015625; 0,015625; 164,6153846153846; 0,040949106
4681; 0,015625; 0,015625; 166,07692307692307; 0,041312676
4682; 0,015625; 0,015625; 164,78846153846155; 0,04099216
4683; 0,015625; 0,015625; 165,8653846153846; 0,04126005
4684; 0,015625; 0,015625; 164,73076923076923; 0,040977813
4685; 0,015625; 0,015625; 165,75; 0,04123135
4686; 0,015625; 0,015625; 166,26923076923077; 0,041360512
4687; 0,015625; 0,015625; 165,01923076923077; 0,041049562
4688; 0,015625; 0,015625; 164,82692307692307; 0,041001733
4689; 0,015625; 0,015625; 166,25; 0,04135573
4690; 0,015625; 0,015625; 164,92307692307693; 0,041025653
4691; 0,015625; 0,015625; 165,05769230769232; 0,041059133
4692; 0,015625; 0,015625; 163,96153846153845; 0,04078646
4693; 0,015625; 0,015625; 164,46153846153845; 0,040910836
4694; 0,015625; 0,015625; 165,25; 0,041106965
4695; 0,015625; 0,015625; 164,42307692307693; 0,040901266
4696; 0,015625; 0,015625; 164,98076923076923; 0,04104
4697; 0,015625; 0,015625; 165,1153846153846; 0,041073482
4698; 0,015625; 0,015625; 164,32692307692307; 0,04087735
4699; 0,015625; 0,015625; 165,55769230769232; 0,04118351
4700; 0,015625; 0,015625; 166,40384615384616; 0,041394
4701; 0,015625; 0,015625; 165,6346153846154; 0,041202657
4702; 0,015625; 0,015625; 164,65384615384616; 0,040958676
4703; 0,015625; 0,015625; 166,53846153846155; 0,041427486
4704; 0,015625; 0,015625; 164,5; 0,040920403
4705; 0,015625; 0,015625; 165,05769230769232; 0,041059133
4706; 0,015625; 0,015625; 164,21153846153845; 0,040848646
4707; 0,015625; 0,015625; 165,90384615384616; 0,04126962
4708; 0,015625; 0,015625; 165,0; 0,04104478
4709; 0,015625; 0,015625; 165,40384615384616; 0,041145243
4710; 0,015625; 0,015625; 164,84615384615384; 0,041006513
4711; 0,015625; 0,015625; 164,65384615384616; 0,040958676
4712; 0,015625; 0,015625; 164,40384615384616; 0,04089648
4713; 0,015625; 0,015625; 165,21153846153845; 0,041097406
4714; 0,015625; 0,015625; 166,07692307692307; 0,041312676
4715; 0,015625; 0,015625; 165,21153846153845; 0,041097406
4716; 0,015625; 0,015625; 165,05769230769232; 0,041059136
4717; 0,015625; 0,015625; 164,44230769230768; 0,04090605
4718; 0,015625; 0,015625; 163,98076923076923; 0,04079124
4719; 0,015625; 0,015625; 164,76923076923077; 0,040987376
4720; 0,015625; 0,015625; 165,03846153846155; 0,041054353
4721; 0,015625; 0,015625; 164,3653846153846; 0,04088692
4722; 0,015625; 0,015625; 164,78846153846155; 0,040992163
4723; 0,015625; 0,015625; 165,26923076923077; 0,041111752
4724; 0,015625; 0,015625; 164,75; 0,040982597
4725; 0,015625; 0,015625; 164,92307692307693; 0,041025646
4726; 0,015625; 0,015625; 164,96153846153845; 0,041035216
4727; 0,015625; 0,015625; 164,51923076923077; 0,040925186
4728; 0,015625; 0,015625; 164,73076923076923; 0,040977813
4729; 0,015625; 0,015625; 165,21153846153845; 0,041097403
4730; 0,015625; 0,015625; 165,73076923076923; 0,04122657
4731; 0,015625; 0,015625; 164,17307692307693; 0,040839076
4732; 0,015625; 0,015625; 164,82692307692307; 0,04100173
4733; 0,015625; 0,015625; 165,05769230769232; 0,041059136
4734; 0,015625; 0,015625; 164,34615384615384; 0,040882133
4735; 0,015625; 0,015625; 164,94230769230768; 0,04103043
4736; 0,015625; 0,015625; 164,3653846153846; 0,04088692
4737; 0,015625; 0,015625; 165,0; 0,04104478
4738; 0,015625; 0,015625; 164,57692307692307; 0,040939543
4739; 0,015625; 0,015625; 165,21153846153845; 0,04109741
4740; 0,015625; 0,015625; 165,34615384615384; 0,041130897
4741; 0,015625; 0,015625; 166,8846153846154; 0,041513585
4742; 0,015625; 0,015625; 165,8653846153846; 0,04126006
4743; 0,015625; 0,015625; 165,48076923076923; 0,04116438
4744; 0,015625; 0,015625; 164,98076923076923; 0,041040003
4745; 0,015625; 0,015625; 164,76923076923077; 0,040987376
4746; 0,015625; 0,015625; 164,98076923076923; 0,041039996
4747; 0,015625; 0,015625; 165,28846153846155; 0,04111654
4748; 0,015625; 0,015625; 165,42307692307693; 0,04115003
4749; 0,015625; 0,015625; 164,23076923076923; 0,040853433
4750; 0,015625; 0,015625; 163,23076923076923; 0,040604673
4751; 0,015625; 0,015625; 165,40384615384616; 0,041145243
4752; 0,015625; 0,015625; 165,15384615384616; 0,041083053
4753; 0,015625; 0,015625; 165,1346153846154; 0,041078277
4754; 0,015625; 0,015625; 164,40384615384616; 0,04089649
4755; 0,015625; 0,015625; 164,44230769230768; 0,040906053
4756; 0,015625; 0,015625; 164,73076923076923; 0,04097781
4757; 0,015625; 0,015625; 165,25; 0,041106973
4758; 0,015625; 0,015625; 164,71153846153845; 0,04097303
4759; 0,015625; 0,015625; 164,30769230769232; 0,04087257
4760; 0,015625; 0,015625; 164,44230769230768; 0,040906053
4761; 0,015625; 0,015625; 165,3653846153846; 0,041135672
4762; 0,015625; 0,015625; 165,55769230769232; 0,041183513
4763; 0,015625; 0,015625; 163,78846153846155; 0,040743407
4764; 0,015625; 0,015625; 164,53846153846155; 0,04092997
4765; 0,015625; 0,015625; 165,17307692307693; 0,04108784
4766; 0,015625; 0,015625; 164,94230769230768; 0,041030433
4767; 0,015625; 0,015625; 164,6153846153846; 0,040949106
4768; 0,015625; 0,015625; 164,78846153846155; 0,040992156
4769; 0,015625; 0,015625; 164,6153846153846; 0,040949106
4770; 0,015625; 0,015625; 164,23076923076923; 0,040853433
4771; 0,015625; 0,015625; 164,53846153846155; 0,040929973
4772; 0,015625; 0,015625; 164,78846153846155; 0,04099216
4773; 0,015625; 0,015625; 164,80769230769232; 0,040996946
4774; 0,015625; 0,015625; 164,46153846153845; 0,04091084
4775; 0,015625; 0,015625; 165,19230769230768; 0,04109262
4776; 0,015625; 0,015625; 164,42307692307693; 0,04090127
4777; 0,015625; 0,015625; 164,90384615384616; 0,041020866
4778; 0,015625; 0,015625; 165,05769230769232; 0,041059136
4779; 0,015625; 0,015625; 166,3846153846154; 0,04138922
4780; 0,015625; 0,015625; 165,0; 0,041044787
4781; 0,015625; 0,015625; 164,55769230769232; 0,040934756
4782; 0,015625; 0,015625; 164,82692307692307; 0,041001722
4783; 0,015625; 0,015625; 165,6153846153846; 0,041197862
4784; 0,015625; 0,015625; 164,96153846153845; 0,041035216
4785; 0,015625; 0,015625; 164,46153846153845; 0,04091084
4786; 0,015625; 0,015625; 164,80769230769232; 0,040996943
4787; 0,015625; 0,015625; 164,28846153846155; 0,040867787
4788; 0,015625; 0,015625; 165,5; 0,041169167
4789; 0,015625; 0,015625; 163,82692307692307; 0,040752973
4790; 0,015625; 0,015625; 164,8653846153846; 0,0410113
4791; 0,015625; 0,015625; 165,32692307692307; 0,04112611
4792; 0,015625; 0,015625; 164,69230769230768; 0,04096824
4793; 0,015625; 0,015625; 165,1346153846154; 0,04107827
4794; 0,015625; 0,015625; 166,23076923076923; 0,041350946
4795; 0,015625; 0,015625; 164,15384615384616; 0,040834293
4796; 0,015625; 0,015625; 163,94230769230768; 0,040781677
4797; 0,015625; 0,015625; 165,30769230769232; 0,041121323
4798; 0,015625; 0,015625; 164,15384615384616; 0,040834293
4799; 0,015625; 0,015625; 164,57692307692307; 0,040939543
4800; 0,015625; 0,015625; 164,73076923076923; 0,040977817
4801; 0,015625; 0,015625; 164,98076923076923; 0,041039996
4802; 0,015625; 0,015625; 165,51923076923077; 0,041173942
4803; 0,015625; 0,015625; 165,3846153846154; 0,04114046
4804; 0,015625; 0,015625; 165,40384615384616; 0,041145243
4805; 0,015625; 0,015625; 164,57692307692307; 0,040939536
4806; 0,015625; 0,015625; 163,8653846153846; 0,04076254
4807; 0,015625; 0,015625; 165,55769230769232; 0,04118351
4808; 0,015625; 0,015625; 165,5; 0,04116916
4809; 0,015625; 0,015625; 165,09615384615384; 0,0410687
4810; 0,015625; 0,015625; 164,51923076923077; 0,040925197
4811; 0,015625; 0,015625; 164,82692307692307; 0,041001733
4812; 0,015625; 0,015625; 165,3653846153846; 0,041135672
4813; 0,015625; 0,015625; 165,15384615384616; 0,041083056
4814; 0,015625; 0,015625; 165,6153846153846; 0,041197862
4815; 0,015625; 0,015625; 164,78846153846155; 0,040992163
4816; 0,015625; 0,015625; 164,34615384615384; 0,040882137
4817; 0,015625; 0,015625; 165,26923076923077; 0,04111176
4818; 0,015625; 0,015625; 164,96153846153845; 0,041035213
4819; 0,015625; 0,015625; 165,59615384615384; 0,041193075
4820; 0,015625; 0,015625; 164,48076923076923; 0,040915616
4821; 0,015625; 0,015625; 165,1153846153846; 0,041073482
4822; 0,015625; 0,015625; 165,17307692307693; 0,041087832
4823; 0,015625; 0,015625; 165,07692307692307; 0,041063912
4824; 0,015625; 0,015625; 165,17307692307693; 0,04108784
4825; 0,015625; 0,015625; 165,25; 0,041106973
4826; 0,015625; 0,015625; 165,32692307692307; 0,04112611
4827; 0,015625; 0,015625; 164,5; 0,040920403
4828; 0,015625; 0,015625; 164,94230769230768; 0,041030433
4829; 0,015625; 0,015625; 165,94230769230768; 0,041279193
4830; 0,015625; 0,015625; 165,48076923076923; 0,04116438
4831; 0,015625; 0,015625; 164,8653846153846; 0,041011292
4832; 0,015625; 0,015625; 165,23076923076923; 0,04110219
4833; 0,015625; 0,015625; 165,03846153846155; 0,04105435
4834; 0,015625; 0,015625; 164,30769230769232; 0,040872566
4835; 0,015625; 0,015625; 164,75; 0,040982597
4836; 0,015625; 0,015625; 165,21153846153845; 0,041097406
4837; 0,015625; 0,015625; 164,01923076923077; 0,040800814
4838; 0,015625; 0,015625; 164,92307692307693; 0,041025653
4839; 0,015625; 0,015625; 165,23076923076923; 0,041102186
4840; 0,015625; 0,015625; 164,80769230769232; 0,04099695
4841; 0,015625; 0,015625; 164,8846153846154; 0,04101608
4842; 0,015625; 0,015625; 164,48076923076923; 0,040915627
4843; 0,015625; 0,015625; 164,34615384615384; 0,040882133
4844; 0,015625; 0,015625; 164,80769230769232; 0,040996946
4845; 0,015625; 0,015625; 166,75; 0,041480105
4846; 0,015625; 0,015625; 164,5; 0,040920403
4847; 0,015625; 0,015625; 165,03846153846155; 0,04105435
4848; 0,015625; 0,015625; 165,23076923076923; 0,041102186
4849; 0,015625; 0,015625; 164,57692307692307; 0,040939543
4850; 0,015625; 0,015625; 165,21153846153845; 0,041097403
4851; 0,015625; 0,015625; 165,07692307692307; 0,041063923
4852; 0,015625; 0,015625; 165,25; 0,041106973
4853; 0,015625; 0,015625; 164,73076923076923; 0,040977813
4854; 0,015625; 0,015625; 164,80769230769232; 0,040996946
4855; 0,015625; 0,015625; 165,5; 0,041169163
4856; 0,015625; 0,015625; 165,17307692307693; 0,04108784
4857; 0,015625; 0,015625; 164,82692307692307; 0,04100173
4858; 0,015625; 0,015625; 164,82692307692307; 0,041001733
4859; 0,015625; 0,015625; 165,0; 0,041044775
4860; 0,015625; 0,015625; 165,0; 0,041044787
4861; 0,015625; 0,015625; 164,82692307692307; 0,04100173
4862; 0,015625; 0,015625; 165,03846153846155; 0,04105435
4863; 0,015625; 0,015625; 165,78846153846155; 0,041240916
4864; 0,015625; 0,015625; 163,76923076923077; 0,04073862
4865; 0,015625; 0,015625; 164,96153846153845; 0,041035213
4866; 0,015625; 0,015625; 166,23076923076923; 0,041350942
4867; 0,015625; 0,015625; 165,09615384615384; 0,041068707
4868; 0,015625; 0,015625; 165,09615384615384; 0,041068707
4869; 0,015625; 0,015625; 164,90384615384616; 0,041020866
4870; 0,015625; 0,015625; 164,78846153846155; 0,040992163
4871; 0,015625; 0,015625; 164,67307692307693; 0,040963452
4872; 0,015625; 0,015625; 164,96153846153845; 0,04103522
4873; 0,015625; 0,015625; 165,5; 0,041169163
4874; 0,015625; 0,015625; 164,8846153846154; 0,041016087
4875; 0,015625; 0,015625; 164,8846153846154; 0,04101608
4876; 0,015625; 0,015625; 165,28846153846155; 0,04111654
4877; 0,015625; 0,015625; 164,67307692307693; 0,040963463
4878; 0,015625; 0,015625; 165,5; 0,041169167
4879; 0,015625; 0,015625; 164,73076923076923; 0,04097781
4880; 0,015625; 0,015625; 165,05769230769232; 0,041059136
4881; 0,015625; 0,015625; 165,0; 0,041044787
4882; 0,015625; 0,015625; 164,69230769230768; 0,040968243
4883; 0,015625; 0,015625; 165,53846153846155; 0,041178726
4884; 0,015625; 0,015625; 165,1346153846154; 0,041078266
4885; 0,015625; 0,015625; 164,69230769230768; 0,040968243
4886; 0,015625; 0,015625; 164,75; 0,040982597
4887; 0,015625; 0,015625; 164,73076923076923; 0,040977813
4888; 0,015625; 0,015625; 164,76923076923077; 0,04098738
4889; 0,015625; 0,015625; 165,15384615384616; 0,041083053
4890; 0,015625; 0,015625; 164,57692307692307; 0,040939536
4891; 0,015625; 0,015625; 164,5; 0,04092041
4892; 0,015625; 0,015625; 164,51923076923077; 0,040925182
4893; 0,015625; 0,015625; 165,55769230769232; 0,04118351
4894; 0,015625; 0,015625; 164,94230769230768; 0,04103043
4895; 0,015625; 0,015625; 164,98076923076923; 0,041039996
4896; 0,015625; 0,015625; 165,96153846153845; 0,04128397
4897; 0,015625; 0,015625; 164,40384615384616; 0,040896483
4898; 0,015625; 0,015625; 164,07692307692307; 0,040815167
4899; 0,015625; 0,015625; 166,30769230769232; 0,04137008
4900; 0,015625; 0,015625; 164,92307692307693; 0,041025642
4901; 0,015625; 0,015625; 164,59615384615384; 0,040944323
4902; 0,015625; 0,015625; 165,1153846153846; 0,041073486
4903; 0,015625; 0,015625; 165,09615384615384; 0,0410687
4904; 0,015625; 0,015625; 165,82692307692307; 0,041250486
4905; 0,015625; 0,015625; 165,0; 0,04104478
4906; 0,015625; 0,015625; 165,8653846153846; 0,041260056
4907; 0,015625; 0,015625; 164,73076923076923; 0,04097781
4908; 0,015625; 0,015625; 165,5; 0,04116916
4909; 0,015625; 0,015625; 165,71153846153845; 0,041221783
4910; 0,015625; 0,015625; 165,6153846153846; 0,04119786
4911; 0,015625; 0,015625; 164,5; 0,040920403
4912; 0,015625; 0,015625; 165,01923076923077; 0,041049566
4913; 0,015625; 0,015625; 165,07692307692307; 0,041063923
4914; 0,015625; 0,015625; 164,71153846153845; 0,04097303
4915; 0,015625; 0,015625; 165,1346153846154; 0,04107827
4916; 0,015625; 0,015625; 166,82692307692307; 0,04149925
4917; 0,015625; 0,015625; 165,51923076923077; 0,04117395
4918; 0,015625; 0,015625; 165,17307692307693; 0,041087832
4919; 0,015625; 0,015625; 164,8846153846154; 0,041016083
4920; 0,015625; 0,015625; 164,46153846153845; 0,040910836
4921; 0,015625; 0,015625; 163,55769230769232; 0,040686008
4922; 0,015625; 0,015625; 164,46153846153845; 0,040910836
4923; 0,015625; 0,015625; 165,8846153846154; 0,041264836
4924; 0,015625; 0,015625; 164,92307692307693; 0,041025653
4925; 0,015625; 0,015625; 164,01923076923077; 0,04080081
4926; 0,015625; 0,015625; 164,53846153846155; 0,04092997
4927; 0,015625; 0,015625; 165,42307692307693; 0,041150026
4928; 0,015625; 0,015625; 165,67307692307693; 0,041212216
4929; 0,015625; 0,015625; 166,69230769230768; 0,04146576
4930; 0,015625; 0,015625; 165,78846153846155; 0,041240916
4931; 0,015625; 0,015625; 165,30769230769232; 0,041121323
4932; 0,015625; 0,015625; 164,8653846153846; 0,041011292
4933; 0,015625; 0,015625; 166,40384615384616; 0,041394
4934; 0,015625; 0,015625; 165,1153846153846; 0,041073486
4935; 0,015625; 0,015625; 165,07692307692307; 0,041063912
4936; 0,015625; 0,015625; 166,65384615384616; 0,041456185
4937; 0,015625; 0,015625; 164,90384615384616; 0,041020866
4938; 0,015625; 0,015625; 164,59615384615384; 0,040944323
4939; 0,015625; 0,015625; 164,55769230769232; 0,040934756
4940; 0,015625; 0,015625; 164,57692307692307; 0,040939543
4941; 0,015625; 0,015625; 164,76923076923077; 0,040987376
4942; 0,015625; 0,015625; 165,0; 0,041044787
4943; 0,015625; 0,015625; 164,78846153846155; 0,040992163
4944; 0,015625; 0,015625; 165,59615384615384; 0,041193083
4945; 0,015625; 0,015625; 163,76923076923077; 0,040738624
4946; 0,015625; 0,015625; 164,96153846153845; 0,041035216
4947; 0,015625; 0,015625; 165,17307692307693; 0,04108784
4948; 0,015625; 0,015625; 165,57692307692307; 0,0411883
4949; 0,015625; 0,015625; 165,19230769230768; 0,041092627
4950; 0,015625; 0,015625; 164,51923076923077; 0,04092519
4951; 0,015625; 0,015625; 165,65384615384616; 0,041207433
4952; 0,015625; 0,015625; 165,05769230769232; 0,041059136
4953; 0,015625; 0,015625; 165,53846153846155; 0,041178726
4954; 0,015625; 0,015625; 166,01923076923077; 0,041298326
4955; 0,015625; 0,015625; 165,19230769230768; 0,041092627
4956; 0,015625; 0,015625; 165,3846153846154; 0,04114046
4957; 0,015625; 0,015625; 166,3846153846154; 0,04138922
4958; 0,015625; 0,015625; 165,05769230769232; 0,04105914
4959; 0,015625; 0,015625; 165,5; 0,04116916
4960; 0,015625; 0,015625; 165,19230769230768; 0,041092616
4961; 0,015625; 0,015625; 165,32692307692307; 0,04112611
4962; 0,015625; 0,015625; 165,67307692307693; 0,041212216
4963; 0,015625; 0,015625; 164,67307692307693; 0,040963463
4964; 0,015625; 0,015625; 164,05769230769232; 0,04081038
4965; 0,015625; 0,015625; 164,65384615384616; 0,04095867
4966; 0,015625; 0,015625; 165,05769230769232; 0,041059133
4967; 0,015625; 0,015625; 164,48076923076923; 0,040915623
4968; 0,015625; 0,015625; 164,75; 0,040982597
4969; 0,015625; 0,015625; 164,40384615384616; 0,04089649
4970; 0,015625; 0,015625; 164,09615384615384; 0,040819943
4971; 0,015625; 0,015625; 166,34615384615384; 0,04137965
4972; 0,015625; 0,015625; 165,51923076923077; 0,041173942
4973; 0,015625; 0,015625; 165,84615384615384; 0,041255273
4974; 0,015625; 0,015625; 165,0; 0,04104478
4975; 0,015625; 0,015625; 165,15384615384616; 0,041083053
4976; 0,015625; 0,015625; 164,82692307692307; 0,04100173
4977; 0,015625; 0,015625; 164,44230769230768; 0,040906053
4978; 0,015625; 0,015625; 165,44230769230768; 0,04115481
4979; 0,015625; 0,015625; 164,94230769230768; 0,04103043
4980; 0,015625; 0,015625; 165,51923076923077; 0,04117394
4981; 0,015625; 0,015625; 165,28846153846155; 0,04111654
4982; 0,015625; 0,015625; 166,19230769230768; 0,04134137
4983; 0,015625; 0,015625; 166,76923076923077; 0,04148489
4984; 0,015625; 0,015625; 164,57692307692307; 0,040939536
4985; 0,015625; 0,015625; 164,78846153846155; 0,040992163
4986; 0,015625; 0,015625; 164,19230769230768; 0,040843867
4987; 0,015625; 0,015625; 166,8846153846154; 0,041513596
4988; 0,015625; 0,015625; 165,30769230769232; 0,041121326
4989; 0,015625; 0,015625; 164,6346153846154; 0,04095389
4990; 0,015625; 0,015625; 164,48076923076923; 0,040915623
4991; 0,015625; 0,015625; 164,51923076923077; 0,04092519
4992; 0,015625; 0,015625; 164,8846153846154; 0,041016083
4993; 0,015625; 0,015625; 164,82692307692307; 0,04100173
4994; 0,015625; 0,015625; 165,53846153846155; 0,041178726
4995; 0,015625; 0,015625; 165,1346153846154; 0,04107827
4996; 0,015625; 0,015625; 166,1346153846154; 0,041327026
4997; 0,015625; 0,015625; 164,53846153846155; 0,040929973
4998; 0,015625; 0,015625; 164,75; 0,040982597
4999; 0,015625; 0,015625; 164,69230769230768; 0,040968243
5000; 0,015625; 0,015625; 164,01923076923077; 0,040800814
5001; 0,015625; 0,015625; 164,44230769230768; 0,040906053
5002; 0,015625; 0,015625; 165,21153846153845; 0,041097406
5003; 0,015625; 0,015625; 164,90384615384616; 0,04102087
5004; 0,015625; 0,015625; 163,6153846153846; 0,040700354
5005; 0,015625; 0,015625; 164,78846153846155; 0,040992163
5006; 0,015625; 0,015625; 165,30769230769232; 0,04112132
5007; 0,015625; 0,015625; 165,48076923076923; 0,041164376
5008; 0,015625; 0,015625; 165,42307692307693; 0,041150026
5009; 0,015625; 0,015625; 165,28846153846155; 0,04111654
5010; 0,015625; 0,015625; 165,8653846153846; 0,04126005
5011; 0,015625; 0,015625; 164,90384615384616; 0,041020866
5012; 0,015625; 0,015625; 164,82692307692307; 0,041001733
5013; 0,015625; 0,015625; 164,8653846153846; 0,041011292
5014; 0,015625; 0,015625; 164,59615384615384; 0,040944323
5015; 0,015625; 0,015625; 164,34615384615384; 0,040882133
5016; 0,015625; 0,015625; 165,28846153846155; 0,04111654
5017; 0,015625; 0,015625; 164,53846153846155; 0,040929973
5018; 0,015625; 0,015625; 164,82692307692307; 0,04100173
5019; 0,015625; 0,015625; 165,69230769230768; 0,041217003
5020; 0,015625; 0,015625; 164,3846153846154; 0,040891703
5021; 0,015625; 0,015625; 165,48076923076923; 0,04116438
5022; 0,015625; 0,015625; 164,76923076923077; 0,040987372
5023; 0,015625; 0,015625; 164,46153846153845; 0,04091084
5024; 0,015625; 0,015625; 164,0; 0,040796023
5025; 0,015625; 0,015625; 164,84615384615384; 0,04100651
5026; 0,015625; 0,015625; 165,42307692307693; 0,04115003
5027; 0,015625; 0,015625; 164,98076923076923; 0,04104
5028; 0,015625; 0,015625; 165,6346153846154; 0,04120265
5029; 0,015625; 0,015625; 164,80769230769232; 0,040996946
5030; 0,015625; 0,015625; 164,3653846153846; 0,04088692
5031; 0,015625; 0,015625; 166,15384615384616; 0,04133181
5032; 0,015625; 0,015625; 164,32692307692307; 0,04087735
5033; 0,015625; 0,015625; 164,59615384615384; 0,04094432
5034; 0,015625; 0,015625; 164,40384615384616; 0,04089649
5035; 0,015625; 0,015625; 164,6346153846154; 0,040953893
5036; 0,015625; 0,015625; 165,59615384615384; 0,041193087
5037; 0,015625; 0,015625; 164,92307692307693; 0,041025646
5038; 0,015625; 0,015625; 164,73076923076923; 0,040977813
5039; 0,015625; 0,015625; 164,69230769230768; 0,040968243
5040; 0,015625; 0,015625; 165,09615384615384; 0,0410687
5041; 0,015625; 0,015625; 164,82692307692307; 0,04100173
5042; 0,015625; 0,015625; 165,15384615384616; 0,041083056
5043; 0,015625; 0,015625; 164,78846153846155; 0,040992163
5044; 0,015625; 0,015625; 164,98076923076923; 0,04104
5045; 0,015625; 0,015625; 164,94230769230768; 0,041030426
5046; 0,015625; 0,015625; 167,71153846153845; 0,0417193
5047; 0,015625; 0,015625; 164,67307692307693; 0,040963456
5048; 0,015625; 0,015625; 165,28846153846155; 0,04111654
5049; 0,015625; 0,015625; 164,40384615384616; 0,040896483
5050; 0,015625; 0,015625; 166,21153846153845; 0,04134616
5051; 0,015625; 0,015625; 165,28846153846155; 0,04111654
5052; 0,015625; 0,015625; 164,65384615384616; 0,040958676
5053; 0,015625; 0,015625; 165,21153846153845; 0,041097403
5054; 0,015625; 0,015625; 164,15384615384616; 0,040834293
5055; 0,015625; 0,015625; 165,65384615384616; 0,04120743
5056; 0,015625; 0,015625; 164,48076923076923; 0,04091563
5057; 0,015625; 0,015625; 164,51923076923077; 0,040925186
5058; 0,015625; 0,015625; 164,8653846153846; 0,041011296
5059; 0,015625; 0,015625; 165,01923076923077; 0,041049574
5060; 0,015625; 0,015625; 164,34615384615384; 0,040882133
5061; 0,015625; 0,015625; 164,75; 0,0409826
5062; 0,015625; 0,015625; 164,65384615384616; 0,040958676
5063; 0,015625; 0,015625; 164,48076923076923; 0,040915623
5064; 0,015625; 0,015625; 164,3846153846154; 0,040891692
5065; 0,015625; 0,015625; 165,6346153846154; 0,04120265
5066; 0,015625; 0,015625; 164,3653846153846; 0,040886916
5067; 0,015625; 0,015625; 165,6346153846154; 0,041202646
5068; 0,015625; 0,015625; 164,46153846153845; 0,04091084
5069; 0,015625; 0,015625; 164,8653846153846; 0,0410113
5070; 0,015625; 0,015625; 166,23076923076923; 0,041350946
5071; 0,015625; 0,015625; 164,1346153846154; 0,04082952
5072; 0,015625; 0,015625; 164,1153846153846; 0,04082473
5073; 0,015625; 0,015625; 165,01923076923077; 0,041049566
5074; 0,015625; 0,015625; 165,48076923076923; 0,04116438
5075; 0,015625; 0,015625; 164,94230769230768; 0,04103043
5076; 0,015625; 0,015625; 165,05769230769232; 0,041059133
5077; 0,015625; 0,015625; 164,53846153846155; 0,04092997
5078; 0,015625; 0,015625; 165,98076923076923; 0,041288752
5079; 0,015625; 0,015625; 166,82692307692307; 0,041499242
5080; 0,015625; 0,015625; 165,21153846153845; 0,041097403
5081; 0,015625; 0,015625; 165,6346153846154; 0,04120265
5082; 0,015625; 0,015625; 164,65384615384616; 0,04095867
5083; 0,015625; 0,015625; 164,42307692307693; 0,040901266
5084; 0,015625; 0,015625; 164,53846153846155; 0,040929973
5085; 0,015625; 0,015625; 164,69230769230768; 0,040968243
5086; 0,015625; 0,015625; 165,07692307692307; 0,04106392
5087; 0,015625; 0,015625; 164,69230769230768; 0,040968243
5088; 0,015625; 0,015625; 164,76923076923077; 0,040987372
5089; 0,015625; 0,015625; 165,84615384615384; 0,04125527
5090; 0,015625; 0,015625; 164,84615384615384; 0,041006513
5091; 0,015625; 0,015625; 164,82692307692307; 0,041001733
5092; 0,015625; 0,015625; 164,5; 0,040920403
5093; 0,015625; 0,015625; 164,01923076923077; 0,04080081
5094; 0,015625; 0,015625; 163,69230769230768; 0,040719483
5095; 0,015625; 0,015625; 164,8653846153846; 0,041011296
5096; 0,015625; 0,015625; 164,80769230769232; 0,040996946
5097; 0,015625; 0,015625; 164,78846153846155; 0,04099216
5098; 0,015625; 0,015625; 164,84615384615384; 0,04100652
5099; 0,015625; 0,015625; 164,09615384615384; 0,040819943
5100; 0,015625; 0,015625; 164,94230769230768; 0,041030426
5101; 0,015625; 0,015625; 165,3653846153846; 0,04113567
5102; 0,015625; 0,015625; 164,6346153846154; 0,04095389
5103; 0,015625; 0,015625; 164,90384615384616; 0,041020863
5104; 0,015625; 0,015625; 165,69230769230768; 0,041216996
5105; 0,015625; 0,015625; 164,98076923076923; 0,04104
5106; 0,015625; 0,015625; 164,51923076923077; 0,04092519
5107; 0,015625; 0,015625; 164,75; 0,04098259
5108; 0,015625; 0,015625; 164,6346153846154; 0,040953893
5109; 0,015625; 0,015625; 164,69230769230768; 0,040968247
5110; 0,015625; 0,015625; 165,69230769230768; 0,041216996
5111; 0,015625; 0,015625; 164,51923076923077; 0,04092519
5112; 0,015625; 0,015625; 164,98076923076923; 0,041040007
5113; 0,015625; 0,015625; 165,28846153846155; 0,041116536
5114; 0,015625; 0,015625; 164,17307692307693; 0,04083908
5115; 0,015625; 0,015625; 164,51923076923077; 0,04092519
5116; 0,015625; 0,015625; 164,48076923076923; 0,040915623
5117; 0,015625; 0,015625; 165,69230769230768; 0,04121699
5118; 0,015625; 0,015625; 165,34615384615384; 0,041130885
5119; 0,015625; 0,015625; 164,69230769230768; 0,040968243
5120; 0,015625; 0,015625; 165,6153846153846; 0,04119787
5121; 0,015625; 0,015625; 165,15384615384616; 0,041083045
5122; 0,015625; 0,015625; 164,03846153846155; 0,040805597
5123; 0,015625; 0,015625; 164,8846153846154; 0,041016087
5124; 0,015625; 0,015625; 163,75; 0,04073384
5125; 0,015625; 0,015625; 165,15384615384616; 0,041083056
5126; 0,015625; 0,015625; 167,15384615384616; 0,041580565
5127; 0,015625; 0,015625; 165,17307692307693; 0,041087832
5128; 0,015625; 0,015625; 164,46153846153845; 0,04091084
5129; 0,015625; 0,015625; 163,75; 0,04073384
5130; 0,015625; 0,015625; 164,71153846153845; 0,040973023
5131; 0,015625; 0,015625; 164,26923076923077; 0,040863
5132; 0,015625; 0,015625; 164,25; 0,040858213
5133; 0,015625; 0,015625; 164,90384615384616; 0,041020863
5134; 0,015625; 0,015625; 165,17307692307693; 0,041087832
5135; 0,015625; 0,015625; 165,26923076923077; 0,04111175
5136; 0,015625; 0,015625; 164,5; 0,04092041
5137; 0,015625; 0,015625; 163,67307692307693; 0,0407147
5138; 0,015625; 0,015625; 164,30769230769232; 0,04087256
5139; 0,015625; 0,015625; 164,46153846153845; 0,040910836
5140; 0,015625; 0,015625; 165,51923076923077; 0,041173942
5141; 0,015625; 0,015625; 164,28846153846155; 0,040867787
5142; 0,015625; 0,015625; 166,71153846153845; 0,041470535
5143; 0,015625; 0,015625; 163,80769230769232; 0,040748194
5144; 0,015625; 0,015625; 165,42307692307693; 0,041150026
5145; 0,015625; 0,015625; 164,76923076923077; 0,04098738
5146; 0,015625; 0,015625; 165,26923076923077; 0,041111752
5147; 0,015625; 0,015625; 164,76923076923077; 0,040987372
5148; 0,015625; 0,015625; 165,19230769230768; 0,04109262
5149; 0,015625; 0,015625; 164,3846153846154; 0,040891703
5150; 0,015625; 0,015625; 165,40384615384616; 0,041145246
5151; 0,015625; 0,015625; 164,40384615384616; 0,040896483
5152; 0,015625; 0,015625; 164,23076923076923; 0,040853433
5153; 0,015625; 0,015625; 165,69230769230768; 0,041216996
5154; 0,015625; 0,015625; 164,80769230769232; 0,040996943
5155; 0,015625; 0,015625; 165,05769230769232; 0,041059133
5156; 0,015625; 0,015625; 165,1346153846154; 0,041078273
5157; 0,015625; 0,015625; 165,1346153846154; 0,04107827
5158; 0,015625; 0,015625; 164,57692307692307; 0,040939536
5159; 0,015625; 0,015625; 165,25; 0,041106973
5160; 0,015625; 0,015625; 165,19230769230768; 0,04109262
5161; 0,015625; 0,015625; 165,67307692307693; 0,041212216
5162; 0,015625; 0,015625; 166,09615384615384; 0,041317463
5163; 0,015625; 0,015625; 164,32692307692307; 0,04087735
5164; 0,015625; 0,015625; 164,92307692307693; 0,041025646
5165; 0,015625; 0,015625; 164,75; 0,040982597
5166; 0,015625; 0,015625; 164,26923076923077; 0,040863
5167; 0,015625; 0,015625; 165,1346153846154; 0,04107827
5168; 0,015625; 0,015625; 164,0; 0,040796027
5169; 0,015625; 0,015625; 166,82692307692307; 0,041499242
5170; 0,015625; 0,015625; 166,01923076923077; 0,041298322
5171; 0,015625; 0,015625; 164,3846153846154; 0,040891703
5172; 0,015625; 0,015625; 164,07692307692307; 0,04081516
5173; 0,015625; 0,015625; 164,21153846153845; 0,04084865
5174; 0,015625; 0,015625; 165,80769230769232; 0,0412457
5175; 0,015625; 0,015625; 166,07692307692307; 0,041312672
5176; 0,015625; 0,015625; 165,59615384615384; 0,041193083
5177; 0,015625; 0,015625; 165,15384615384616; 0,041083053
5178; 0,015625; 0,015625; 164,75; 0,0409826
5179; 0,015625; 0,015625; 164,71153846153845; 0,040973026
5180; 0,015625; 0,015625; 164,46153846153845; 0,040910844
5181; 0,015625; 0,015625; 165,23076923076923; 0,04110219
5182; 0,015625; 0,015625; 164,69230769230768; 0,040968243
5183; 0,015625; 0,015625; 166,09615384615384; 0,041317463
5184; 0,015625; 0,015625; 165,8846153846154; 0,041264836
5185; 0,015625; 0,015625; 165,84615384615384; 0,041255273
5186; 0,015625; 0,015625; 165,73076923076923; 0,041226566
5187; 0,015625; 0,015625; 164,19230769230768; 0,040843867
5188; 0,015625; 0,015625; 165,09615384615384; 0,041068707
5189; 0,015625; 0,015625; 164,6346153846154; 0,040953893
5190; 0,015625; 0,015625; 165,57692307692307; 0,041188296
5191; 0,015625; 0,015625; 164,3846153846154; 0,040891703
5192; 0,015625; 0,015625; 164,48076923076923; 0,040915616
5193; 0,015625; 0,015625; 164,84615384615384; 0,04100651
5194; 0,015625; 0,015625; 164,67307692307693; 0,040963463
5195; 0,015625; 0,015625; 166,28846153846155; 0,0413653
5196; 0,015625; 0,015625; 164,90384615384616; 0,041020866
5197; 0,015625; 0,015625; 166,65384615384616; 0,041456185
5198; 0,015625; 0,015625; 165,23076923076923; 0,041102186
5199; 0,015625; 0,015625; 165,15384615384616; 0,041083056
5200; 0,015625; 0,015625; 164,53846153846155; 0,04092997
5201; 0,015625; 0,015625; 165,05769230769232; 0,041059133
5202; 0,015625; 0,015625; 164,23076923076923; 0,040853437
5203; 0,015625; 0,015625; 166,44230769230768; 0,04140357
5204; 0,015625; 0,015625; 166,34615384615384; 0,04137965
5205; 0,015625; 0,015625; 164,65384615384616; 0,04095868
5206; 0,015625; 0,015625; 166,82692307692307; 0,041499242
5207; 0,015625; 0,015625; 164,76923076923077; 0,040987376
5208; 0,015625; 0,015625; 164,8653846153846; 0,041011292
5209; 0,015625; 0,015625; 164,30769230769232; 0,04087257
5210; 0,015625; 0,015625; 165,0; 0,041044787
5211; 0,015625; 0,015625; 165,01923076923077; 0,041049574
5212; 0,015625; 0,015625; 165,48076923076923; 0,041164376
5213; 0,015625; 0,015625; 164,23076923076923; 0,040853433
5214; 0,015625; 0,015625; 164,8846153846154; 0,04101608
5215; 0,015625; 0,015625; 164,42307692307693; 0,04090127
5216; 0,015625; 0,015625; 164,6346153846154; 0,040953893
5217; 0,015625; 0,015625; 164,44230769230768; 0,040906053
5218; 0,015625; 0,015625; 165,46153846153845; 0,041159593
5219; 0,015625; 0,015625; 165,09615384615384; 0,041068707
5220; 0,015625; 0,015625; 164,55769230769232; 0,040934756
5221; 0,015625; 0,015625; 165,07692307692307; 0,04106392
5222; 0,015625; 0,015625; 165,34615384615384; 0,041130897
5223; 0,015625; 0,015625; 164,5; 0,04092041
5224; 0,015625; 0,015625; 164,57692307692307; 0,040939543
5225; 0,015625; 0,015625; 164,75; 0,040982597
5226; 0,015625; 0,015625; 164,01923076923077; 0,04080081
5227; 0,015625; 0,015625; 165,71153846153845; 0,041221783
5228; 0,015625; 0,015625; 165,53846153846155; 0,041178726
5229; 0,015625; 0,015625; 165,65384615384616; 0,041207433
5230; 0,015625; 0,015625; 164,92307692307693; 0,041025646
5231; 0,015625; 0,015625; 164,92307692307693; 0,041025646
5232; 0,015625; 0,015625; 164,78846153846155; 0,04099216
5233; 0,015625; 0,015625; 164,48076923076923; 0,040915616
5234; 0,015625; 0,015625; 164,3846153846154; 0,040891703
5235; 0,015625; 0,015625; 164,94230769230768; 0,04103043
5236; 0,015625; 0,015625; 164,42307692307693; 0,04090127
5237; 0,015625; 0,015625; 164,96153846153845; 0,041035216
5238; 0,015625; 0,015625; 165,8846153846154; 0,04126484
5239; 0,015625; 0,015625; 164,51923076923077; 0,040925186
5240; 0,015625; 0,015625; 164,51923076923077; 0,040925186
5241; 0,015625; 0,015625; 163,82692307692307; 0,040752973
5242; 0,015625; 0,015625; 164,82692307692307; 0,04100173
5243; 0,015625; 0,015625; 164,25; 0,040858213
5244; 0,015625; 0,015625; 166,42307692307693; 0,04139878
5245; 0,015625; 0,015625; 164,19230769230768; 0,040843867
5246; 0,015625; 0,015625; 164,69230769230768; 0,040968247
5247; 0,015625; 0,015625; 165,26923076923077; 0,041111752
5248; 0,015625; 0,015625; 164,69230769230768; 0,040968247
5249; 0,015625; 0,015625; 165,1153846153846; 0,041073482
5250; 0,015625; 0,015625; 164,90384615384616; 0,041020866
5251; 0,015625; 0,015625; 165,25; 0,041106973
5252; 0,015625; 0,015625; 164,55769230769232; 0,040934756
5253; 0,015625; 0,015625; 164,80769230769232; 0,040996946
5254; 0,015625; 0,015625; 164,71153846153845; 0,040973026
5255; 0,015625; 0,015625; 165,3653846153846; 0,041135676
5256; 0,015625; 0,015625; 165,23076923076923; 0,041102193
5257; 0,015625; 0,015625; 165,07692307692307; 0,04106392
5258; 0,015625; 0,015625; 165,34615384615384; 0,041130893
5259; 0,015625; 0,015625; 164,69230769230768; 0,04096824
5260; 0,015625; 0,015625; 165,28846153846155; 0,041116543
5261; 0,015625; 0,015625; 165,42307692307693; 0,04115003
5262; 0,015625; 0,015625; 165,25; 0,041106973
5263; 0,015625; 0,015625; 165,42307692307693; 0,041150026
5264; 0,015625; 0,015625; 164,57692307692307; 0,040939543
5265; 0,015625; 0,015625; 164,8846153846154; 0,041016083
5266; 0,015625; 0,015625; 164,51923076923077; 0,04092519
5267; 0,015625; 0,015625; 166,17307692307693; 0,041336596
5268; 0,015625; 0,015625; 164,67307692307693; 0,040963456
5269; 0,015625; 0,015625; 164,21153846153845; 0,040848646
5270; 0,015625; 0,015625; 164,21153846153845; 0,040848646
5271; 0,015625; 0,015625; 165,32692307692307; 0,04112611
5272; 0,015625; 0,015625; 164,21153846153845; 0,04084865
5273; 0,015625; 0,015625; 165,28846153846155; 0,041116536
5274; 0,015625; 0,015625; 164,76923076923077; 0,040987376
5275; 0,015625; 0,015625; 164,98076923076923; 0,04104
5276; 0,015625; 0,015625; 165,03846153846155; 0,041054353
5277; 0,015625; 0,015625; 164,32692307692307; 0,040877357
5278; 0,015625; 0,015625; 164,28846153846155; 0,040867783
5279; 0,015625; 0,015625; 164,42307692307693; 0,040901266
5280; 0,015625; 0,015625; 164,32692307692307; 0,040877357
5281; 0,015625; 0,015625; 164,90384615384616; 0,041020866
5282; 0,015625; 0,015625; 164,80769230769232; 0,04099695
5283; 0,015625; 0,015625; 165,01923076923077; 0,041049574
5284; 0,015625; 0,015625; 164,59615384615384; 0,04094432
5285; 0,015625; 0,015625; 167,23076923076923; 0,041599706
5286; 0,015625; 0,015625; 165,09615384615384; 0,041068695
5287; 0,015625; 0,015625; 165,23076923076923; 0,04110219
5288; 0,015625; 0,015625; 164,80769230769232; 0,040996943
5289; 0,015625; 0,015625; 164,82692307692307; 0,04100173
5290; 0,015625; 0,015625; 164,98076923076923; 0,04104
5291; 0,015625; 0,015625; 164,90384615384616; 0,041020866
5292; 0,015625; 0,015625; 164,69230769230768; 0,04096824
5293; 0,015625; 0,015625; 164,84615384615384; 0,04100651
5294; 0,015625; 0,015625; 165,1153846153846; 0,041073482
5295; 0,015625; 0,015625; 164,21153846153845; 0,04084865
5296; 0,015625; 0,015625; 165,05769230769232; 0,041059136
5297; 0,015625; 0,015625; 165,1153846153846; 0,041073486
5298; 0,015625; 0,015625; 164,3653846153846; 0,04088692
5299; 0,015625; 0,015625; 164,78846153846155; 0,04099216
5300; 0,015625; 0,015625; 165,23076923076923; 0,041102186
5301; 0,015625; 0,015625; 165,78846153846155; 0,041240916
5302; 0,015625; 0,015625; 165,09615384615384; 0,041068707
5303; 0,015625; 0,015625; 164,78846153846155; 0,040992167
5304; 0,015625; 0,015625; 164,30769230769232; 0,040872566
5305; 0,015625; 0,015625; 164,30769230769232; 0,04087257
5306; 0,015625; 0,015625; 165,07692307692307; 0,04106392
5307; 0,015625; 0,015625; 165,6346153846154; 0,041202646
5308; 0,015625; 0,015625; 164,59615384615384; 0,040944323
5309; 0,015625; 0,015625; 164,78846153846155; 0,040992163
5310; 0,015625; 0,015625; 164,71153846153845; 0,04097303
5311; 0,015625; 0,015625; 165,3653846153846; 0,041135676
5312; 0,015625; 0,015625; 164,84615384615384; 0,041006505
5313; 0,015625; 0,015625; 166,0; 0,04129354
5314; 0,015625; 0,015625; 165,17307692307693; 0,04108784
5315; 0,015625; 0,015625; 165,34615384615384; 0,041130885
5316; 0,015625; 0,015625; 164,55769230769232; 0,04093476
5317; 0,015625; 0,015625; 164,42307692307693; 0,040901277
5318; 0,015625; 0,015625; 164,82692307692307; 0,041001733
5319; 0,015625; 0,015625; 164,90384615384616; 0,041020866
5320; 0,015625; 0,015625; 163,92307692307693; 0,04077689
5321; 0,015625; 0,015625; 164,48076923076923; 0,040915623
5322; 0,015625; 0,015625; 165,19230769230768; 0,04109262
5323; 0,015625; 0,015625; 164,59615384615384; 0,040944323
5324; 0,015625; 0,015625; 164,82692307692307; 0,04100173
5325; 0,015625; 0,015625; 164,26923076923077; 0,040863
5326; 0,015625; 0,015625; 165,05769230769232; 0,041059133
5327; 0,015625; 0,015625; 165,01923076923077; 0,041049566
5328; 0,015625; 0,015625; 165,23076923076923; 0,041102193
5329; 0,015625; 0,015625; 164,01923076923077; 0,04080081
5330; 0,015625; 0,015625; 164,44230769230768; 0,040906053
5331; 0,015625; 0,015625; 164,6346153846154; 0,040953893
5332; 0,015625; 0,015625; 165,1153846153846; 0,041073486
5333; 0,015625; 0,015625; 164,78846153846155; 0,040992163
5334; 0,015625; 0,015625; 165,57692307692307; 0,041188292
5335; 0,015625; 0,015625; 164,84615384615384; 0,04100652
5336; 0,015625; 0,015625; 164,67307692307693; 0,040963463
5337; 0,015625; 0,015625; 164,73076923076923; 0,040977813
5338; 0,015625; 0,015625; 164,82692307692307; 0,04100173
5339; 0,015625; 0,015625; 165,3846153846154; 0,04114046
5340; 0,015625; 0,015625; 164,5; 0,040920403
5341; 0,015625; 0,015625; 165,28846153846155; 0,041116536
5342; 0,015625; 0,015625; 168,32692307692307; 0,041872375
5343; 0,015625; 0,015625; 164,76923076923077; 0,040987387
5344; 0,015625; 0,015625; 165,1346153846154; 0,041078266
5345; 0,015625; 0,015625; 164,44230769230768; 0,040906053
5346; 0,015625; 0,015625; 164,80769230769232; 0,040996943
5347; 0,015625; 0,015625; 165,71153846153845; 0,041221783
5348; 0,015625; 0,015625; 164,67307692307693; 0,040963463
5349; 0,015625; 0,015625; 165,5; 0,04116916
5350; 0,015625; 0,015625; 164,80769230769232; 0,040996946
5351; 0,015625; 0,015625; 164,44230769230768; 0,040906053
5352; 0,015625; 0,015625; 165,1346153846154; 0,041078266
5353; 0,015625; 0,015625; 164,57692307692307; 0,040939547
5354; 0,015625; 0,015625; 164,71153846153845; 0,040973023
5355; 0,015625; 0,015625; 165,6153846153846; 0,04119786
5356; 0,015625; 0,015625; 165,09615384615384; 0,0410687
5357; 0,015625; 0,015625; 164,80769230769232; 0,040996943
5358; 0,015625; 0,015625; 164,3653846153846; 0,04088692
5359; 0,015625; 0,015625; 164,59615384615384; 0,040944323
5360; 0,015625; 0,015625; 164,55769230769232; 0,04093476
5361; 0,015625; 0,015625; 164,98076923076923; 0,041039996
5362; 0,015625; 0,015625; 164,80769230769232; 0,040996946
5363; 0,015625; 0,015625; 165,01923076923077; 0,041049562
5364; 0,015625; 0,015625; 164,92307692307693; 0,041025646
5365; 0,015625; 0,015625; 165,25; 0,041106973
5366; 0,015625; 0,015625; 164,34615384615384; 0,040882137
5367; 0,015625; 0,015625; 164,6153846153846; 0,040949114
5368; 0,015625; 0,015625; 165,01923076923077; 0,041049566
5369; 0,015625; 0,015625; 164,19230769230768; 0,040843863
5370; 0,015625; 0,015625; 165,8653846153846; 0,041260056
5371; 0,015625; 0,015625; 165,1153846153846; 0,041073486
5372; 0,015625; 0,015625; 164,8846153846154; 0,041016087
5373; 0,015625; 0,015625; 165,03846153846155; 0,041054353
5374; 0,015625; 0,015625; 164,96153846153845; 0,041035216
5375; 0,015625; 0,015625; 165,34615384615384; 0,041130893
5376; 0,015625; 0,015625; 164,67307692307693; 0,040963456
5377; 0,015625; 0,015625; 164,76923076923077; 0,04098738
5378; 0,015625; 0,015625; 166,65384615384616; 0,04145619
5379; 0,015625; 0,015625; 165,01923076923077; 0,041049566
5380; 0,015625; 0,015625; 164,75; 0,040982597
5381; 0,015625; 0,015625; 163,6346153846154; 0,04070514
5382; 0,015625; 0,015625; 164,55769230769232; 0,040934756
5383; 0,015625; 0,015625; 164,71153846153845; 0,04097303
5384; 0,015625; 0,015625; 165,01923076923077; 0,041049562
5385; 0,015625; 0,015625; 164,67307692307693; 0,040963456
5386; 0,015625; 0,015625; 166,57692307692307; 0,04143705
5387; 0,015625; 0,015625; 166,09615384615384; 0,041317463
5388; 0,015625; 0,015625; 164,05769230769232; 0,040810373
5389; 0,015625; 0,015625; 164,90384615384616; 0,041020866
5390; 0,015625; 0,015625; 164,55769230769232; 0,04093476
5391; 0,015625; 0,015625; 165,03846153846155; 0,04105435
5392; 0,015625; 0,015625; 164,73076923076923; 0,04097781
5393; 0,015625; 0,015625; 164,44230769230768; 0,040906053
5394; 0,015625; 0,015625; 165,73076923076923; 0,041226566
5395; 0,015625; 0,015625; 164,67307692307693; 0,040963467
5396; 0,015625; 0,015625; 165,19230769230768; 0,04109262
5397; 0,015625; 0,015625; 165,19230769230768; 0,04109262
5398; 0,015625; 0,015625; 165,78846153846155; 0,041240923
5399; 0,015625; 0,015625; 164,73076923076923; 0,040977813
5400; 0,015625; 0,015625; 164,17307692307693; 0,04083908
5401; 0,015625; 0,015625; 165,71153846153845; 0,04122178
5402; 0,015625; 0,015625; 163,98076923076923; 0,040791247
5403; 0,015625; 0,015625; 164,5; 0,040920403
5404; 0,015625; 0,015625; 164,82692307692307; 0,041001733
5405; 0,015625; 0,015625; 164,96153846153845; 0,041035216
5406; 0,015625; 0,015625; 163,59615384615384; 0,040695563
5407; 0,015625; 0,015625; 165,34615384615384; 0,041130893
5408; 0,015625; 0,015625; 164,92307692307693; 0,04102564
5409; 0,015625; 0,015625; 165,23076923076923; 0,04110219
5410; 0,015625; 0,015625; 164,21153846153845; 0,040848646
5411; 0,015625; 0,015625; 164,26923076923077; 0,040863
5412; 0,015625; 0,015625; 164,98076923076923; 0,04104
5413; 0,015625; 0,015625; 164,44230769230768; 0,040906053
5414; 0,015625; 0,015625; 164,78846153846155; 0,040992163
5415; 0,015625; 0,015625; 163,96153846153845; 0,04078646
5416; 0,015625; 0,015625; 164,96153846153845; 0,041035216
5417; 0,015625; 0,015625; 165,75; 0,04123135
5418; 0,015625; 0,015625; 166,15384615384616; 0,04133181
5419; 0,015625; 0,015625; 164,8846153846154; 0,041016083
5420; 0,015625; 0,015625; 165,05769230769232; 0,041059136
5421; 0,015625; 0,015625; 166,32692307692307; 0,041374866
5422; 0,015625; 0,015625; 164,8653846153846; 0,041011296
5423; 0,015625; 0,015625; 164,82692307692307; 0,04100173
5424; 0,015625; 0,015625; 164,82692307692307; 0,04100173
5425; 0,015625; 0,015625; 165,05769230769232; 0,041059133
5426; 0,015625; 0,015625; 164,53846153846155; 0,04092997
5427; 0,015625; 0,015625; 164,96153846153845; 0,041035216
5428; 0,015625; 0,015625; 164,82692307692307; 0,04100173
5429; 0,015625; 0,015625; 164,8653846153846; 0,041011292
5430; 0,015625; 0,015625; 164,48076923076923; 0,040915623
5431; 0,015625; 0,015625; 165,3846153846154; 0,041140456
5432; 0,015625; 0,015625; 165,07692307692307; 0,041063923
5433; 0,015625; 0,015625; 164,51923076923077; 0,040925186
5434; 0,015625; 0,015625; 164,01923076923077; 0,04080081
5435; 0,015625; 0,015625; 164,6153846153846; 0,040949106
5436; 0,015625; 0,015625; 165,09615384615384; 0,041068695
5437; 0,015625; 0,015625; 164,59615384615384; 0,04094432
5438; 0,015625; 0,015625; 164,8653846153846; 0,0410113
5439; 0,015625; 0,015625; 164,84615384615384; 0,04100651
5440; 0,015625; 0,015625; 164,15384615384616; 0,0408343
5441; 0,015625; 0,015625; 165,1153846153846; 0,041073486
5442; 0,015625; 0,015625; 165,17307692307693; 0,041087832
5443; 0,015625; 0,015625; 164,92307692307693; 0,041025653
5444; 0,015625; 0,015625; 163,80769230769232; 0,040748194
5445; 0,015625; 0,015625; 164,8653846153846; 0,041011292
5446; 0,015625; 0,015625; 164,46153846153845; 0,040910836
5447; 0,015625; 0,015625; 164,98076923076923; 0,041040003
5448; 0,015625; 0,015625; 165,44230769230768; 0,04115481
5449; 0,015625; 0,015625; 163,82692307692307; 0,040752973
5450; 0,015625; 0,015625; 165,23076923076923; 0,041102186
5451; 0,015625; 0,015625; 164,67307692307693; 0,04096345
5452; 0,015625; 0,015625; 164,1346153846154; 0,040829506
5453; 0,015625; 0,015625; 165,05769230769232; 0,041059136
5454; 0,015625; 0,015625; 165,44230769230768; 0,04115481
5455; 0,015625; 0,015625; 164,75; 0,040982597
5456; 0,015625; 0,015625; 164,51923076923077; 0,040925197
5457; 0,015625; 0,015625; 166,09615384615384; 0,041317463
5458; 0,015625; 0,015625; 164,46153846153845; 0,040910844
5459; 0,015625; 0,015625; 165,1346153846154; 0,04107827
5460; 0,015625; 0,015625; 164,84615384615384; 0,04100651
5461; 0,015625; 0,015625; 164,07692307692307; 0,040815167
5462; 0,015625; 0,015625; 164,44230769230768; 0,040906053
5463; 0,015625; 0,015625; 164,40384615384616; 0,04089649
5464; 0,015625; 0,015625; 164,76923076923077; 0,04098738
5465; 0,015625; 0,015625; 164,76923076923077; 0,04098738
5466; 0,015625; 0,015625; 164,92307692307693; 0,041025653
5467; 0,015625; 0,015625; 166,26923076923077; 0,041360512
5468; 0,015625; 0,015625; 165,82692307692307; 0,041250486
5469; 0,015625; 0,015625; 166,0; 0,04129354
5470; 0,015625; 0,015625; 163,73076923076923; 0,04072905
5471; 0,015625; 0,015625; 165,6346153846154; 0,041202646
5472; 0,015625; 0,015625; 164,32692307692307; 0,04087735
5473; 0,015625; 0,015625; 166,40384615384616; 0,041394
5474; 0,015625; 0,015625; 164,1346153846154; 0,040829513
5475; 0,015625; 0,015625; 163,92307692307693; 0,04077689
5476; 0,015625; 0,015625; 164,98076923076923; 0,04104
5477; 0,015625; 0,015625; 164,78846153846155; 0,040992163
5478; 0,015625; 0,015625; 164,40384615384616; 0,040896483
5479; 0,015625; 0,015625; 165,07692307692307; 0,04106392
5480; 0,015625; 0,015625; 164,3846153846154; 0,040891703
5481; 0,015625; 0,015625; 164,82692307692307; 0,041001722
5482; 0,015625; 0,015625; 165,46153846153845; 0,041159593
5483; 0,015625; 0,015625; 163,90384615384616; 0,040772114
5484; 0,015625; 0,015625; 164,3653846153846; 0,04088692
5485; 0,015625; 0,015625; 164,82692307692307; 0,041001733
5486; 0,015625; 0,015625; 164,53846153846155; 0,040929973
5487; 0,015625; 0,015625; 165,23076923076923; 0,04110219
5488; 0,015625; 0,015625; 164,28846153846155; 0,04086778
5489; 0,015625; 0,015625; 164,6346153846154; 0,04095389
5490; 0,015625; 0,015625; 165,30769230769232; 0,041121323
5491; 0,015625; 0,015625; 165,73076923076923; 0,041226566
5492; 0,015625; 0,015625; 164,25; 0,040858217
5493; 0,015625; 0,015625; 164,65384615384616; 0,040958676
5494; 0,015625; 0,015625; 164,5; 0,040920403
5495; 0,015625; 0,015625; 164,59615384615384; 0,04094432
5496; 0,015625; 0,015625; 165,3846153846154; 0,041140456
5497; 0,015625; 0,015625; 165,07692307692307; 0,04106392
5498; 0,015625; 0,015625; 164,6346153846154; 0,04095389
5499; 0,015625; 0,015625; 166,07692307692307; 0,04131268
5500; 0,015625; 0,015625; 164,94230769230768; 0,04103044
5501; 0,015625; 0,015625; 164,3846153846154; 0,040891703
5502; 0,015625; 0,015625; 165,44230769230768; 0,04115481
5503; 0,015625; 0,015625; 165,8846153846154; 0,041264836
5504; 0,015625; 0,015625; 165,21153846153845; 0,041097403
5505; 0,015625; 0,015625; 165,6346153846154; 0,041202657
5506; 0,015625; 0,015625; 164,71153846153845; 0,040973026
5507; 0,015625; 0,015625; 165,73076923076923; 0,041226566
5508; 0,015625; 0,015625; 165,09615384615384; 0,041068695
5509; 0,015625; 0,015625; 164,46153846153845; 0,040910833
5510; 0,015625; 0,015625; 165,0; 0,041044787
5511; 0,015625; 0,015625; 165,8846153846154; 0,041264836
5512; 0,015625; 0,015625; 164,75; 0,040982597
5513; 0,015625; 0,015625; 164,84615384615384; 0,04100651
5514; 0,015625; 0,015625; 164,73076923076923; 0,04097781
5515; 0,015625; 0,015625; 164,17307692307693; 0,040839083
5516; 0,015625; 0,015625; 164,30769230769232; 0,04087257
5517; 0,015625; 0,015625; 164,6346153846154; 0,040953893
5518; 0,015625; 0,015625; 165,21153846153845; 0,041097403
5519; 0,015625; 0,015625; 165,17307692307693; 0,041087832
5520; 0,015625; 0,015625; 164,53846153846155; 0,040929973
5521; 0,015625; 0,015625; 164,30769230769232; 0,04087257
5522; 0,015625; 0,015625; 165,03846153846155; 0,04105435
5523; 0,015625; 0,015625; 164,09615384615384; 0,040819947
5524; 0,015625; 0,015625; 164,8846153846154; 0,041016083
5525; 0,015625; 0,015625; 164,8653846153846; 0,0410113
5526; 0,015625; 0,015625; 164,84615384615384; 0,04100651
5527; 0,015625; 0,015625; 164,25; 0,040858217
5528; 0,015625; 0,015625; 163,71153846153845; 0,040724274
5529; 0,015625; 0,015625; 165,26923076923077; 0,041111752
5530; 0,015625; 0,015625; 163,67307692307693; 0,040714704
5531; 0,015625; 0,015625; 164,76923076923077; 0,04098738
5532; 0,015625; 0,015625; 164,5; 0,040920403
5533; 0,015625; 0,015625; 164,82692307692307; 0,04100173
5534; 0,015625; 0,015625; 166,57692307692307; 0,041437045
5535; 0,015625; 0,015625; 163,76923076923077; 0,040738624
5536; 0,015625; 0,015625; 165,3653846153846; 0,041135672
5537; 0,015625; 0,015625; 164,6153846153846; 0,040949106
5538; 0,015625; 0,015625; 165,30769230769232; 0,041121323
5539; 0,015625; 0,015625; 165,07692307692307; 0,04106392
5540; 0,015625; 0,015625; 164,69230769230768; 0,040968243
5541; 0,015625; 0,015625; 165,19230769230768; 0,04109262
5542; 0,015625; 0,015625; 165,01923076923077; 0,041049562
5543; 0,015625; 0,015625; 164,8846153846154; 0,041016083
5544; 0,015625; 0,015625; 163,44230769230768; 0,0406573
5545; 0,015625; 0,015625; 164,8846153846154; 0,041016083
5546; 0,015625; 0,015625; 164,6346153846154; 0,040953893
5547; 0,015625; 0,015625; 164,65384615384616; 0,04095868
5548; 0,015625; 0,015625; 165,90384615384616; 0,04126962
5549; 0,015625; 0,015625; 164,53846153846155; 0,04092997
5550; 0,015625; 0,015625; 164,42307692307693; 0,04090127
5551; 0,015625; 0,015625; 165,23076923076923; 0,041102186
5552; 0,015625; 0,015625; 165,3653846153846; 0,041135672
5553; 0,015625; 0,015625; 164,80769230769232; 0,04099695
5554; 0,015625; 0,015625; 163,8846153846154; 0,040767327
5555; 0,015625; 0,015625; 164,6153846153846; 0,04094911
5556; 0,015625; 0,015625; 165,15384615384616; 0,041083053
5557; 0,015625; 0,015625; 165,26923076923077; 0,041111752
5558; 0,015625; 0,015625; 165,76923076923077; 0,041236136
5559; 0,015625; 0,015625; 165,15384615384616; 0,041083056
5560; 0,015625; 0,015625; 164,28846153846155; 0,040867787
5561; 0,015625; 0,015625; 166,1346153846154; 0,041327033
5562; 0,015625; 0,015625; 164,67307692307693; 0,040963456
5563; 0,015625; 0,015625; 165,1346153846154; 0,041078273
5564; 0,015625; 0,015625; 165,1153846153846; 0,041073486
5565; 0,015625; 0,015625; 164,94230769230768; 0,04103043
5566; 0,015625; 0,015625; 164,94230769230768; 0,04103043
5567; 0,015625; 0,015625; 164,59615384615384; 0,040944323
5568; 0,015625; 0,015625; 164,98076923076923; 0,04104
5569; 0,015625; 0,015625; 164,8846153846154; 0,04101608
5570; 0,015625; 0,015625; 166,80769230769232; 0,041494455
5571; 0,015625; 0,015625; 164,84615384615384; 0,041006513
5572; 0,015625; 0,015625; 164,1346153846154; 0,040829513
5573; 0,015625; 0,015625; 164,55769230769232; 0,040934756
5574; 0,015625; 0,015625; 165,23076923076923; 0,041102186
5575; 0,015625; 0,015625; 166,03846153846155; 0,041303106
5576; 0,015625; 0,015625; 164,67307692307693; 0,040963467
5577; 0,015625; 0,015625; 164,19230769230768; 0,04084386
5578; 0,015625; 0,015625; 164,71153846153845; 0,040973026
5579; 0,015625; 0,015625; 165,30769230769232; 0,04112132
5580; 0,015625; 0,015625; 164,21153846153845; 0,04084865
5581; 0,015625; 0,015625; 163,8653846153846; 0,04076254
5582; 0,015625; 0,015625; 164,5; 0,040920403
5583; 0,015625; 0,015625; 164,05769230769232; 0,040810373
5584; 0,015625; 0,015625; 164,59615384615384; 0,040944323
5585; 0,015625; 0,015625; 164,8846153846154; 0,04101608
5586; 0,015625; 0,015625; 165,34615384615384; 0,041130893
5587; 0,015625; 0,015625; 165,90384615384616; 0,04126962
5588; 0,015625; 0,015625; 164,82692307692307; 0,04100173
5589; 0,015625; 0,015625; 166,51923076923077; 0,0414227
5590; 0,015625; 0,015625; 166,30769230769232; 0,041370075
5591; 0,015625; 0,015625; 165,96153846153845; 0,041283973
5592; 0,015625; 0,015625; 164,69230769230768; 0,04096824
5593; 0,015625; 0,015625; 164,96153846153845; 0,041035213
5594; 0,015625; 0,015625; 165,96153846153845; 0,04128398
5595; 0,015625; 0,015625; 164,84615384615384; 0,041006513
5596; 0,015625; 0,015625; 164,73076923076923; 0,04097781
5597; 0,015625; 0,015625; 165,19230769230768; 0,04109262
5598; 0,015625; 0,015625; 164,03846153846155; 0,040805597
5599; 0,015625; 0,015625; 165,92307692307693; 0,041274406
5600; 0,015625; 0,015625; 164,30769230769232; 0,04087257
5601; 0,015625; 0,015625; 165,15384615384616; 0,041083056
5602; 0,015625; 0,015625; 164,55769230769232; 0,04093476
5603; 0,015625; 0,015625; 164,34615384615384; 0,040882133
5604; 0,015625; 0,015625; 164,84615384615384; 0,041006513
5605; 0,015625; 0,015625; 164,55769230769232; 0,040934756
5606; 0,015625; 0,015625; 164,26923076923077; 0,040863004
5607; 0,015625; 0,015625; 164,78846153846155; 0,040992163
5608; 0,015625; 0,015625; 165,30769230769232; 0,041121323
5609; 0,015625; 0,015625; 165,51923076923077; 0,041173942
5610; 0,015625; 0,015625; 164,28846153846155; 0,040867783
5611; 0,015625; 0,015625; 164,98076923076923; 0,04104
5612; 0,015625; 0,015625; 165,30769230769232; 0,04112132
5613; 0,015625; 0,015625; 164,8653846153846; 0,041011292
5614; 0,015625; 0,015625; 165,01923076923077; 0,041049566
5615; 0,015625; 0,015625; 164,53846153846155; 0,040929973
5616; 0,015625; 0,015625; 164,80769230769232; 0,040996946
5617; 0,015625; 0,015625; 165,0; 0,041044787
5618; 0,015625; 0,015625; 165,03846153846155; 0,04105435
5619; 0,015625; 0,015625; 164,59615384615384; 0,040944323
5620; 0,015625; 0,015625; 165,05769230769232; 0,041059133
5621; 0,015625; 0,015625; 165,55769230769232; 0,041183516
5622; 0,015625; 0,015625; 164,0; 0,040796027
5623; 0,015625; 0,015625; 165,15384615384616; 0,041083056
5624; 0,015625; 0,015625; 164,65384615384616; 0,040958676
5625; 0,015625; 0,015625; 164,30769230769232; 0,04087257
5626; 0,015625; 0,015625; 165,1346153846154; 0,04107827
5627; 0,015625; 0,015625; 164,28846153846155; 0,04086778
5628; 0,015625; 0,015625; 167,01923076923077; 0,04154708
5629; 0,015625; 0,015625; 165,0; 0,041044787
5630; 0,015625; 0,015625; 164,57692307692307; 0,040939532
5631; 0,015625; 0,015625; 164,76923076923077; 0,040987376
5632; 0,015625; 0,015625; 165,05769230769232; 0,041059133
5633; 0,015625; 0,015625; 166,71153846153845; 0,041470543
5634; 0,015625; 0,015625; 165,15384615384616; 0,041083053
5635; 0,015625; 0,015625; 165,67307692307693; 0,041212216
5636; 0,015625; 0,015625; 164,71153846153845; 0,04097303
5637; 0,015625; 0,015625; 164,40384615384616; 0,040896483
5638; 0,015625; 0,015625; 164,94230769230768; 0,041030426
5639; 0,015625; 0,015625; 164,53846153846155; 0,040929973
5640; 0,015625; 0,015625; 165,25; 0,041106973
5641; 0,015625; 0,015625; 164,34615384615384; 0,040882133
5642; 0,015625; 0,015625; 165,01923076923077; 0,041049562
5643; 0,015625; 0,015625; 165,55769230769232; 0,041183513
5644; 0,015625; 0,015625; 164,55769230769232; 0,04093476
5645; 0,015625; 0,015625; 164,5; 0,04092041
5646; 0,015625; 0,015625; 164,15384615384616; 0,0408343
5647; 0,015625; 0,015625; 165,51923076923077; 0,04117394
5648; 0,015625; 0,015625; 166,8846153846154; 0,041513596
5649; 0,015625; 0,015625; 164,28846153846155; 0,040867783
5650; 0,015625; 0,015625; 165,65384615384616; 0,041207436
5651; 0,015625; 0,015625; 166,09615384615384; 0,041317455
5652; 0,015625; 0,015625; 164,76923076923077; 0,040987376
5653; 0,015625; 0,015625; 165,96153846153845; 0,041283973
5654; 0,015625; 0,015625; 164,5; 0,040920403
5655; 0,015625; 0,015625; 165,07692307692307; 0,04106391
5656; 0,015625; 0,015625; 164,42307692307693; 0,04090127
5657; 0,015625; 0,015625; 164,8846153846154; 0,04101608
5658; 0,015625; 0,015625; 164,90384615384616; 0,04102087
5659; 0,015625; 0,015625; 164,3846153846154; 0,0408917
5660; 0,015625; 0,015625; 165,07692307692307; 0,041063912
5661; 0,015625; 0,015625; 165,98076923076923; 0,041288756
5662; 0,015625; 0,015625; 165,09615384615384; 0,041068707
5663; 0,015625; 0,015625; 165,90384615384616; 0,041269623
5664; 0,015625; 0,015625; 164,6153846153846; 0,040949106
5665; 0,015625; 0,015625; 165,59615384615384; 0,041193083
5666; 0,015625; 0,015625; 166,09615384615384; 0,04131746
5667; 0,015625; 0,015625; 164,78846153846155; 0,04099216
5668; 0,015625; 0,015625; 164,30769230769232; 0,040872566
5669; 0,015625; 0,015625; 164,19230769230768; 0,040843867
5670; 0,015625; 0,015625; 164,01923076923077; 0,040800814
5671; 0,015625; 0,015625; 164,40384615384616; 0,040896483
5672; 0,015625; 0,015625; 164,98076923076923; 0,04104
5673; 0,015625; 0,015625; 165,82692307692307; 0,04125049
5674; 0,015625; 0,015625; 164,48076923076923; 0,040915627
5675; 0,015625; 0,015625; 164,34615384615384; 0,040882133
5676; 0,015625; 0,015625; 164,90384615384616; 0,041020866
5677; 0,015625; 0,015625; 166,46153846153845; 0,041408345
5678; 0,015625; 0,015625; 164,3653846153846; 0,04088692
5679; 0,015625; 0,015625; 164,90384615384616; 0,041020866
5680; 0,015625; 0,015625; 164,1153846153846; 0,040824734
5681; 0,015625; 0,015625; 164,34615384615384; 0,040882148
5682; 0,015625; 0,015625; 164,76923076923077; 0,040987376
5683; 0,015625; 0,015625; 164,8846153846154; 0,041016083
5684; 0,015625; 0,015625; 165,26923076923077; 0,04111176
5685; 0,015625; 0,015625; 165,15384615384616; 0,041083053
5686; 0,015625; 0,015625; 164,01923076923077; 0,040800814
5687; 0,015625; 0,015625; 165,07692307692307; 0,041063923
5688; 0,015625; 0,015625; 164,26923076923077; 0,040863004
5689; 0,015625; 0,015625; 164,67307692307693; 0,040963456
5690; 0,015625; 0,015625; 165,82692307692307; 0,041250486
5691; 0,015625; 0,015625; 164,75; 0,040982597
5692; 0,015625; 0,015625; 166,1153846153846; 0,041322235
5693; 0,015625; 0,015625; 165,51923076923077; 0,041173942
5694; 0,015625; 0,015625; 165,44230769230768; 0,04115481
5695; 0,015625; 0,015625; 163,59615384615384; 0,040695567
5696; 0,015625; 0,015625; 165,05769230769232; 0,041059136
5697; 0,015625; 0,015625; 165,53846153846155; 0,041178726
5698; 0,015625; 0,015625; 164,80769230769232; 0,04099695
5699; 0,015625; 0,015625; 164,09615384615384; 0,040819947
5700; 0,015625; 0,015625; 165,34615384615384; 0,041130893
5701; 0,015625; 0,015625; 164,84615384615384; 0,041006513
5702; 0,015625; 0,015625; 165,40384615384616; 0,041145243
5703; 0,015625; 0,015625; 163,76923076923077; 0,040738624
5704; 0,015625; 0,015625; 164,59615384615384; 0,04094433
5705; 0,015625; 0,015625; 164,6346153846154; 0,040953897
5706; 0,015625; 0,015625; 163,59615384615384; 0,04069557
5707; 0,015625; 0,015625; 164,94230769230768; 0,041030433
5708; 0,015625; 0,015625; 164,69230769230768; 0,040968243
5709; 0,015625; 0,015625; 164,78846153846155; 0,04099216
5710; 0,015625; 0,015625; 164,65384615384616; 0,04095867
5711; 0,015625; 0,015625; 165,8653846153846; 0,041260056
5712; 0,015625; 0,015625; 164,25; 0,040858217
5713; 0,015625; 0,015625; 165,1346153846154; 0,041078266
5714; 0,015625; 0,015625; 164,69230769230768; 0,040968243
5715; 0,015625; 0,015625; 165,17307692307693; 0,04108784
5716; 0,015625; 0,015625; 165,69230769230768; 0,041216996
5717; 0,015625; 0,015625; 165,15384615384616; 0,041083053
5718; 0,015625; 0,015625; 164,67307692307693; 0,040963456
5719; 0,015625; 0,015625; 165,98076923076923; 0,041288752
5720; 0,015625; 0,015625; 165,17307692307693; 0,04108784
5721; 0,015625; 0,015625; 164,73076923076923; 0,04097781
5722; 0,015625; 0,015625; 164,8653846153846; 0,041011296
5723; 0,015625; 0,015625; 165,03846153846155; 0,041054353
5724; 0,015625; 0,015625; 166,1153846153846; 0,041322246
5725; 0,015625; 0,015625; 166,1153846153846; 0,041322246
5726; 0,015625; 0,015625; 165,30769230769232; 0,041121326
5727; 0,015625; 0,015625; 164,90384615384616; 0,041020866
5728; 0,015625; 0,015625; 164,30769230769232; 0,04087257
5729; 0,015625; 0,015625; 164,90384615384616; 0,041020874
5730; 0,015625; 0,015625; 165,6346153846154; 0,041202646
5731; 0,015625; 0,015625; 165,17307692307693; 0,04108784
5732; 0,015625; 0,015625; 164,07692307692307; 0,04081516
5733; 0,015625; 0,015625; 165,8846153846154; 0,041264836
5734; 0,015625; 0,015625; 164,23076923076923; 0,040853433
5735; 0,015625; 0,015625; 164,92307692307693; 0,041025646
5736; 0,015625; 0,015625; 164,42307692307693; 0,040901266
5737; 0,015625; 0,015625; 164,84615384615384; 0,04100651
5738; 0,015625; 0,015625; 164,82692307692307; 0,04100173
5739; 0,015625; 0,015625; 164,17307692307693; 0,04083908
5740; 0,015625; 0,015625; 164,25; 0,040858217
5741; 0,015625; 0,015625; 164,34615384615384; 0,040882137
5742; 0,015625; 0,015625; 165,21153846153845; 0,041097403
5743; 0,015625; 0,015625; 165,69230769230768; 0,041216996
5744; 0,015625; 0,015625; 165,3653846153846; 0,041135676
5745; 0,015625; 0,015625; 165,6346153846154; 0,04120265
5746; 0,015625; 0,015625; 164,8653846153846; 0,0410113
5747; 0,015625; 0,015625; 165,46153846153845; 0,041159593
5748; 0,015625; 0,015625; 164,32692307692307; 0,04087735
5749; 0,015625; 0,015625; 164,44230769230768; 0,040906053
5750; 0,015625; 0,015625; 164,28846153846155; 0,040867783
5751; 0,015625; 0,015625; 165,65384615384616; 0,04120743
5752; 0,015625; 0,015625; 164,6153846153846; 0,040949102
5753; 0,015625; 0,015625; 165,3846153846154; 0,041140456
5754; 0,015625; 0,015625; 164,5; 0,0409204
5755; 0,015625; 0,015625; 164,75; 0,040982597
5756; 0,015625; 0,015625; 164,28846153846155; 0,040867787
5757; 0,015625; 0,015625; 164,55769230769232; 0,04093476
5758; 0,015625; 0,015625; 165,55769230769232; 0,041183513
5759; 0,015625; 0,015625; 164,80769230769232; 0,040996954
5760; 0,015625; 0,015625; 164,76923076923077; 0,04098738
5761; 0,015625; 0,015625; 165,34615384615384; 0,041130885
5762; 0,015625; 0,015625; 165,48076923076923; 0,041164376
5763; 0,015625; 0,015625; 164,82692307692307; 0,041001733
5764; 0,015625; 0,015625; 165,3653846153846; 0,041135676
5765; 0,015625; 0,015625; 164,71153846153845; 0,04097303
5766; 0,015625; 0,015625; 166,23076923076923; 0,041350946
5767; 0,015625; 0,015625; 164,6346153846154; 0,040953893
5768; 0,015625; 0,015625; 165,1346153846154; 0,04107827
5769; 0,015625; 0,015625; 164,6153846153846; 0,04094911
5770; 0,015625; 0,015625; 164,78846153846155; 0,040992163
5771; 0,015625; 0,015625; 163,48076923076923; 0,040666874
5772; 0,015625; 0,015625; 164,73076923076923; 0,04097781
5773; 0,015625; 0,015625; 165,65384615384616; 0,041207433
5774; 0,015625; 0,015625; 165,26923076923077; 0,04111176
5775; 0,015625; 0,015625; 165,17307692307693; 0,041087832
5776; 0,015625; 0,015625; 164,07692307692307; 0,040815167
5777; 0,015625; 0,015625; 164,80769230769232; 0,040996946
5778; 0,015625; 0,015625; 165,8846153846154; 0,04126484
5779; 0,015625; 0,015625; 165,23076923076923; 0,04110219
5780; 0,015625; 0,015625; 163,6346153846154; 0,04070514
5781; 0,015625; 0,015625; 165,26923076923077; 0,04111176
5782; 0,015625; 0,015625; 164,71153846153845; 0,04097303
5783; 0,015625; 0,015625; 164,84615384615384; 0,041006513
5784; 0,015625; 0,015625; 166,07692307692307; 0,041312676
5785; 0,015625; 0,015625; 165,03846153846155; 0,04105435
5786; 0,015625; 0,015625; 163,8846153846154; 0,04076732
5787; 0,015625; 0,015625; 165,25; 0,041106973
5788; 0,015625; 0,015625; 164,80769230769232; 0,040996946
5789; 0,015625; 0,015625; 164,6346153846154; 0,040953893
5790; 0,015625; 0,015625; 165,05769230769232; 0,041059136
5791; 0,015625; 0,015625; 166,15384615384616; 0,041331805
5792; 0,015625; 0,015625; 163,98076923076923; 0,040791247
5793; 0,015625; 0,015625; 165,44230769230768; 0,04115481
5794; 0,015625; 0,015625; 165,46153846153845; 0,041159593
5795; 0,015625; 0,015625; 164,75; 0,04098259
5796; 0,015625; 0,015625; 164,82692307692307; 0,041001733
5797; 0,015625; 0,015625; 165,32692307692307; 0,04112611
5798; 0,015625; 0,015625; 164,94230769230768; 0,04103043
5799; 0,015625; 0,015625; 164,90384615384616; 0,041020863
5800; 0,015625; 0,015625; 164,94230769230768; 0,04103043
5801; 0,015625; 0,015625; 164,75; 0,040982597
5802; 0,015625; 0,015625; 164,32692307692307; 0,040877346
5803; 0,015625; 0,015625; 164,46153846153845; 0,04091084
5804; 0,015625; 0,015625; 165,67307692307693; 0,041212216
5805; 0,015625; 0,015625; 165,8653846153846; 0,04126005
5806; 0,015625; 0,015625; 165,25; 0,041106977
5807; 0,015625; 0,015625; 164,44230769230768; 0,040906053
5808; 0,015625; 0,015625; 164,59615384615384; 0,040944323
5809; 0,015625; 0,015625; 164,6346153846154; 0,04095389
5810; 0,015625; 0,015625; 164,8846153846154; 0,04101608
5811; 0,015625; 0,015625; 164,90384615384616; 0,041020863
5812; 0,015625; 0,015625; 164,94230769230768; 0,041030433
5813; 0,015625; 0,015625; 164,55769230769232; 0,040934756
5814; 0,015625; 0,015625; 163,8653846153846; 0,040762544
5815; 0,015625; 0,015625; 165,1153846153846; 0,041073482
5816; 0,015625; 0,015625; 166,09615384615384; 0,04131746
5817; 0,015625; 0,015625; 165,17307692307693; 0,041087832
5818; 0,015625; 0,015625; 165,51923076923077; 0,041173942
5819; 0,015625; 0,015625; 164,34615384615384; 0,040882137
5820; 0,015625; 0,015625; 166,73076923076923; 0,041475322
5821; 0,015625; 0,015625; 164,5; 0,040920403
5822; 0,015625; 0,015625; 164,34615384615384; 0,040882137
5823; 0,015625; 0,015625; 164,3653846153846; 0,04088692
5824; 0,015625; 0,015625; 164,32692307692307; 0,04087735
5825; 0,015625; 0,015625; 164,53846153846155; 0,040929977
5826; 0,015625; 0,015625; 165,03846153846155; 0,041054353
5827; 0,015625; 0,015625; 166,03846153846155; 0,041303117
5828; 0,015625; 0,015625; 164,84615384615384; 0,041006513
5829; 0,015625; 0,015625; 164,67307692307693; 0,040963467
5830; 0,015625; 0,015625; 164,3846153846154; 0,040891703
5831; 0,015625; 0,015625; 166,09615384615384; 0,041317463
5832; 0,015625; 0,015625; 164,78846153846155; 0,040992163
5833; 0,015625; 0,015625; 164,6346153846154; 0,04095389
5834; 0,015625; 0,015625; 164,03846153846155; 0,040805593
5835; 0,015625; 0,015625; 164,23076923076923; 0,040853433
5836; 0,015625; 0,015625; 166,19230769230768; 0,04134138
5837; 0,015625; 0,015625; 165,26923076923077; 0,041111752
5838; 0,015625; 0,015625; 164,28846153846155; 0,040867783
5839; 0,015625; 0,015625; 165,46153846153845; 0,041159596
5840; 0,015625; 0,015625; 165,05769230769232; 0,041059133
5841; 0,015625; 0,015625; 163,5; 0,04067165
5842; 0,015625; 0,015625; 164,67307692307693; 0,040963456
5843; 0,015625; 0,015625; 164,75; 0,04098259
5844; 0,015625; 0,015625; 165,1153846153846; 0,041073486
5845; 0,015625; 0,015625; 166,5; 0,04141792
5846; 0,015625; 0,015625; 166,57692307692307; 0,041437052
5847; 0,015625; 0,015625; 165,07692307692307; 0,041063923
5848; 0,015625; 0,015625; 164,6346153846154; 0,040953897
5849; 0,015625; 0,015625; 165,32692307692307; 0,04112611
5850; 0,015625; 0,015625; 165,32692307692307; 0,041126106
5851; 0,015625; 0,015625; 164,75; 0,040982597
5852; 0,015625; 0,015625; 164,53846153846155; 0,040929973
5853; 0,015625; 0,015625; 165,80769230769232; 0,0412457
5854; 0,015625; 0,015625; 166,25; 0,041355733
5855; 0,015625; 0,015625; 164,84615384615384; 0,04100651
5856; 0,015625; 0,015625; 164,51923076923077; 0,040925186
5857; 0,015625; 0,015625; 167,42307692307693; 0,041647535
5858; 0,015625; 0,015625; 164,44230769230768; 0,040906053
5859; 0,015625; 0,015625; 164,53846153846155; 0,040929977
5860; 0,015625; 0,015625; 166,57692307692307; 0,041437052
5861; 0,015625; 0,015625; 165,17307692307693; 0,041087832
5862; 0,015625; 0,015625; 164,78846153846155; 0,040992163
5863; 0,015625; 0,015625; 164,90384615384616; 0,041020863
5864; 0,015625; 0,015625; 167,3653846153846; 0,04163319
5865; 0,015625; 0,015625; 165,51923076923077; 0,04117395
5866; 0,015625; 0,015625; 165,09615384615384; 0,0410687
5867; 0,015625; 0,015625; 164,48076923076923; 0,040915616
5868; 0,015625; 0,015625; 164,90384615384616; 0,041020863
5869; 0,015625; 0,015625; 164,40384615384616; 0,040896483
5870; 0,015625; 0,015625; 164,55769230769232; 0,04093476
5871; 0,015625; 0,015625; 166,8653846153846; 0,04150881
5872; 0,015625; 0,015625; 164,69230769230768; 0,040968243
5873; 0,015625; 0,015625; 164,09615384615384; 0,040819947
5874; 0,015625; 0,015625; 164,78846153846155; 0,04099216
5875; 0,015625; 0,015625; 165,23076923076923; 0,041102186
5876; 0,015625; 0,015625; 166,07692307692307; 0,041312672
5877; 0,015625; 0,015625; 164,21153846153845; 0,04084864
5878; 0,015625; 0,015625; 165,09615384615384; 0,041068707
5879; 0,015625; 0,015625; 166,19230769230768; 0,04134137
5880; 0,015625; 0,015625; 165,07692307692307; 0,04106392
5881; 0,015625; 0,015625; 164,07692307692307; 0,040815167
5882; 0,015625; 0,015625; 164,92307692307693; 0,041025646
5883; 0,015625; 0,015625; 165,09615384615384; 0,0410687
5884; 0,015625; 0,015625; 165,34615384615384; 0,041130885
5885; 0,015625; 0,015625; 164,34615384615384; 0,04088213
5886; 0,015625; 0,015625; 164,5; 0,04092041
5887; 0,015625; 0,015625; 165,30769230769232; 0,041121326
5888; 0,015625; 0,015625; 165,57692307692307; 0,041188296
5889; 0,015625; 0,015625; 165,09615384615384; 0,041068707
5890; 0,015625; 0,015625; 164,73076923076923; 0,040977817
5891; 0,015625; 0,015625; 164,28846153846155; 0,040867783
5892; 0,015625; 0,015625; 164,8653846153846; 0,0410113
5893; 0,015625; 0,015625; 164,73076923076923; 0,04097781
5894; 0,015625; 0,015625; 164,53846153846155; 0,040929973
5895; 0,015625; 0,015625; 164,3653846153846; 0,040886924
5896; 0,015625; 0,015625; 164,8846153846154; 0,04101608
5897; 0,015625; 0,015625; 165,1153846153846; 0,041073482
5898; 0,015625; 0,015625; 163,07692307692307; 0,040566403
5899; 0,015625; 0,015625; 166,09615384615384; 0,041317467
5900; 0,015625; 0,015625; 166,48076923076923; 0,041413132
5901; 0,015625; 0,015625; 163,67307692307693; 0,040714707
5902; 0,015625; 0,015625; 164,44230769230768; 0,040906053
5903; 0,015625; 0,015625; 164,73076923076923; 0,04097781
5904; 0,015625; 0,015625; 164,71153846153845; 0,040973026
5905; 0,015625; 0,015625; 165,17307692307693; 0,041087832
5906; 0,015625; 0,015625; 166,19230769230768; 0,04134137
5907; 0,015625; 0,015625; 164,53846153846155; 0,040929977
5908; 0,015625; 0,015625; 164,57692307692307; 0,040939543
5909; 0,015625; 0,015625; 164,67307692307693; 0,040963463
5910; 0,015625; 0,015625; 164,0; 0,040796027
5911; 0,015625; 0,015625; 164,71153846153845; 0,040973026
5912; 0,015625; 0,015625; 164,44230769230768; 0,04090605
5913; 0,015625; 0,015625; 164,59615384615384; 0,04094432
5914; 0,015625; 0,015625; 165,40384615384616; 0,041145243
5915; 0,015625; 0,015625; 164,8846153846154; 0,041016083
5916; 0,015625; 0,015625; 164,51923076923077; 0,04092519
5917; 0,015625; 0,015625; 165,21153846153845; 0,041097403
5918; 0,015625; 0,015625; 165,15384615384616; 0,041083053
5919; 0,015625; 0,015625; 165,40384615384616; 0,041145246
5920; 0,015625; 0,015625; 164,78846153846155; 0,04099216
5921; 0,015625; 0,015625; 165,1346153846154; 0,041078273
5922; 0,015625; 0,015625; 164,96153846153845; 0,041035216
5923; 0,015625; 0,015625; 165,42307692307693; 0,041150033
5924; 0,015625; 0,015625; 165,84615384615384; 0,041255277
5925; 0,015625; 0,015625; 165,1153846153846; 0,041073486
5926; 0,015625; 0,015625; 164,21153846153845; 0,04084865
5927; 0,015625; 0,015625; 164,80769230769232; 0,040996946
5928; 0,015625; 0,015625; 164,05769230769232; 0,04081038
5929; 0,015625; 0,015625; 164,82692307692307; 0,04100173
5930; 0,015625; 0,015625; 165,32692307692307; 0,0411261
5931; 0,015625; 0,015625; 163,8653846153846; 0,040762544
5932; 0,015625; 0,015625; 165,5; 0,041169163
5933; 0,015625; 0,015625; 165,82692307692307; 0,041250486
5934; 0,015625; 0,015625; 164,1346153846154; 0,040829513
5935; 0,015625; 0,015625; 165,05769230769232; 0,041059136
5936; 0,015625; 0,015625; 164,98076923076923; 0,04104
5937; 0,015625; 0,015625; 164,84615384615384; 0,041006513
5938; 0,015625; 0,015625; 166,1153846153846; 0,041322235
5939; 0,015625; 0,015625; 164,3653846153846; 0,04088692
5940; 0,015625; 0,015625; 164,80769230769232; 0,040996943
5941; 0,015625; 0,015625; 165,32692307692307; 0,041126106
5942; 0,015625; 0,015625; 164,92307692307693; 0,041025646
5943; 0,015625; 0,015625; 165,05769230769232; 0,041059133
5944; 0,015625; 0,015625; 165,26923076923077; 0,04111176
5945; 0,015625; 0,015625; 165,48076923076923; 0,041164376
5946; 0,015625; 0,015625; 164,51923076923077; 0,04092519
5947; 0,015625; 0,015625; 164,90384615384616; 0,04102087
5948; 0,015625; 0,015625; 164,98076923076923; 0,041039996
5949; 0,015625; 0,015625; 164,1346153846154; 0,040829513
5950; 0,015625; 0,015625; 164,8846153846154; 0,041016076
5951; 0,015625; 0,015625; 164,69230769230768; 0,040968243
5952; 0,015625; 0,015625; 165,17307692307693; 0,041087832
5953; 0,015625; 0,015625; 165,09615384615384; 0,041068707
5954; 0,015625; 0,015625; 166,0; 0,04129354
5955; 0,015625; 0,015625; 165,69230769230768; 0,041217003
5956; 0,015625; 0,015625; 164,40384615384616; 0,04089649
5957; 0,015625; 0,015625; 164,42307692307693; 0,04090127
5958; 0,015625; 0,015625; 165,48076923076923; 0,04116438
5959; 0,015625; 0,015625; 164,03846153846155; 0,040805597
5960; 0,015625; 0,015625; 165,32692307692307; 0,041126106
5961; 0,015625; 0,015625; 164,75; 0,04098259
5962; 0,015625; 0,015625; 164,57692307692307; 0,040939536
5963; 0,015625; 0,015625; 165,1346153846154; 0,04107827
5964; 0,015625; 0,015625; 164,84615384615384; 0,04100651
5965; 0,015625; 0,015625; 164,0; 0,040796034
5966; 0,015625; 0,015625; 164,30769230769232; 0,04087257
5967; 0,015625; 0,015625; 164,90384615384616; 0,041020866
5968; 0,015625; 0,015625; 165,01923076923077; 0,041049566
5969; 0,015625; 0,015625; 164,8846153846154; 0,041016076
5970; 0,015625; 0,015625; 164,53846153846155; 0,040929973
5971; 0,015625; 0,015625; 164,19230769230768; 0,040843867
5972; 0,015625; 0,015625; 164,96153846153845; 0,041035216
5973; 0,015625; 0,015625; 164,67307692307693; 0,040963463
5974; 0,015625; 0,015625; 165,46153846153845; 0,041159596
5975; 0,015625; 0,015625; 165,65384615384616; 0,04120743
5976; 0,015625; 0,015625; 164,3653846153846; 0,04088692
5977; 0,015625; 0,015625; 164,76923076923077; 0,040987376
5978; 0,015625; 0,015625; 163,80769230769232; 0,040748186
5979; 0,015625; 0,015625; 164,3653846153846; 0,04088692
5980; 0,015625; 0,015625; 164,57692307692307; 0,040939532
5981; 0,015625; 0,015625; 165,6153846153846; 0,04119787
5982; 0,015625; 0,015625; 164,69230769230768; 0,040968243
5983; 0,015625; 0,015625; 164,67307692307693; 0,040963456
5984; 0,015625; 0,015625; 165,51923076923077; 0,04117394
5985; 0,015625; 0,015625; 164,80769230769232; 0,040996946
5986; 0,015625; 0,015625; 164,59615384615384; 0,040944323
5987; 0,015625; 0,015625; 166,0; 0,04129354
5988; 0,015625; 0,015625; 164,71153846153845; 0,04097303
5989; 0,015625; 0,015625; 164,57692307692307; 0,040939543
5990; 0,015625; 0,015625; 165,05769230769232; 0,041059133
5991; 0,015625; 0,015625; 164,15384615384616; 0,04083429
5992; 0,015625; 0,015625; 164,71153846153845; 0,040973026
5993; 0,015625; 0,015625; 165,6153846153846; 0,041197862
5994; 0,015625; 0,015625; 165,57692307692307; 0,041188296
5995; 0,015625; 0,015625; 165,09615384615384; 0,041068707
5996; 0,015625; 0,015625; 164,19230769230768; 0,040843863
5997; 0,015625; 0,015625; 165,44230769230768; 0,04115481
5998; 0,015625; 0,015625; 163,46153846153845; 0,040662084
5999; 0,015625; 0,015625; 164,6346153846154; 0,040953893
6000; 0,015625; 0,015625; 165,8653846153846; 0,04126006
6001; 0,015625; 0,015625; 164,69230769230768; 0,040968243
6002; 0,015625; 0,015625; 163,59615384615384; 0,04069557
6003; 0,015625; 0,015625; 165,01923076923077; 0,041049566
6004; 0,015625; 0,015625; 165,46153846153845; 0,041159593
6005; 0,015625; 0,015625; 165,75; 0,041231353
6006; 0,015625; 0,015625; 165,25; 0,041106973
6007; 0,015625; 0,015625; 165,26923076923077; 0,041111752
6008; 0,015625; 0,015625; 164,53846153846155; 0,040929973
6009; 0,015625; 0,015625; 165,26923076923077; 0,04111176
6010; 0,015625; 0,015625; 164,59615384615384; 0,04094432
6011; 0,015625; 0,015625; 164,6346153846154; 0,040953893
6012; 0,015625; 0,015625; 164,28846153846155; 0,040867783
6013; 0,015625; 0,015625; 165,5; 0,041169167
6014; 0,015625; 0,015625; 165,34615384615384; 0,041130893
6015; 0,015625; 0,015625; 164,82692307692307; 0,041001733
6016; 0,015625; 0,015625; 165,05769230769232; 0,041059133
6017; 0,015625; 0,015625; 163,78846153846155; 0,040743407
6018; 0,015625; 0,015625; 164,82692307692307; 0,041001733
6019; 0,015625; 0,015625; 164,69230769230768; 0,04096824
6020; 0,015625; 0,015625; 164,34615384615384; 0,040882133
6021; 0,015625; 0,015625; 163,8846153846154; 0,040767327
6022; 0,015625; 0,015625; 164,67307692307693; 0,040963456
6023; 0,015625; 0,015625; 163,67307692307693; 0,0407147
6024; 0,015625; 0,015625; 165,09615384615384; 0,0410687
6025; 0,015625; 0,015625; 164,96153846153845; 0,04103522
6026; 0,015625; 0,015625; 165,01923076923077; 0,041049562
6027; 0,015625; 0,015625; 164,3846153846154; 0,040891703
6028; 0,015625; 0,015625; 164,34615384615384; 0,040882133
6029; 0,015625; 0,015625; 165,07692307692307; 0,04106392
6030; 0,015625; 0,015625; 165,32692307692307; 0,041126106
6031; 0,015625; 0,015625; 165,67307692307693; 0,041212216
6032; 0,015625; 0,015625; 165,44230769230768; 0,0411548
6033; 0,015625; 0,015625; 165,03846153846155; 0,04105435
6034; 0,015625; 0,015625; 164,44230769230768; 0,040906053
6035; 0,015625; 0,015625; 164,51923076923077; 0,040925182
6036; 0,015625; 0,015625; 165,21153846153845; 0,041097406
6037; 0,015625; 0,015625; 166,07692307692307; 0,041312676
6038; 0,015625; 0,015625; 164,8846153846154; 0,04101608
6039; 0,015625; 0,015625; 164,8846153846154; 0,041016083
6040; 0,015625; 0,015625; 165,53846153846155; 0,04117873
6041; 0,015625; 0,015625; 165,21153846153845; 0,041097403
6042; 0,015625; 0,015625; 164,8653846153846; 0,0410113
6043; 0,015625; 0,015625; 165,46153846153845; 0,04115959
6044; 0,015625; 0,015625; 165,0; 0,041044787
6045; 0,015625; 0,015625; 164,34615384615384; 0,040882133
6046; 0,015625; 0,015625; 164,03846153846155; 0,040805593
6047; 0,015625; 0,015625; 164,94230769230768; 0,041030433
6048; 0,015625; 0,015625; 164,59615384615384; 0,040944323
6049; 0,015625; 0,015625; 164,75; 0,040982597
6050; 0,015625; 0,015625; 165,30769230769232; 0,041121323
6051; 0,015625; 0,015625; 164,96153846153845; 0,041035216
6052; 0,015625; 0,015625; 165,01923076923077; 0,041049566
6053; 0,015625; 0,015625; 164,53846153846155; 0,040929973
6054; 0,015625; 0,015625; 164,57692307692307; 0,040939543
6055; 0,015625; 0,015625; 164,15384615384616; 0,0408343
6056; 0,015625; 0,015625; 164,19230769230768; 0,040843863
6057; 0,015625; 0,015625; 167,46153846153845; 0,041657105
6058; 0,015625; 0,015625; 164,40384615384616; 0,040896483
6059; 0,015625; 0,015625; 165,25; 0,041106977
6060; 0,015625; 0,015625; 165,09615384615384; 0,0410687
6061; 0,015625; 0,015625; 164,8653846153846; 0,041011292
6062; 0,015625; 0,015625; 164,75; 0,04098259
6063; 0,015625; 0,015625; 164,25; 0,040858217
6064; 0,015625; 0,015625; 164,96153846153845; 0,041035213
6065; 0,015625; 0,015625; 164,07692307692307; 0,040815167
6066; 0,015625; 0,015625; 165,03846153846155; 0,041054353
6067; 0,015625; 0,015625; 165,57692307692307; 0,0411883
6068; 0,015625; 0,015625; 164,25; 0,040858213
6069; 0,015625; 0,015625; 166,23076923076923; 0,041350942
6070; 0,015625; 0,015625; 164,48076923076923; 0,040915616
6071; 0,015625; 0,015625; 164,44230769230768; 0,040906053
6072; 0,015625; 0,015625; 165,46153846153845; 0,041159593
6073; 0,015625; 0,015625; 165,1153846153846; 0,041073486
6074; 0,015625; 0,015625; 165,0; 0,041044787
6075; 0,015625; 0,015625; 163,90384615384616; 0,040772114
6076; 0,015625; 0,015625; 166,6153846153846; 0,041446622
6077; 0,015625; 0,015625; 165,57692307692307; 0,041188296
6078; 0,015625; 0,015625; 164,65384615384616; 0,040958676
6079; 0,015625; 0,015625; 164,59615384615384; 0,04094432
6080; 0,015625; 0,015625; 165,28846153846155; 0,04111654
6081; 0,015625; 0,015625; 164,6153846153846; 0,040949106
6082; 0,015625; 0,015625; 164,71153846153845; 0,040973026
6083; 0,015625; 0,015625; 164,3653846153846; 0,04088692
6084; 0,015625; 0,015625; 165,55769230769232; 0,041183516
6085; 0,015625; 0,015625; 164,32692307692307; 0,040877346
6086; 0,015625; 0,015625; 166,96153846153845; 0,04153273
6087; 0,015625; 0,015625; 165,30769230769232; 0,04112132
6088; 0,015625; 0,015625; 165,15384615384616; 0,041083053
6089; 0,015625; 0,015625; 165,19230769230768; 0,041092627
6090; 0,015625; 0,015625; 164,19230769230768; 0,040843863
6091; 0,015625; 0,015625; 164,53846153846155; 0,040929973
6092; 0,015625; 0,015625; 164,78846153846155; 0,04099216
6093; 0,015625; 0,015625; 165,46153846153845; 0,041159596
6094; 0,015625; 0,015625; 164,6346153846154; 0,040953893
6095; 0,015625; 0,015625; 165,17307692307693; 0,041087843
6096; 0,015625; 0,015625; 165,0; 0,041044787
6097; 0,015625; 0,015625; 165,09615384615384; 0,0410687
6098; 0,015625; 0,015625; 165,6153846153846; 0,04119786
6099; 0,015625; 0,015625; 165,32692307692307; 0,04112611
6100; 0,015625; 0,015625; 165,3653846153846; 0,041135672
6101; 0,015625; 0,015625; 164,57692307692307; 0,040939547
6102; 0,015625; 0,015625; 164,6153846153846; 0,040949106
6103; 0,015625; 0,015625; 165,23076923076923; 0,04110219
6104; 0,015625; 0,015625; 164,8846153846154; 0,04101608
6105; 0,015625; 0,015625; 165,80769230769232; 0,0412457
6106; 0,015625; 0,015625; 164,69230769230768; 0,040968243
6107; 0,015625; 0,015625; 165,42307692307693; 0,041150026
6108; 0,015625; 0,015625; 164,1346153846154; 0,040829513
6109; 0,015625; 0,015625; 164,96153846153845; 0,041035216
6110; 0,015625; 0,015625; 165,3653846153846; 0,041135676
6111; 0,015625; 0,015625; 165,03846153846155; 0,04105435
6112; 0,015625; 0,015625; 164,8653846153846; 0,041011296
6113; 0,015625; 0,015625; 164,92307692307693; 0,041025653
6114; 0,015625; 0,015625; 164,71153846153845; 0,040973026
6115; 0,015625; 0,015625; 165,0; 0,041044787
6116; 0,015625; 0,015625; 166,57692307692307; 0,041437052
6117; 0,015625; 0,015625; 165,76923076923077; 0,04123613
6118; 0,015625; 0,015625; 165,07692307692307; 0,041063912
6119; 0,015625; 0,015625; 166,65384615384616; 0,041456185
6120; 0,015625; 0,015625; 165,03846153846155; 0,04105435
6121; 0,015625; 0,015625; 164,82692307692307; 0,041001733
6122; 0,015625; 0,015625; 165,23076923076923; 0,041102193
6123; 0,015625; 0,015625; 164,09615384615384; 0,040819947
6124; 0,015625; 0,015625; 164,21153846153845; 0,04084865
6125; 0,015625; 0,015625; 165,96153846153845; 0,04128397
6126; 0,015625; 0,015625; 164,65384615384616; 0,040958676
6127; 0,015625; 0,015625; 165,03846153846155; 0,04105435
6128; 0,015625; 0,015625; 164,94230769230768; 0,04103044
6129; 0,015625; 0,015625; 164,5; 0,040920403
6130; 0,015625; 0,015625; 166,44230769230768; 0,041403566
6131; 0,015625; 0,015625; 164,51923076923077; 0,040925182
6132; 0,015625; 0,015625; 168,23076923076923; 0,04184846
6133; 0,015625; 0,015625; 166,34615384615384; 0,04137965
6134; 0,015625; 0,015625; 164,6153846153846; 0,040949102
6135; 0,015625; 0,015625; 164,90384615384616; 0,041020866
6136; 0,015625; 0,015625; 164,19230769230768; 0,040843863
6137; 0,015625; 0,015625; 164,92307692307693; 0,041025646
6138; 0,015625; 0,015625; 166,59615384615384; 0,041441843
6139; 0,015625; 0,015625; 163,90384615384616; 0,040772114
6140; 0,015625; 0,015625; 164,6346153846154; 0,04095389
6141; 0,015625; 0,015625; 164,92307692307693; 0,041025646
6142; 0,015625; 0,015625; 165,25; 0,041106973
6143; 0,015625; 0,015625; 164,96153846153845; 0,041035216
6144; 0,015625; 0,015625; 165,0; 0,04104478
6145; 0,015625; 0,015625; 164,92307692307693; 0,041025653
6146; 0,015625; 0,015625; 165,51923076923077; 0,041173942
6147; 0,015625; 0,015625; 164,55769230769232; 0,040934756
6148; 0,015625; 0,015625; 164,40384615384616; 0,040896483
6149; 0,015625; 0,015625; 165,1153846153846; 0,041073482
6150; 0,015625; 0,015625; 164,96153846153845; 0,04103521
6151; 0,015625; 0,015625; 164,40384615384616; 0,04089648
6152; 0,015625; 0,015625; 165,07692307692307; 0,04106392
6153; 0,015625; 0,015625; 166,01923076923077; 0,041298326
6154; 0,015625; 0,015625; 165,26923076923077; 0,04111176
6155; 0,015625; 0,015625; 164,82692307692307; 0,041001722
6156; 0,015625; 0,015625; 164,44230769230768; 0,040906053
6157; 0,015625; 0,015625; 163,98076923076923; 0,040791247
6158; 0,015625; 0,015625; 164,17307692307693; 0,04083908
6159; 0,015625; 0,015625; 165,17307692307693; 0,04108784
6160; 0,015625; 0,015625; 165,46153846153845; 0,04115959
6161; 0,015625; 0,015625; 164,84615384615384; 0,04100652
6162; 0,015625; 0,015625; 164,78846153846155; 0,040992163
6163; 0,015625; 0,015625; 164,8846153846154; 0,04101608
6164; 0,015625; 0,015625; 164,92307692307693; 0,041025653
6165; 0,015625; 0,015625; 164,19230769230768; 0,040843867
6166; 0,015625; 0,015625; 165,59615384615384; 0,041193083
6167; 0,015625; 0,015625; 165,94230769230768; 0,04127919
6168; 0,015625; 0,015625; 164,23076923076923; 0,040853433
6169; 0,015625; 0,015625; 163,84615384615384; 0,040757757
6170; 0,015625; 0,015625; 165,94230769230768; 0,041279193
6171; 0,015625; 0,015625; 164,84615384615384; 0,041006513
6172; 0,015625; 0,015625; 164,67307692307693; 0,040963456
6173; 0,015625; 0,015625; 164,92307692307693; 0,041025646
6174; 0,015625; 0,015625; 165,03846153846155; 0,041054353
6175; 0,015625; 0,015625; 165,6346153846154; 0,04120265
6176; 0,015625; 0,015625; 164,90384615384616; 0,041020863
6177; 0,015625; 0,015625; 164,32692307692307; 0,04087735
6178; 0,015625; 0,015625; 165,65384615384616; 0,04120743
6179; 0,015625; 0,015625; 165,32692307692307; 0,041126106
6180; 0,015625; 0,015625; 164,76923076923077; 0,040987376
6181; 0,015625; 0,015625; 165,0; 0,041044775
6182; 0,015625; 0,015625; 164,42307692307693; 0,04090127
6183; 0,015625; 0,015625; 164,94230769230768; 0,04103043
6184; 0,015625; 0,015625; 164,6153846153846; 0,04094911
6185; 0,015625; 0,015625; 165,17307692307693; 0,041087843
6186; 0,015625; 0,015625; 164,59615384615384; 0,04094432
6187; 0,015625; 0,015625; 166,75; 0,04148011
6188; 0,015625; 0,015625; 164,23076923076923; 0,040853433
6189; 0,015625; 0,015625; 165,40384615384616; 0,041145243
6190; 0,015625; 0,015625; 165,3653846153846; 0,041135672
6191; 0,015625; 0,015625; 163,76923076923077; 0,040738624
6192; 0,015625; 0,015625; 163,73076923076923; 0,040729053
6193; 0,015625; 0,015625; 166,1153846153846; 0,041322235
6194; 0,015625; 0,015625; 165,15384615384616; 0,041083056
6195; 0,015625; 0,015625; 164,69230769230768; 0,040968243
6196; 0,015625; 0,015625; 164,51923076923077; 0,040925186
6197; 0,015625; 0,015625; 165,26923076923077; 0,041111752
6198; 0,015625; 0,015625; 165,53846153846155; 0,041178726
6199; 0,015625; 0,015625; 165,75; 0,04123135
6200; 0,015625; 0,015625; 165,94230769230768; 0,04127919
6201; 0,015625; 0,015625; 164,55769230769232; 0,04093475
6202; 0,015625; 0,015625; 164,51923076923077; 0,040925186
6203; 0,015625; 0,015625; 164,42307692307693; 0,040901262
6204; 0,015625; 0,015625; 165,09615384615384; 0,0410687
6205; 0,015625; 0,015625; 164,8846153846154; 0,04101608
6206; 0,015625; 0,015625; 164,71153846153845; 0,040973026
6207; 0,015625; 0,015625; 164,94230769230768; 0,04103043
6208; 0,015625; 0,015625; 165,01923076923077; 0,041049574
6209; 0,015625; 0,015625; 165,65384615384616; 0,041207433
6210; 0,015625; 0,015625; 165,17307692307693; 0,041087832
6211; 0,015625; 0,015625; 164,78846153846155; 0,04099216
6212; 0,015625; 0,015625; 165,75; 0,041231353
6213; 0,015625; 0,015625; 164,75; 0,04098259
6214; 0,015625; 0,015625; 165,71153846153845; 0,041221783
6215; 0,015625; 0,015625; 166,48076923076923; 0,041413136
6216; 0,015625; 0,015625; 165,51923076923077; 0,04117394
6217; 0,015625; 0,015625; 165,1153846153846; 0,041073486
6218; 0,015625; 0,015625; 165,3653846153846; 0,041135684
6219; 0,015625; 0,015625; 164,09615384615384; 0,040819943
6220; 0,015625; 0,015625; 164,3846153846154; 0,040891703
6221; 0,015625; 0,015625; 165,78846153846155; 0,041240912
6222; 0,015625; 0,015625; 164,94230769230768; 0,041030433
6223; 0,015625; 0,015625; 165,0; 0,04104479
6224; 0,015625; 0,015625; 164,69230769230768; 0,04096824
6225; 0,015625; 0,015625; 166,21153846153845; 0,041346166
6226; 0,015625; 0,015625; 165,28846153846155; 0,041116543
6227; 0,015625; 0,015625; 164,73076923076923; 0,040977813
6228; 0,015625; 0,015625; 163,8846153846154; 0,04076732
6229; 0,015625; 0,015625; 164,21153846153845; 0,04084865
6230; 0,015625; 0,015625; 165,26923076923077; 0,04111176
6231; 0,015625; 0,015625; 164,92307692307693; 0,041025646
6232; 0,015625; 0,015625; 164,94230769230768; 0,04103043
6233; 0,015625; 0,015625; 164,65384615384616; 0,04095868
6234; 0,015625; 0,015625; 165,3653846153846; 0,04113567
6235; 0,015625; 0,015625; 164,46153846153845; 0,040910836
6236; 0,015625; 0,015625; 164,6153846153846; 0,04094911
6237; 0,015625; 0,015625; 164,75; 0,040982597
6238; 0,015625; 0,015625; 164,65384615384616; 0,040958676
6239; 0,015625; 0,015625; 165,05769230769232; 0,041059136
6240; 0,015625; 0,015625; 166,40384615384616; 0,041394
6241; 0,015625; 0,015625; 165,53846153846155; 0,041178726
6242; 0,015625; 0,015625; 165,07692307692307; 0,041063923
6243; 0,015625; 0,015625; 164,92307692307693; 0,041025646
6244; 0,015625; 0,015625; 163,17307692307693; 0,040590327
6245; 0,015625; 0,015625; 164,21153846153845; 0,04084865
6246; 0,015625; 0,015625; 164,82692307692307; 0,04100173
6247; 0,015625; 0,015625; 163,82692307692307; 0,04075297
6248; 0,015625; 0,015625; 165,53846153846155; 0,041178726
6249; 0,015625; 0,015625; 165,6346153846154; 0,041202642
6250; 0,015625; 0,015625; 164,55769230769232; 0,04093475
6251; 0,015625; 0,015625; 165,44230769230768; 0,041154817
6252; 0,015625; 0,015625; 164,15384615384616; 0,040834293
6253; 0,015625; 0,015625; 165,57692307692307; 0,041188296
6254; 0,015625; 0,015625; 165,03846153846155; 0,041054346
6255; 0,015625; 0,015625; 166,48076923076923; 0,041413132
6256; 0,015625; 0,015625; 164,75; 0,040982597
6257; 0,015625; 0,015625; 165,25; 0,041106977
6258; 0,015625; 0,015625; 164,96153846153845; 0,041035216
6259; 0,015625; 0,015625; 164,67307692307693; 0,040963463
6260; 0,015625; 0,015625; 165,0; 0,041044787
6261; 0,015625; 0,015625; 164,26923076923077; 0,040863
6262; 0,015625; 0,015625; 164,8846153846154; 0,04101608
6263; 0,015625; 0,015625; 166,03846153846155; 0,041303113
6264; 0,015625; 0,015625; 165,76923076923077; 0,041236136
6265; 0,015625; 0,015625; 166,19230769230768; 0,04134138
6266; 0,015625; 0,015625; 164,67307692307693; 0,040963456
6267; 0,015625; 0,015625; 165,73076923076923; 0,041226566
6268; 0,015625; 0,015625; 164,40384615384616; 0,04089649
6269; 0,015625; 0,015625; 164,42307692307693; 0,04090127
6270; 0,015625; 0,015625; 164,09615384615384; 0,040819947
6271; 0,015625; 0,015625; 165,71153846153845; 0,04122178
6272; 0,015625; 0,015625; 164,67307692307693; 0,040963452
6273; 0,015625; 0,015625; 166,6346153846154; 0,04145141
6274; 0,015625; 0,015625; 165,73076923076923; 0,041226566
6275; 0,015625; 0,015625; 165,15384615384616; 0,041083053
6276; 0,015625; 0,015625; 165,03846153846155; 0,041054346
6277; 0,015625; 0,015625; 165,0; 0,04104478
6278; 0,015625; 0,015625; 164,82692307692307; 0,041001722
6279; 0,015625; 0,015625; 164,92307692307693; 0,041025646
6280; 0,015625; 0,015625; 164,80769230769232; 0,04099695
6281; 0,015625; 0,015625; 164,73076923076923; 0,040977813
6282; 0,015625; 0,015625; 164,65384615384616; 0,040958676
6283; 0,015625; 0,015625; 165,55769230769232; 0,04118351
6284; 0,015625; 0,015625; 163,8846153846154; 0,04076733
6285; 0,015625; 0,015625; 165,05769230769232; 0,041059136
6286; 0,015625; 0,015625; 164,57692307692307; 0,040939543
6287; 0,015625; 0,015625; 166,05769230769232; 0,0413079
6288; 0,015625; 0,015625; 164,65384615384616; 0,04095868
6289; 0,015625; 0,015625; 163,6153846153846; 0,040700354
6290; 0,015625; 0,015625; 164,8846153846154; 0,04101608
6291; 0,015625; 0,015625; 164,53846153846155; 0,04092997
6292; 0,015625; 0,015625; 165,1346153846154; 0,04107827
6293; 0,015625; 0,015625; 165,3846153846154; 0,04114046
6294; 0,015625; 0,015625; 165,48076923076923; 0,041164376
6295; 0,015625; 0,015625; 164,28846153846155; 0,040867787
6296; 0,015625; 0,015625; 165,25; 0,041106973
6297; 0,015625; 0,015625; 164,25; 0,040858217
6298; 0,015625; 0,015625; 165,96153846153845; 0,041283973
6299; 0,015625; 0,015625; 164,53846153846155; 0,04092997
6300; 0,015625; 0,015625; 164,34615384615384; 0,040882133
6301; 0,015625; 0,015625; 165,09615384615384; 0,0410687
6302; 0,015625; 0,015625; 164,98076923076923; 0,041040003
6303; 0,015625; 0,015625; 164,71153846153845; 0,040973023
6304; 0,015625; 0,015625; 165,46153846153845; 0,04115959
6305; 0,015625; 0,015625; 164,67307692307693; 0,040963463
6306; 0,015625; 0,015625; 165,40384615384616; 0,041145243
6307; 0,015625; 0,015625; 164,1346153846154; 0,040829517
6308; 0,015625; 0,015625; 165,05769230769232; 0,041059133
6309; 0,015625; 0,015625; 164,1346153846154; 0,040829513
6310; 0,015625; 0,015625; 165,51923076923077; 0,04117394
6311; 0,015625; 0,015625; 165,32692307692307; 0,0411261
6312; 0,015625; 0,015625; 164,15384615384616; 0,0408343
6313; 0,015625; 0,015625; 165,3846153846154; 0,04114046
6314; 0,015625; 0,015625; 164,6346153846154; 0,040953897
6315; 0,015625; 0,015625; 165,03846153846155; 0,041054353
6316; 0,015625; 0,015625; 164,98076923076923; 0,041040007
6317; 0,015625; 0,015625; 164,82692307692307; 0,041001733
6318; 0,015625; 0,015625; 164,92307692307693; 0,041025646
6319; 0,015625; 0,015625; 165,0; 0,041044787
6320; 0,015625; 0,015625; 165,26923076923077; 0,041111752
6321; 0,015625; 0,015625; 164,59615384615384; 0,040944323
6322; 0,015625; 0,015625; 164,71153846153845; 0,040973026
6323; 0,015625; 0,015625; 164,46153846153845; 0,040910836
6324; 0,015625; 0,015625; 164,46153846153845; 0,040910836
6325; 0,015625; 0,015625; 165,23076923076923; 0,041102186
6326; 0,015625; 0,015625; 164,44230769230768; 0,040906053
6327; 0,015625; 0,015625; 165,3846153846154; 0,04114046
6328; 0,015625; 0,015625; 165,73076923076923; 0,041226566
6329; 0,015625; 0,015625; 165,1346153846154; 0,041078262
6330; 0,015625; 0,015625; 165,05769230769232; 0,041059133
6331; 0,015625; 0,015625; 165,26923076923077; 0,04111176
6332; 0,015625; 0,015625; 164,59615384615384; 0,040944323
6333; 0,015625; 0,015625; 166,17307692307693; 0,041336592
6334; 0,015625; 0,015625; 165,67307692307693; 0,04121222
6335; 0,015625; 0,015625; 165,07692307692307; 0,04106392
6336; 0,015625; 0,015625; 164,1153846153846; 0,040824734
6337; 0,015625; 0,015625; 164,69230769230768; 0,04096824
6338; 0,015625; 0,015625; 164,51923076923077; 0,04092519
6339; 0,015625; 0,015625; 164,42307692307693; 0,04090127
6340; 0,015625; 0,015625; 165,03846153846155; 0,04105435
6341; 0,015625; 0,015625; 164,30769230769232; 0,04087257
6342; 0,015625; 0,015625; 164,84615384615384; 0,041006513
6343; 0,015625; 0,015625; 165,03846153846155; 0,041054353
6344; 0,015625; 0,015625; 165,42307692307693; 0,04115003
6345; 0,015625; 0,015625; 164,40384615384616; 0,04089649
6346; 0,015625; 0,015625; 164,8846153846154; 0,041016083
6347; 0,015625; 0,015625; 164,75; 0,0409826
6348; 0,015625; 0,015625; 165,23076923076923; 0,041102193
6349; 0,015625; 0,015625; 165,32692307692307; 0,041126106
6350; 0,015625; 0,015625; 165,6153846153846; 0,041197862
6351; 0,015625; 0,015625; 164,73076923076923; 0,04097781
6352; 0,015625; 0,015625; 164,15384615384616; 0,040834293
6353; 0,015625; 0,015625; 162,92307692307693; 0,040528137
6354; 0,015625; 0,015625; 164,30769230769232; 0,04087257
6355; 0,015625; 0,015625; 165,01923076923077; 0,041049562
6356; 0,015625; 0,015625; 164,94230769230768; 0,04103043
6357; 0,015625; 0,015625; 165,15384615384616; 0,041083056
6358; 0,015625; 0,015625; 164,3653846153846; 0,040886916
6359; 0,015625; 0,015625; 166,3846153846154; 0,041389212
6360; 0,015625; 0,015625; 164,6346153846154; 0,040953897
6361; 0,015625; 0,015625; 165,46153846153845; 0,04115959
6362; 0,015625; 0,015625; 165,17307692307693; 0,041087843
6363; 0,015625; 0,015625; 165,30769230769232; 0,041121323
6364; 0,015625; 0,015625; 165,46153846153845; 0,041159596
6365; 0,015625; 0,015625; 166,32692307692307; 0,041374862
6366; 0,015625; 0,015625; 164,8846153846154; 0,04101608
6367; 0,015625; 0,015625; 167,28846153846155; 0,041614056
6368; 0,015625; 0,015625; 165,26923076923077; 0,04111176
6369; 0,015625; 0,015625; 164,3846153846154; 0,040891703
6370; 0,015625; 0,015625; 164,48076923076923; 0,040915616
6371; 0,015625; 0,015625; 165,32692307692307; 0,041126106
6372; 0,015625; 0,015625; 164,53846153846155; 0,040929973
6373; 0,015625; 0,015625; 164,92307692307693; 0,041025646
6374; 0,015625; 0,015625; 165,8846153846154; 0,041264847
6375; 0,015625; 0,015625; 165,44230769230768; 0,041154806
6376; 0,015625; 0,015625; 164,25; 0,040858217
6377; 0,015625; 0,015625; 164,76923076923077; 0,040987376
6378; 0,015625; 0,015625; 164,3846153846154; 0,040891703
6379; 0,015625; 0,015625; 167,30769230769232; 0,04161883
6380; 0,015625; 0,015625; 166,55769230769232; 0,041432265
6381; 0,015625; 0,015625; 164,53846153846155; 0,040929977
6382; 0,015625; 0,015625; 167,19230769230768; 0,041590128
6383; 0,015625; 0,015625; 165,69230769230768; 0,041216996
6384; 0,015625; 0,015625; 165,42307692307693; 0,041150026
6385; 0,015625; 0,015625; 163,82692307692307; 0,04075298
6386; 0,015625; 0,015625; 165,25; 0,041106973
6387; 0,015625; 0,015625; 165,6346153846154; 0,041202646
6388; 0,015625; 0,015625; 165,57692307692307; 0,041188296
6389; 0,015625; 0,015625; 165,40384615384616; 0,041145243
6390; 0,015625; 0,015625; 164,75; 0,040982597
6391; 0,015625; 0,015625; 165,30769230769232; 0,041121323
6392; 0,015625; 0,015625; 167,73076923076923; 0,04172408
6393; 0,015625; 0,015625; 165,51923076923077; 0,04117395
6394; 0,015625; 0,015625; 164,55769230769232; 0,040934756
6395; 0,015625; 0,015625; 164,73076923076923; 0,04097781
6396; 0,015625; 0,015625; 166,15384615384616; 0,04133181
6397; 0,015625; 0,015625; 164,53846153846155; 0,040929973
6398; 0,015625; 0,015625; 164,53846153846155; 0,04092997
6399; 0,015625; 0,015625; 164,44230769230768; 0,040906053
6400; 0,015625; 0,015625; 163,92307692307693; 0,04077689
6401; 0,015625; 0,015625; 164,59615384615384; 0,04094432
6402; 0,015625; 0,015625; 165,21153846153845; 0,041097406
6403; 0,015625; 0,015625; 166,30769230769232; 0,041370075
6404; 0,015625; 0,015625; 164,84615384615384; 0,041006513
6405; 0,015625; 0,015625; 165,17307692307693; 0,04108784
6406; 0,015625; 0,015625; 165,15384615384616; 0,041083056
6407; 0,015625; 0,015625; 165,5; 0,041169167
6408; 0,015625; 0,015625; 165,07692307692307; 0,041063912
6409; 0,015625; 0,015625; 164,92307692307693; 0,041025642
6410; 0,015625; 0,015625; 165,48076923076923; 0,04116438
6411; 0,015625; 0,015625; 165,23076923076923; 0,041102193
6412; 0,015625; 0,015625; 163,76923076923077; 0,040738635
6413; 0,015625; 0,015625; 165,6153846153846; 0,041197855
6414; 0,015625; 0,015625; 164,51923076923077; 0,040925186
6415; 0,015625; 0,015625; 164,78846153846155; 0,040992163
6416; 0,015625; 0,015625; 165,28846153846155; 0,04111654
6417; 0,015625; 0,015625; 165,96153846153845; 0,04128397
6418; 0,015625; 0,015625; 165,48076923076923; 0,04116438
6419; 0,015625; 0,015625; 165,3653846153846; 0,041135672
6420; 0,015625; 0,015625; 164,96153846153845; 0,041035216
6421; 0,015625; 0,015625; 164,73076923076923; 0,04097781
6422; 0,015625; 0,015625; 164,96153846153845; 0,04103522
6423; 0,015625; 0,015625; 164,98076923076923; 0,041040003
6424; 0,015625; 0,015625; 166,44230769230768; 0,04140357
6425; 0,015625; 0,015625; 165,26923076923077; 0,041111752
6426; 0,015625; 0,015625; 164,80769230769232; 0,040996943
6427; 0,015625; 0,015625; 164,53846153846155; 0,040929973
6428; 0,015625; 0,015625; 164,51923076923077; 0,04092519
6429; 0,015625; 0,015625; 164,8846153846154; 0,041016083
6430; 0,015625; 0,015625; 164,07692307692307; 0,040815156
6431; 0,015625; 0,015625; 165,0; 0,04104479
6432; 0,015625; 0,015625; 164,15384615384616; 0,040834304
6433; 0,015625; 0,015625; 163,94230769230768; 0,040781673
6434; 0,015625; 0,015625; 164,3653846153846; 0,040886916
6435; 0,015625; 0,015625; 164,96153846153845; 0,041035216
6436; 0,015625; 0,015625; 164,82692307692307; 0,04100173
6437; 0,015625; 0,015625; 164,0; 0,040796027
6438; 0,015625; 0,015625; 164,26923076923077; 0,040862996
6439; 0,015625; 0,015625; 165,03846153846155; 0,041054353
6440; 0,015625; 0,015625; 167,1346153846154; 0,041575786
6441; 0,015625; 0,015625; 164,67307692307693; 0,040963456
6442; 0,015625; 0,015625; 164,92307692307693; 0,041025642
6443; 0,015625; 0,015625; 164,59615384615384; 0,040944323
6444; 0,015625; 0,015625; 164,65384615384616; 0,04095868
6445; 0,015625; 0,015625; 164,3846153846154; 0,040891707
6446; 0,015625; 0,015625; 164,23076923076923; 0,040853437
6447; 0,015625; 0,015625; 165,32692307692307; 0,04112611
6448; 0,015625; 0,015625; 164,21153846153845; 0,04084865
6449; 0,015625; 0,015625; 165,07692307692307; 0,04106392
6450; 0,015625; 0,015625; 164,67307692307693; 0,040963463
6451; 0,015625; 0,015625; 164,76923076923077; 0,04098738
6452; 0,015625; 0,015625; 164,40384615384616; 0,04089649
6453; 0,015625; 0,015625; 165,6346153846154; 0,041202642
6454; 0,015625; 0,015625; 165,30769230769232; 0,041121326
6455; 0,015625; 0,015625; 165,07692307692307; 0,041063912
6456; 0,015625; 0,015625; 164,34615384615384; 0,040882137
6457; 0,015625; 0,015625; 164,71153846153845; 0,040973023
6458; 0,015625; 0,015625; 164,42307692307693; 0,04090127
6459; 0,015625; 0,015625; 164,90384615384616; 0,041020866
6460; 0,015625; 0,015625; 164,34615384615384; 0,040882137
6461; 0,015625; 0,015625; 165,94230769230768; 0,04127919
6462; 0,015625; 0,015625; 165,28846153846155; 0,041116536
6463; 0,015625; 0,015625; 164,6153846153846; 0,04094911
6464; 0,015625; 0,015625; 164,92307692307693; 0,041025653
6465; 0,015625; 0,015625; 166,03846153846155; 0,041303106
6466; 0,015625; 0,015625; 165,53846153846155; 0,04117873
6467; 0,015625; 0,015625; 164,78846153846155; 0,04099216
6468; 0,015625; 0,015625; 165,46153846153845; 0,041159596
6469; 0,015625; 0,015625; 164,07692307692307; 0,040815167
6470; 0,015625; 0,015625; 164,8653846153846; 0,041011296
6471; 0,015625; 0,015625; 164,82692307692307; 0,04100173
6472; 0,015625; 0,015625; 164,23076923076923; 0,040853433
6473; 0,015625; 0,015625; 165,3653846153846; 0,041135684
6474; 0,015625; 0,015625; 165,07692307692307; 0,04106392
6475; 0,015625; 0,015625; 164,75; 0,040982597
6476; 0,015625; 0,015625; 165,25; 0,041106965
6477; 0,015625; 0,015625; 165,07692307692307; 0,041063923
6478; 0,015625; 0,015625; 164,59615384615384; 0,04094432
6479; 0,015625; 0,015625; 164,32692307692307; 0,04087735
6480; 0,015625; 0,015625; 164,84615384615384; 0,041006513
6481; 0,015625; 0,015625; 163,76923076923077; 0,040738624
6482; 0,015625; 0,015625; 165,25; 0,041106973
6483; 0,015625; 0,015625; 164,55769230769232; 0,040934756
6484; 0,015625; 0,015625; 165,96153846153845; 0,04128398
6485; 0,015625; 0,015625; 165,09615384615384; 0,041068707
6486; 0,015625; 0,015625; 164,59615384615384; 0,040944323
6487; 0,015625; 0,015625; 165,51923076923077; 0,04117395
6488; 0,015625; 0,015625; 165,69230769230768; 0,04121699
6489; 0,015625; 0,015625; 165,1346153846154; 0,041078266
6490; 0,015625; 0,015625; 164,80769230769232; 0,040996943
6491; 0,015625; 0,015625; 166,92307692307693; 0,041523162
6492; 0,015625; 0,015625; 163,80769230769232; 0,040748194
6493; 0,015625; 0,015625; 166,80769230769232; 0,041494455
6494; 0,015625; 0,015625; 164,8653846153846; 0,0410113
6495; 0,015625; 0,015625; 164,80769230769232; 0,04099695
6496; 0,015625; 0,015625; 165,73076923076923; 0,041226562
6497; 0,015625; 0,015625; 166,0; 0,041293535
6498; 0,015625; 0,015625; 165,84615384615384; 0,04125527
6499; 0,015625; 0,015625; 165,3846153846154; 0,04114046
6500; 0,015625; 0,015625; 165,6346153846154; 0,041202646
6501; 0,015625; 0,015625; 165,15384615384616; 0,041083056
6502; 0,015625; 0,015625; 165,17307692307693; 0,04108784
6503; 0,015625; 0,015625; 165,19230769230768; 0,04109262
6504; 0,015625; 0,015625; 166,05769230769232; 0,04130789
6505; 0,015625; 0,015625; 165,23076923076923; 0,04110219
6506; 0,015625; 0,015625; 164,90384615384616; 0,04102087
6507; 0,015625; 0,015625; 164,94230769230768; 0,04103043
6508; 0,015625; 0,015625; 165,25; 0,041106977
6509; 0,015625; 0,015625; 164,84615384615384; 0,04100651
6510; 0,015625; 0,015625; 164,71153846153845; 0,04097303
6511; 0,015625; 0,015625; 164,73076923076923; 0,040977813
6512; 0,015625; 0,015625; 165,21153846153845; 0,041097406
6513; 0,015625; 0,015625; 165,09615384615384; 0,0410687
6514; 0,015625; 0,015625; 165,75; 0,04123135
6515; 0,015625; 0,015625; 164,69230769230768; 0,040968243
6516; 0,015625; 0,015625; 163,15384615384616; 0,040585544
6517; 0,015625; 0,015625; 164,69230769230768; 0,04096824
6518; 0,015625; 0,015625; 164,71153846153845; 0,040973026
6519; 0,015625; 0,015625; 166,69230769230768; 0,041465756
6520; 0,015625; 0,015625; 164,96153846153845; 0,041035213
6521; 0,015625; 0,015625; 164,96153846153845; 0,041035213
6522; 0,015625; 0,015625; 165,28846153846155; 0,04111654
6523; 0,015625; 0,015625; 165,01923076923077; 0,041049574
6524; 0,015625; 0,015625; 164,98076923076923; 0,04104
6525; 0,015625; 0,015625; 164,80769230769232; 0,040996946
6526; 0,015625; 0,015625; 164,23076923076923; 0,040853437
6527; 0,015625; 0,015625; 164,71153846153845; 0,04097303
6528; 0,015625; 0,015625; 164,51923076923077; 0,04092519
6529; 0,015625; 0,015625; 166,76923076923077; 0,041484892
6530; 0,015625; 0,015625; 164,15384615384616; 0,0408343
6531; 0,015625; 0,015625; 164,69230769230768; 0,04096824
6532; 0,015625; 0,015625; 164,94230769230768; 0,041030433
6533; 0,015625; 0,015625; 164,6153846153846; 0,040949102
6534; 0,015625; 0,015625; 164,65384615384616; 0,04095868
6535; 0,015625; 0,015625; 164,8846153846154; 0,04101608
6536; 0,015625; 0,015625; 164,80769230769232; 0,040996946
6537; 0,015625; 0,015625; 164,80769230769232; 0,040996943
6538; 0,015625; 0,015625; 165,34615384615384; 0,041130893
6539; 0,015625; 0,015625; 164,84615384615384; 0,041006505
6540; 0,015625; 0,015625; 164,55769230769232; 0,04093475
6541; 0,015625; 0,015625; 164,15384615384616; 0,040834304
6542; 0,015625; 0,015625; 164,6346153846154; 0,04095389
6543; 0,015625; 0,015625; 166,1153846153846; 0,041322246
6544; 0,015625; 0,015625; 166,5; 0,04141792
6545; 0,015625; 0,015625; 164,80769230769232; 0,04099695
6546; 0,015625; 0,015625; 165,3846153846154; 0,04114046
6547; 0,015625; 0,015625; 165,19230769230768; 0,04109262
6548; 0,015625; 0,015625; 164,75; 0,0409826
6549; 0,015625; 0,015625; 165,07692307692307; 0,04106392
6550; 0,015625; 0,015625; 164,46153846153845; 0,04091084
6551; 0,015625; 0,015625; 163,75; 0,040733848
6552; 0,015625; 0,015625; 164,84615384615384; 0,041006513
6553; 0,015625; 0,015625; 164,51923076923077; 0,040925197
6554; 0,015625; 0,015625; 164,46153846153845; 0,04091084
6555; 0,015625; 0,015625; 164,90384615384616; 0,041020866
6556; 0,015625; 0,015625; 165,0; 0,041044787
6557; 0,015625; 0,015625; 165,73076923076923; 0,041226562
6558; 0,015625; 0,015625; 164,8846153846154; 0,04101608
6559; 0,015625; 0,015625; 164,19230769230768; 0,040843863
6560; 0,015625; 0,015625; 165,0; 0,04104478
6561; 0,015625; 0,015625; 164,90384615384616; 0,041020863
6562; 0,015625; 0,015625; 164,44230769230768; 0,040906053
6563; 0,015625; 0,015625; 167,8846153846154; 0,04176235
6564; 0,015625; 0,015625; 164,42307692307693; 0,04090127
6565; 0,015625; 0,015625; 164,92307692307693; 0,041025646
6566; 0,015625; 0,015625; 165,67307692307693; 0,04121222
6567; 0,015625; 0,015625; 164,19230769230768; 0,040843863
6568; 0,015625; 0,015625; 165,09615384615384; 0,041068707
6569; 0,015625; 0,015625; 164,6153846153846; 0,040949106
6570; 0,015625; 0,015625; 165,1346153846154; 0,04107827
6571; 0,015625; 0,015625; 165,98076923076923; 0,041288752
6572; 0,015625; 0,015625; 164,80769230769232; 0,040996946
6573; 0,015625; 0,015625; 164,90384615384616; 0,041020866
6574; 0,015625; 0,015625; 165,34615384615384; 0,041130885
6575; 0,015625; 0,015625; 164,75; 0,04098259
6576; 0,015625; 0,015625; 165,03846153846155; 0,041054346
6577; 0,015625; 0,015625; 164,96153846153845; 0,041035216
6578; 0,015625; 0,015625; 164,90384615384616; 0,041020866
6579; 0,015625; 0,015625; 164,5; 0,040920403
6580; 0,015625; 0,015625; 164,8653846153846; 0,0410113
6581; 0,015625; 0,015625; 165,76923076923077; 0,04123614
6582; 0,015625; 0,015625; 164,8653846153846; 0,041011292
6583; 0,015625; 0,015625; 165,46153846153845; 0,041159593
6584; 0,015625; 0,015625; 164,57692307692307; 0,040939547
6585; 0,015625; 0,015625; 165,0; 0,04104478
6586; 0,015625; 0,015625; 165,15384615384616; 0,041083053
6587; 0,015625; 0,015625; 165,0; 0,04104478
6588; 0,015625; 0,015625; 164,71153846153845; 0,040973026
6589; 0,015625; 0,015625; 164,92307692307693; 0,041025642
6590; 0,015625; 0,015625; 163,8653846153846; 0,040762544
6591; 0,015625; 0,015625; 164,3653846153846; 0,04088692
6592; 0,015625; 0,015625; 165,82692307692307; 0,041250486
6593; 0,015625; 0,015625; 165,26923076923077; 0,041111752
6594; 0,015625; 0,015625; 166,05769230769232; 0,04130789
6595; 0,015625; 0,015625; 164,8846153846154; 0,041016083
6596; 0,015625; 0,015625; 163,75; 0,04073384
6597; 0,015625; 0,015625; 165,01923076923077; 0,041049566
6598; 0,015625; 0,015625; 164,8846153846154; 0,04101608
6599; 0,015625; 0,015625; 165,42307692307693; 0,04115003
6600; 0,015625; 0,015625; 165,90384615384616; 0,041269623
6601; 0,015625; 0,015625; 164,71153846153845; 0,040973023
6602; 0,015625; 0,015625; 164,05769230769232; 0,040810384
6603; 0,015625; 0,015625; 166,09615384615384; 0,041317455
6604; 0,015625; 0,015625; 165,44230769230768; 0,04115481
6605; 0,015625; 0,015625; 164,6346153846154; 0,04095389
6606; 0,015625; 0,015625; 165,34615384615384; 0,041130893
6607; 0,015625; 0,015625; 165,07692307692307; 0,04106392
6608; 0,015625; 0,015625; 165,76923076923077; 0,04123613
6609; 0,015625; 0,015625; 165,25; 0,041106973
6610; 0,015625; 0,015625; 164,6153846153846; 0,040949106
6611; 0,015625; 0,015625; 164,09615384615384; 0,040819943
6612; 0,015625; 0,015625; 165,40384615384616; 0,041145246
6613; 0,015625; 0,015625; 165,15384615384616; 0,041083053
6614; 0,015625; 0,015625; 164,01923076923077; 0,040800817
6615; 0,015625; 0,015625; 164,34615384615384; 0,040882133
6616; 0,015625; 0,015625; 165,78846153846155; 0,041240923
6617; 0,015625; 0,015625; 165,19230769230768; 0,041092627
6618; 0,015625; 0,015625; 164,32692307692307; 0,040877357
6619; 0,015625; 0,015625; 167,42307692307693; 0,041647535
6620; 0,015625; 0,015625; 164,59615384615384; 0,04094432
6621; 0,015625; 0,015625; 165,1346153846154; 0,041078266
6622; 0,015625; 0,015625; 164,65384615384616; 0,040958676
6623; 0,015625; 0,015625; 164,23076923076923; 0,040853437
6624; 0,015625; 0,015625; 166,0; 0,041293547
6625; 0,015625; 0,015625; 165,07692307692307; 0,041063912
6626; 0,015625; 0,015625; 165,01923076923077; 0,041049574
6627; 0,015625; 0,015625; 165,1346153846154; 0,04107827
6628; 0,015625; 0,015625; 164,69230769230768; 0,040968243
6629; 0,015625; 0,015625; 165,30769230769232; 0,041121323
6630; 0,015625; 0,015625; 165,1153846153846; 0,041073482
6631; 0,015625; 0,015625; 165,5; 0,04116916
6632; 0,015625; 0,015625; 164,80769230769232; 0,040996943
6633; 0,015625; 0,015625; 164,30769230769232; 0,04087257
6634; 0,015625; 0,015625; 164,1153846153846; 0,04082473
6635; 0,015625; 0,015625; 165,01923076923077; 0,041049562
6636; 0,015625; 0,015625; 163,59615384615384; 0,04069557
6637; 0,015625; 0,015625; 164,96153846153845; 0,041035213
6638; 0,015625; 0,015625; 165,80769230769232; 0,041245703
6639; 0,015625; 0,015625; 165,21153846153845; 0,0410974
6640; 0,015625; 0,015625; 165,46153846153845; 0,04115959
6641; 0,015625; 0,015625; 163,92307692307693; 0,040776893
6642; 0,015625; 0,015625; 165,15384615384616; 0,041083056
6643; 0,015625; 0,015625; 165,44230769230768; 0,041154806
6644; 0,015625; 0,015625; 164,42307692307693; 0,040901277
6645; 0,015625; 0,015625; 164,30769230769232; 0,040872566
6646; 0,015625; 0,015625; 164,76923076923077; 0,040987376
6647; 0,015625; 0,015625; 165,01923076923077; 0,041049562
6648; 0,015625; 0,015625; 165,17307692307693; 0,041087832
6649; 0,015625; 0,015625; 164,53846153846155; 0,040929973
6650; 0,015625; 0,015625; 165,8846153846154; 0,041264836
6651; 0,015625; 0,015625; 164,78846153846155; 0,040992163
6652; 0,015625; 0,015625; 165,76923076923077; 0,04123613
6653; 0,015625; 0,015625; 165,07692307692307; 0,041063912
6654; 0,015625; 0,015625; 165,07692307692307; 0,04106392
6655; 0,015625; 0,015625; 164,25; 0,040858217
6656; 0,015625; 0,015625; 166,28846153846155; 0,0413653
6657; 0,015625; 0,015625; 164,26923076923077; 0,040863004
6658; 0,015625; 0,015625; 164,82692307692307; 0,041001733
6659; 0,015625; 0,015625; 165,09615384615384; 0,041068707
6660; 0,015625; 0,015625; 164,55769230769232; 0,04093475
6661; 0,015625; 0,015625; 164,69230769230768; 0,040968243
6662; 0,015625; 0,015625; 164,28846153846155; 0,040867783
6663; 0,015625; 0,015625; 164,59615384615384; 0,04094432
6664; 0,015625; 0,015625; 167,09615384615384; 0,04156621
6665; 0,015625; 0,015625; 164,57692307692307; 0,040939547
6666; 0,015625; 0,015625; 164,8846153846154; 0,04101608
6667; 0,015625; 0,015625; 164,34615384615384; 0,040882137
6668; 0,015625; 0,015625; 164,30769230769232; 0,04087257
6669; 0,015625; 0,015625; 164,73076923076923; 0,04097781
6670; 0,015625; 0,015625; 165,55769230769232; 0,041183513
6671; 0,015625; 0,015625; 165,05769230769232; 0,04105914
6672; 0,015625; 0,015625; 164,51923076923077; 0,040925186
6673; 0,015625; 0,015625; 164,6153846153846; 0,04094911
6674; 0,015625; 0,015625; 166,3653846153846; 0,041384432
6675; 0,015625; 0,015625; 164,3653846153846; 0,04088692
6676; 0,015625; 0,015625; 164,80769230769232; 0,040996943
6677; 0,015625; 0,015625; 164,09615384615384; 0,040819947
6678; 0,015625; 0,015625; 164,96153846153845; 0,041035213
6679; 0,015625; 0,015625; 164,44230769230768; 0,040906053
6680; 0,015625; 0,015625; 164,19230769230768; 0,040843867
6681; 0,015625; 0,015625; 164,69230769230768; 0,040968243
6682; 0,015625; 0,015625; 165,07692307692307; 0,04106392
6683; 0,015625; 0,015625; 164,42307692307693; 0,040901266
6684; 0,015625; 0,015625; 165,1346153846154; 0,04107827
6685; 0,015625; 0,015625; 164,34615384615384; 0,040882133
6686; 0,015625; 0,015625; 165,71153846153845; 0,04122178
6687; 0,015625; 0,015625; 165,75; 0,041231353
6688; 0,015625; 0,015625; 165,01923076923077; 0,041049566
6689; 0,015625; 0,015625; 166,32692307692307; 0,04137487
6690; 0,015625; 0,015625; 164,90384615384616; 0,041020866
6691; 0,015625; 0,015625; 164,69230769230768; 0,040968243
6692; 0,015625; 0,015625; 164,76923076923077; 0,040987376
6693; 0,015625; 0,015625; 164,46153846153845; 0,04091084
6694; 0,015625; 0,015625; 167,1153846153846; 0,041570995
6695; 0,015625; 0,015625; 165,05769230769232; 0,041059133
6696; 0,015625; 0,015625; 165,03846153846155; 0,041054346
6697; 0,015625; 0,015625; 165,03846153846155; 0,041054353
6698; 0,015625; 0,015625; 165,07692307692307; 0,04106392
6699; 0,015625; 0,015625; 164,92307692307693; 0,041025653
6700; 0,015625; 0,015625; 164,6153846153846; 0,040949106
6701; 0,015625; 0,015625; 165,57692307692307; 0,041188292
6702; 0,015625; 0,015625; 165,19230769230768; 0,04109262
6703; 0,015625; 0,015625; 164,51923076923077; 0,04092519
6704; 0,015625; 0,015625; 164,73076923076923; 0,04097781
6705; 0,015625; 0,015625; 165,82692307692307; 0,041250486
6706; 0,015625; 0,015625; 164,3846153846154; 0,040891703
6707; 0,015625; 0,015625; 165,15384615384616; 0,041083053
6708; 0,015625; 0,015625; 165,92307692307693; 0,041274406
6709; 0,015625; 0,015625; 165,3846153846154; 0,04114046
6710; 0,015625; 0,015625; 164,71153846153845; 0,040973026
6711; 0,015625; 0,015625; 165,8653846153846; 0,041260045
6712; 0,015625; 0,015625; 166,6346153846154; 0,041451402
6713; 0,015625; 0,015625; 165,6153846153846; 0,04119787
6714; 0,015625; 0,015625; 163,96153846153845; 0,040786464
6715; 0,015625; 0,015625; 164,53846153846155; 0,04092997
6716; 0,015625; 0,015625; 165,32692307692307; 0,041126106
6717; 0,015625; 0,015625; 163,30769230769232; 0,04062381
6718; 0,015625; 0,015625; 164,80769230769232; 0,040996946
6719; 0,015625; 0,015625; 165,5; 0,04116916
6720; 0,015625; 0,015625; 164,28846153846155; 0,040867783
6721; 0,015625; 0,015625; 164,75; 0,040982597
6722; 0,015625; 0,015625; 166,30769230769232; 0,04137008
6723; 0,015625; 0,015625; 164,8846153846154; 0,04101608
6724; 0,015625; 0,015625; 165,92307692307693; 0,041274402
6725; 0,015625; 0,015625; 164,98076923076923; 0,04104
6726; 0,015625; 0,015625; 164,98076923076923; 0,04104
6727; 0,015625; 0,015625; 164,42307692307693; 0,040901266
6728; 0,015625; 0,015625; 164,80769230769232; 0,040996946
6729; 0,015625; 0,015625; 164,59615384615384; 0,040944323
6730; 0,015625; 0,015625; 165,01923076923077; 0,041049566
6731; 0,015625; 0,015625; 164,67307692307693; 0,040963463
6732; 0,015625; 0,015625; 165,1346153846154; 0,041078266
6733; 0,015625; 0,015625; 164,69230769230768; 0,040968243
6734; 0,015625; 0,015625; 164,1153846153846; 0,04082473
6735; 0,015625; 0,015625; 164,0; 0,040796034
6736; 0,015625; 0,015625; 164,8846153846154; 0,04101608
6737; 0,015625; 0,015625; 164,28846153846155; 0,040867783
6738; 0,015625; 0,015625; 165,3653846153846; 0,041135672
6739; 0,015625; 0,015625; 164,07692307692307; 0,040815167
6740; 0,015625; 0,015625; 164,84615384615384; 0,041006513
6741; 0,015625; 0,015625; 167,76923076923077; 0,04173365
6742; 0,015625; 0,015625; 164,90384615384616; 0,041020866
6743; 0,015625; 0,015625; 164,82692307692307; 0,04100173
6744; 0,015625; 0,015625; 164,8653846153846; 0,041011296
6745; 0,015625; 0,015625; 164,1153846153846; 0,04082473
6746; 0,015625; 0,015625; 164,05769230769232; 0,04081038
6747; 0,015625; 0,015625; 164,09615384615384; 0,040819947
6748; 0,015625; 0,015625; 164,3846153846154; 0,040891707
6749; 0,015625; 0,015625; 165,07692307692307; 0,04106392
6750; 0,015625; 0,015625; 164,5; 0,0409204
6751; 0,015625; 0,015625; 165,26923076923077; 0,04111176
6752; 0,015625; 0,015625; 165,17307692307693; 0,04108784
6753; 0,015625; 0,015625; 164,67307692307693; 0,040963467
6754; 0,015625; 0,015625; 164,82692307692307; 0,041001733
6755; 0,015625; 0,015625; 165,0; 0,041044775
6756; 0,015625; 0,015625; 163,84615384615384; 0,040757757
6757; 0,015625; 0,015625; 164,8846153846154; 0,041016076
6758; 0,015625; 0,015625; 165,25; 0,04110698
6759; 0,015625; 0,015625; 165,55769230769232; 0,041183513
6760; 0,015625; 0,015625; 164,53846153846155; 0,040929973
6761; 0,015625; 0,015625; 165,8846153846154; 0,041264836
6762; 0,015625; 0,015625; 168,21153846153845; 0,04184367
6763; 0,015625; 0,015625; 166,01923076923077; 0,041298326
6764; 0,015625; 0,015625; 165,96153846153845; 0,041283973
6765; 0,015625; 0,015625; 164,90384615384616; 0,041020866
6766; 0,015625; 0,015625; 165,5; 0,041169163
6767; 0,015625; 0,015625; 165,25; 0,041106973
6768; 0,015625; 0,015625; 164,34615384615384; 0,040882133
6769; 0,015625; 0,015625; 164,55769230769232; 0,040934756
6770; 0,015625; 0,015625; 164,90384615384616; 0,04102087
6771; 0,015625; 0,015625; 164,07692307692307; 0,04081516
6772; 0,015625; 0,015625; 165,26923076923077; 0,04111176
6773; 0,015625; 0,015625; 167,0; 0,0415423
6774; 0,015625; 0,015625; 165,17307692307693; 0,04108784
6775; 0,015625; 0,015625; 164,65384615384616; 0,04095868
6776; 0,015625; 0,015625; 164,76923076923077; 0,040987376
6777; 0,015625; 0,015625; 164,44230769230768; 0,040906057
6778; 0,015625; 0,015625; 164,23076923076923; 0,040853433
6779; 0,015625; 0,015625; 165,26923076923077; 0,04111176
6780; 0,015625; 0,015625; 164,92307692307693; 0,041025653
6781; 0,015625; 0,015625; 164,46153846153845; 0,04091084
6782; 0,015625; 0,015625; 165,30769230769232; 0,041121326
6783; 0,015625; 0,015625; 165,03846153846155; 0,04105435
6784; 0,015625; 0,015625; 164,84615384615384; 0,04100651
6785; 0,015625; 0,015625; 164,67307692307693; 0,040963456
6786; 0,015625; 0,015625; 168,09615384615384; 0,041814975
6787; 0,015625; 0,015625; 167,55769230769232; 0,041681025
6788; 0,015625; 0,015625; 164,6153846153846; 0,040949114
6789; 0,015625; 0,015625; 164,5; 0,040920403
6790; 0,015625; 0,015625; 164,65384615384616; 0,040958676
6791; 0,015625; 0,015625; 164,94230769230768; 0,04103043
6792; 0,015625; 0,015625; 165,44230769230768; 0,041154817
6793; 0,015625; 0,015625; 164,75; 0,040982597
6794; 0,015625; 0,015625; 165,73076923076923; 0,041226566
6795; 0,015625; 0,015625; 164,57692307692307; 0,040939543
6796; 0,015625; 0,015625; 164,23076923076923; 0,040853433
6797; 0,015625; 0,015625; 165,90384615384616; 0,04126962
6798; 0,015625; 0,015625; 164,21153846153845; 0,04084865
6799; 0,015625; 0,015625; 165,1153846153846; 0,041073486
6800; 0,015625; 0,015625; 166,59615384615384; 0,041441835
6801; 0,015625; 0,015625; 164,48076923076923; 0,040915623
6802; 0,015625; 0,015625; 164,92307692307693; 0,041025646
6803; 0,015625; 0,015625; 164,80769230769232; 0,040996946
6804; 0,015625; 0,015625; 164,8846153846154; 0,04101608
6805; 0,015625; 0,015625; 164,6346153846154; 0,040953893
6806; 0,015625; 0,015625; 164,69230769230768; 0,040968247
6807; 0,015625; 0,015625; 164,92307692307693; 0,041025642
6808; 0,015625; 0,015625; 165,09615384615384; 0,0410687
6809; 0,015625; 0,015625; 166,17307692307693; 0,04133659
6810; 0,015625; 0,015625; 163,65384615384616; 0,040709913
6811; 0,015625; 0,015625; 164,8653846153846; 0,041011296
6812; 0,015625; 0,015625; 165,59615384615384; 0,041193075
6813; 0,015625; 0,015625; 164,53846153846155; 0,040929973
6814; 0,015625; 0,015625; 165,05769230769232; 0,041059133
6815; 0,015625; 0,015625; 165,15384615384616; 0,041083053
6816; 0,015625; 0,015625; 164,84615384615384; 0,04100651
6817; 0,015625; 0,015625; 165,15384615384616; 0,041083056
6818; 0,015625; 0,015625; 164,34615384615384; 0,040882133
6819; 0,015625; 0,015625; 164,53846153846155; 0,040929973
6820; 0,015625; 0,015625; 164,78846153846155; 0,040992163
6821; 0,015625; 0,015625; 165,53846153846155; 0,04117873
6822; 0,015625; 0,015625; 165,21153846153845; 0,041097406
6823; 0,015625; 0,015625; 165,0; 0,041044775
6824; 0,015625; 0,015625; 165,0; 0,041044787
6825; 0,015625; 0,015625; 164,26923076923077; 0,040862996
6826; 0,015625; 0,015625; 165,69230769230768; 0,041216996
6827; 0,015625; 0,015625; 164,96153846153845; 0,041035213
6828; 0,015625; 0,015625; 164,34615384615384; 0,040882133
6829; 0,015625; 0,015625; 164,55769230769232; 0,04093476
6830; 0,015625; 0,015625; 164,48076923076923; 0,040915627
6831; 0,015625; 0,015625; 166,0; 0,04129354
6832; 0,015625; 0,015625; 164,44230769230768; 0,040906053
6833; 0,015625; 0,015625; 164,51923076923077; 0,04092519
6834; 0,015625; 0,015625; 165,03846153846155; 0,041054346
6835; 0,015625; 0,015625; 164,07692307692307; 0,040815167
6836; 0,015625; 0,015625; 164,42307692307693; 0,04090127
6837; 0,015625; 0,015625; 163,8653846153846; 0,04076254
6838; 0,015625; 0,015625; 164,98076923076923; 0,04104
6839; 0,015625; 0,015625; 166,1153846153846; 0,04132224
6840; 0,015625; 0,015625; 164,23076923076923; 0,040853437
6841; 0,015625; 0,015625; 164,6153846153846; 0,040949106
6842; 0,015625; 0,015625; 164,32692307692307; 0,04087735
6843; 0,015625; 0,015625; 167,0; 0,04154229
6844; 0,015625; 0,015625; 165,17307692307693; 0,04108784
6845; 0,015625; 0,015625; 164,80769230769232; 0,040996943
6846; 0,015625; 0,015625; 164,46153846153845; 0,040910836
6847; 0,015625; 0,015625; 165,28846153846155; 0,04111654
6848; 0,015625; 0,015625; 164,32692307692307; 0,040877346
6849; 0,015625; 0,015625; 164,82692307692307; 0,04100173
6850; 0,015625; 0,015625; 164,8653846153846; 0,041011296
6851; 0,015625; 0,015625; 164,84615384615384; 0,04100651
6852; 0,015625; 0,015625; 165,67307692307693; 0,041212216
6853; 0,015625; 0,015625; 165,57692307692307; 0,041188296
6854; 0,015625; 0,015625; 164,82692307692307; 0,041001733
6855; 0,015625; 0,015625; 164,65384615384616; 0,04095867
6856; 0,015625; 0,015625; 164,6346153846154; 0,04095389
6857; 0,015625; 0,015625; 165,05769230769232; 0,041059136
6858; 0,015625; 0,015625; 166,07692307692307; 0,04131268
6859; 0,015625; 0,015625; 167,94230769230768; 0,041776698
6860; 0,015625; 0,015625; 165,34615384615384; 0,041130897
6861; 0,015625; 0,015625; 164,69230769230768; 0,04096824
6862; 0,015625; 0,015625; 164,78846153846155; 0,040992163
6863; 0,015625; 0,015625; 164,48076923076923; 0,040915623
6864; 0,015625; 0,015625; 164,69230769230768; 0,040968243
6865; 0,015625; 0,015625; 164,98076923076923; 0,041040003
6866; 0,015625; 0,015625; 164,44230769230768; 0,040906053
6867; 0,015625; 0,015625; 165,17307692307693; 0,04108784
6868; 0,015625; 0,015625; 164,21153846153845; 0,04084865
6869; 0,015625; 0,015625; 166,75; 0,04148011
6870; 0,015625; 0,015625; 164,82692307692307; 0,04100173
6871; 0,015625; 0,015625; 164,75; 0,040982597
6872; 0,015625; 0,015625; 164,65384615384616; 0,04095868
6873; 0,015625; 0,015625; 165,32692307692307; 0,04112611
6874; 0,015625; 0,015625; 165,0; 0,041044787
6875; 0,015625; 0,015625; 165,1346153846154; 0,04107827
6876; 0,015625; 0,015625; 163,96153846153845; 0,04078646
6877; 0,015625; 0,015625; 165,3653846153846; 0,04113567
6878; 0,015625; 0,015625; 165,30769230769232; 0,041121323
6879; 0,015625; 0,015625; 164,25; 0,040858217
6880; 0,015625; 0,015625; 164,76923076923077; 0,04098738
6881; 0,015625; 0,015625; 164,76923076923077; 0,040987376
6882; 0,015625; 0,015625; 164,46153846153845; 0,04091084
6883; 0,015625; 0,015625; 165,67307692307693; 0,04121222
6884; 0,015625; 0,015625; 165,46153846153845; 0,041159596
6885; 0,015625; 0,015625; 164,55769230769232; 0,040934756
6886; 0,015625; 0,015625; 165,28846153846155; 0,041116536
6887; 0,015625; 0,015625; 164,67307692307693; 0,040963463
6888; 0,015625; 0,015625; 164,94230769230768; 0,041030433
6889; 0,015625; 0,015625; 165,1346153846154; 0,041078266
6890; 0,015625; 0,015625; 164,90384615384616; 0,041020866
6891; 0,015625; 0,015625; 164,5; 0,04092041
6892; 0,015625; 0,015625; 165,1346153846154; 0,041078266
6893; 0,015625; 0,015625; 164,26923076923077; 0,040863
6894; 0,015625; 0,015625; 164,8653846153846; 0,041011296
6895; 0,015625; 0,015625; 165,34615384615384; 0,04113088
6896; 0,015625; 0,015625; 165,59615384615384; 0,041193075
6897; 0,015625; 0,015625; 164,53846153846155; 0,040929977
6898; 0,015625; 0,015625; 164,21153846153845; 0,04084865
6899; 0,015625; 0,015625; 163,30769230769232; 0,04062381
6900; 0,015625; 0,015625; 163,8653846153846; 0,040762547
6901; 0,015625; 0,015625; 164,75; 0,04098259
6902; 0,015625; 0,015625; 164,78846153846155; 0,04099216
6903; 0,015625; 0,015625; 165,48076923076923; 0,041164372
6904; 0,015625; 0,015625; 164,6346153846154; 0,040953897
6905; 0,015625; 0,015625; 165,5; 0,041169163
6906; 0,015625; 0,015625; 164,98076923076923; 0,04104
6907; 0,015625; 0,015625; 163,73076923076923; 0,040729053
6908; 0,015625; 0,015625; 164,28846153846155; 0,040867783
6909; 0,015625; 0,015625; 165,21153846153845; 0,041097406
6910; 0,015625; 0,015625; 164,84615384615384; 0,04100651
6911; 0,015625; 0,015625; 165,78846153846155; 0,041240912
6912; 0,015625; 0,015625; 164,3653846153846; 0,040886916
6913; 0,015625; 0,015625; 164,8846153846154; 0,041016083
6914; 0,015625; 0,015625; 165,3846153846154; 0,041140456
6915; 0,015625; 0,015625; 164,34615384615384; 0,04088213
6916; 0,015625; 0,015625; 164,30769230769232; 0,04087257
6917; 0,015625; 0,015625; 164,51923076923077; 0,040925197
6918; 0,015625; 0,015625; 164,69230769230768; 0,040968247
6919; 0,015625; 0,015625; 164,3653846153846; 0,04088692
6920; 0,015625; 0,015625; 165,30769230769232; 0,041121323
6921; 0,015625; 0,015625; 165,17307692307693; 0,04108784
6922; 0,015625; 0,015625; 165,1153846153846; 0,041073482
6923; 0,015625; 0,015625; 165,57692307692307; 0,041188296
6924; 0,015625; 0,015625; 164,6346153846154; 0,040953893
6925; 0,015625; 0,015625; 165,53846153846155; 0,041178726
6926; 0,015625; 0,015625; 164,75; 0,040982597
6927; 0,015625; 0,015625; 164,53846153846155; 0,04092997
6928; 0,015625; 0,015625; 164,48076923076923; 0,040915627
6929; 0,015625; 0,015625; 164,55769230769232; 0,040934756
6930; 0,015625; 0,015625; 165,1153846153846; 0,04107348
6931; 0,015625; 0,015625; 163,8846153846154; 0,040767327
6932; 0,015625; 0,015625; 164,0; 0,040796034
6933; 0,015625; 0,015625; 164,55769230769232; 0,040934756
6934; 0,015625; 0,015625; 164,21153846153845; 0,040848646
6935; 0,015625; 0,015625; 165,1346153846154; 0,041078262
6936; 0,015625; 0,015625; 165,19230769230768; 0,04109262
6937; 0,015625; 0,015625; 165,05769230769232; 0,041059133
6938; 0,015625; 0,015625; 164,80769230769232; 0,040996946
6939; 0,015625; 0,015625; 166,1346153846154; 0,041327026
6940; 0,015625; 0,015625; 165,1153846153846; 0,041073494
6941; 0,015625; 0,015625; 164,44230769230768; 0,04090605
6942; 0,015625; 0,015625; 164,96153846153845; 0,041035216
6943; 0,015625; 0,015625; 164,48076923076923; 0,040915623
6944; 0,015625; 0,015625; 165,0; 0,04104478
6945; 0,015625; 0,015625; 165,30769230769232; 0,041121326
6946; 0,015625; 0,015625; 163,8653846153846; 0,040762544
6947; 0,015625; 0,015625; 164,46153846153845; 0,040910836
6948; 0,015625; 0,015625; 164,21153846153845; 0,04084865
6949; 0,015625; 0,015625; 165,1346153846154; 0,041078266
6950; 0,015625; 0,015625; 164,67307692307693; 0,040963463
6951; 0,015625; 0,015625; 164,80769230769232; 0,040996946
6952; 0,015625; 0,015625; 165,23076923076923; 0,04110219
6953; 0,015625; 0,015625; 163,75; 0,040733837
6954; 0,015625; 0,015625; 164,0; 0,040796034
6955; 0,015625; 0,015625; 165,05769230769232; 0,041059136
6956; 0,015625; 0,015625; 163,96153846153845; 0,040786464
6957; 0,015625; 0,015625; 164,84615384615384; 0,04100651
6958; 0,015625; 0,015625; 164,82692307692307; 0,04100173
6959; 0,015625; 0,015625; 165,01923076923077; 0,041049566
6960; 0,015625; 0,015625; 165,0; 0,041044787
6961; 0,015625; 0,015625; 165,07692307692307; 0,04106392
6962; 0,015625; 0,015625; 164,94230769230768; 0,041030426
6963; 0,015625; 0,015625; 164,5; 0,0409204
6964; 0,015625; 0,015625; 166,17307692307693; 0,041336596
6965; 0,015625; 0,015625; 165,96153846153845; 0,041283973
6966; 0,015625; 0,015625; 164,40384615384616; 0,040896483
6967; 0,015625; 0,015625; 164,40384615384616; 0,04089649
6968; 0,015625; 0,015625; 164,59615384615384; 0,040944323
6969; 0,015625; 0,015625; 164,8653846153846; 0,041011296
6970; 0,015625; 0,015625; 165,71153846153845; 0,041221775
6971; 0,015625; 0,015625; 164,78846153846155; 0,040992167
6972; 0,015625; 0,015625; 164,96153846153845; 0,041035216
6973; 0,015625; 0,015625; 166,07692307692307; 0,041312676
6974; 0,015625; 0,015625; 163,98076923076923; 0,040791247
6975; 0,015625; 0,015625; 164,96153846153845; 0,041035216
6976; 0,015625; 0,015625; 165,25; 0,041106973
6977; 0,015625; 0,015625; 164,84615384615384; 0,04100651
6978; 0,015625; 0,015625; 164,59615384615384; 0,040944323
6979; 0,015625; 0,015625; 165,05769230769232; 0,041059133
6980; 0,015625; 0,015625; 165,25; 0,041106965
6981; 0,015625; 0,015625; 165,07692307692307; 0,041063912
6982; 0,015625; 0,015625; 165,8846153846154; 0,04126484
6983; 0,015625; 0,015625; 163,46153846153845; 0,040662084
6984; 0,015625; 0,015625; 164,69230769230768; 0,040968247
6985; 0,015625; 0,015625; 165,71153846153845; 0,041221775
6986; 0,015625; 0,015625; 164,90384615384616; 0,041020866
6987; 0,015625; 0,015625; 163,82692307692307; 0,040752973
6988; 0,015625; 0,015625; 164,69230769230768; 0,040968243
6989; 0,015625; 0,015625; 164,96153846153845; 0,04103522
6990; 0,015625; 0,015625; 164,8653846153846; 0,041011296
6991; 0,015625; 0,015625; 164,94230769230768; 0,041030444
6992; 0,015625; 0,015625; 164,34615384615384; 0,040882133
6993; 0,015625; 0,015625; 165,19230769230768; 0,04109262
6994; 0,015625; 0,015625; 163,57692307692307; 0,040690787
6995; 0,015625; 0,015625; 164,21153846153845; 0,040848654
6996; 0,015625; 0,015625; 165,6153846153846; 0,04119786
6997; 0,015625; 0,015625; 164,98076923076923; 0,04104
6998; 0,015625; 0,015625; 164,46153846153845; 0,04091084
6999; 0,015625; 0,015625; 165,59615384615384; 0,041193083
7000; 0,015625; 0,015625; 165,05769230769232; 0,041059136
7001; 0,015625; 0,015625; 164,96153846153845; 0,041035213
7002; 0,015625; 0,015625; 164,1346153846154; 0,040829513
7003; 0,015625; 0,015625; 166,05769230769232; 0,041307885
7004; 0,015625; 0,015625; 163,78846153846155; 0,040743407
7005; 0,015625; 0,015625; 164,34615384615384; 0,040882133
7006; 0,015625; 0,015625; 166,73076923076923; 0,04147533
7007; 0,015625; 0,015625; 164,53846153846155; 0,040929973
7008; 0,015625; 0,015625; 164,07692307692307; 0,04081516
7009; 0,015625; 0,015625; 165,07692307692307; 0,04106392
7010; 0,015625; 0,015625; 165,26923076923077; 0,041111752
7011; 0,015625; 0,015625; 165,69230769230768; 0,041216996
7012; 0,015625; 0,015625; 164,8653846153846; 0,041011296
7013; 0,015625; 0,015625; 164,30769230769232; 0,04087257
7014; 0,015625; 0,015625; 165,34615384615384; 0,041130893
7015; 0,015625; 0,015625; 165,21153846153845; 0,041097406
7016; 0,015625; 0,015625; 165,1153846153846; 0,041073482
7017; 0,015625; 0,015625; 164,55769230769232; 0,040934756
7018; 0,015625; 0,015625; 165,0; 0,041044775
7019; 0,015625; 0,015625; 164,73076923076923; 0,04097781
7020; 0,015625; 0,015625; 164,6153846153846; 0,04094911
7021; 0,015625; 0,015625; 164,98076923076923; 0,04104
7022; 0,015625; 0,015625; 163,78846153846155; 0,040743403
7023; 0,015625; 0,015625; 167,42307692307693; 0,041647535
7024; 0,015625; 0,015625; 163,92307692307693; 0,040776893
7025; 0,015625; 0,015625; 165,76923076923077; 0,04123613
7026; 0,015625; 0,015625; 165,1153846153846; 0,041073494
7027; 0,015625; 0,015625; 165,51923076923077; 0,04117395
7028; 0,015625; 0,015625; 164,6153846153846; 0,04094911
7029; 0,015625; 0,015625; 163,98076923076923; 0,04079124
7030; 0,015625; 0,015625; 165,44230769230768; 0,04115481
7031; 0,015625; 0,015625; 164,8653846153846; 0,041011296
7032; 0,015625; 0,015625; 164,98076923076923; 0,04104
7033; 0,015625; 0,015625; 166,44230769230768; 0,04140357
7034; 0,015625; 0,015625; 165,46153846153845; 0,041159593
7035; 0,015625; 0,015625; 163,92307692307693; 0,040776893
7036; 0,015625; 0,015625; 166,01923076923077; 0,041298326
7037; 0,015625; 0,015625; 165,25; 0,041106973
7038; 0,015625; 0,015625; 164,69230769230768; 0,04096824
7039; 0,015625; 0,015625; 164,5; 0,040920403
7040; 0,015625; 0,015625; 164,53846153846155; 0,040929977
7041; 0,015625; 0,015625; 165,80769230769232; 0,041245703
7042; 0,015625; 0,015625; 163,94230769230768; 0,040781673
7043; 0,015625; 0,015625; 165,1153846153846; 0,041073486
7044; 0,015625; 0,015625; 165,59615384615384; 0,041193075
7045; 0,015625; 0,015625; 164,84615384615384; 0,041006513
7046; 0,015625; 0,015625; 165,03846153846155; 0,04105435
7047; 0,015625; 0,015625; 164,8846153846154; 0,04101608
7048; 0,015625; 0,015625; 165,3846153846154; 0,041140456
7049; 0,015625; 0,015625; 165,28846153846155; 0,04111654
7050; 0,015625; 0,015625; 165,67307692307693; 0,041212216
7051; 0,015625; 0,015625; 165,0; 0,04104478
7052; 0,015625; 0,015625; 164,8653846153846; 0,041011296
7053; 0,015625; 0,015625; 165,3846153846154; 0,04114046
7054; 0,015625; 0,015625; 166,1153846153846; 0,04132224
7055; 0,015625; 0,015625; 165,76923076923077; 0,04123613
7056; 0,015625; 0,015625; 164,57692307692307; 0,040939536
7057; 0,015625; 0,015625; 164,65384615384616; 0,040958676
7058; 0,015625; 0,015625; 164,8846153846154; 0,041016083
7059; 0,015625; 0,015625; 164,67307692307693; 0,040963463
7060; 0,015625; 0,015625; 165,05769230769232; 0,041059136
7061; 0,015625; 0,015625; 165,28846153846155; 0,04111655
7062; 0,015625; 0,015625; 164,76923076923077; 0,04098738
7063; 0,015625; 0,015625; 164,28846153846155; 0,04086778
7064; 0,015625; 0,015625; 164,3653846153846; 0,040886924
7065; 0,015625; 0,015625; 164,55769230769232; 0,04093475
7066; 0,015625; 0,015625; 164,5; 0,04092041
7067; 0,015625; 0,015625; 166,40384615384616; 0,041393995
7068; 0,015625; 0,015625; 164,25; 0,040858217
7069; 0,015625; 0,015625; 164,8653846153846; 0,041011292
7070; 0,015625; 0,015625; 164,82692307692307; 0,04100173
7071; 0,015625; 0,015625; 165,25; 0,041106973
7072; 0,015625; 0,015625; 164,98076923076923; 0,041040003
7073; 0,015625; 0,015625; 164,71153846153845; 0,040973023
7074; 0,015625; 0,015625; 164,90384615384616; 0,04102087
7075; 0,015625; 0,015625; 164,5; 0,040920403
7076; 0,015625; 0,015625; 165,1346153846154; 0,041078266
7077; 0,015625; 0,015625; 164,09615384615384; 0,040819947
7078; 0,015625; 0,015625; 164,42307692307693; 0,040901266
7079; 0,015625; 0,015625; 164,25; 0,040858213
7080; 0,015625; 0,015625; 164,98076923076923; 0,041040007
7081; 0,015625; 0,015625; 165,82692307692307; 0,041250482
7082; 0,015625; 0,015625; 165,30769230769232; 0,041121323
7083; 0,015625; 0,015625; 165,5; 0,04116916
7084; 0,015625; 0,015625; 164,75; 0,040982597
7085; 0,015625; 0,015625; 164,94230769230768; 0,041030433
7086; 0,015625; 0,015625; 164,05769230769232; 0,04081038
7087; 0,015625; 0,015625; 164,30769230769232; 0,04087257
7088; 0,015625; 0,015625; 166,57692307692307; 0,041437056
7089; 0,015625; 0,015625; 164,53846153846155; 0,040929973
7090; 0,015625; 0,015625; 166,23076923076923; 0,041350946
7091; 0,015625; 0,015625; 166,84615384615384; 0,041504025
7092; 0,015625; 0,015625; 164,09615384615384; 0,040819943
7093; 0,015625; 0,015625; 164,84615384615384; 0,04100651
7094; 0,015625; 0,015625; 166,51923076923077; 0,041422702
7095; 0,015625; 0,015625; 165,15384615384616; 0,041083056
7096; 0,015625; 0,015625; 166,48076923076923; 0,041413132
7097; 0,015625; 0,015625; 165,42307692307693; 0,04115003
7098; 0,015625; 0,015625; 165,5; 0,041169163
7099; 0,015625; 0,015625; 163,30769230769232; 0,04062381
7100; 0,015625; 0,015625; 164,48076923076923; 0,040915623
7101; 0,015625; 0,015625; 165,19230769230768; 0,041092627
7102; 0,015625; 0,015625; 164,65384615384616; 0,040958676
7103; 0,015625; 0,015625; 165,3846153846154; 0,041140456
7104; 0,015625; 0,015625; 164,65384615384616; 0,040958684
7105; 0,015625; 0,015625; 164,67307692307693; 0,040963452
7106; 0,015625; 0,015625; 165,69230769230768; 0,041216996
7107; 0,015625; 0,015625; 163,8653846153846; 0,040762544
7108; 0,015625; 0,015625; 165,3653846153846; 0,041135672
7109; 0,015625; 0,015625; 164,51923076923077; 0,04092519
7110; 0,015625; 0,015625; 166,90384615384616; 0,04151837
7111; 0,015625; 0,015625; 165,92307692307693; 0,041274402
7112; 0,015625; 0,015625; 164,19230769230768; 0,040843863
7113; 0,015625; 0,015625; 164,75; 0,040982597
7114; 0,015625; 0,015625; 164,92307692307693; 0,041025642
7115; 0,015625; 0,015625; 166,71153846153845; 0,041470535
7116; 0,015625; 0,015625; 164,84615384615384; 0,04100651
7117; 0,015625; 0,015625; 165,48076923076923; 0,041164372
7118; 0,015625; 0,015625; 165,46153846153845; 0,041159596
7119; 0,015625; 0,015625; 164,6346153846154; 0,04095389
7120; 0,015625; 0,015625; 166,44230769230768; 0,041403566
7121; 0,015625; 0,015625; 164,6153846153846; 0,040949106
7122; 0,015625; 0,015625; 164,73076923076923; 0,040977813
7123; 0,015625; 0,015625; 165,09615384615384; 0,0410687
7124; 0,015625; 0,015625; 164,73076923076923; 0,040977802
7125; 0,015625; 0,015625; 164,40384615384616; 0,04089649
7126; 0,015625; 0,015625; 165,09615384615384; 0,041068707
7127; 0,015625; 0,015625; 165,32692307692307; 0,04112611
7128; 0,015625; 0,015625; 164,44230769230768; 0,04090605
7129; 0,015625; 0,015625; 164,98076923076923; 0,041040003
7130; 0,015625; 0,015625; 164,80769230769232; 0,04099695
7131; 0,015625; 0,015625; 164,8653846153846; 0,041011292
7132; 0,015625; 0,015625; 165,44230769230768; 0,041154806
7133; 0,015625; 0,015625; 164,57692307692307; 0,040939543
7134; 0,015625; 0,015625; 164,25; 0,04085821
7135; 0,015625; 0,015625; 165,1153846153846; 0,041073482
7136; 0,015625; 0,015625; 164,57692307692307; 0,040939536
7137; 0,015625; 0,015625; 165,26923076923077; 0,041111752
7138; 0,015625; 0,015625; 164,32692307692307; 0,040877346
7139; 0,015625; 0,015625; 165,1346153846154; 0,04107827
7140; 0,015625; 0,015625; 164,94230769230768; 0,041030433
7141; 0,015625; 0,015625; 163,76923076923077; 0,040738624
7142; 0,015625; 0,015625; 165,03846153846155; 0,041054346
7143; 0,015625; 0,015625; 165,76923076923077; 0,041236125
7144; 0,015625; 0,015625; 163,94230769230768; 0,040781677
7145; 0,015625; 0,015625; 165,1346153846154; 0,041078266
7146; 0,015625; 0,015625; 165,25; 0,041106973
7147; 0,015625; 0,015625; 164,94230769230768; 0,041030433
7148; 0,015625; 0,015625; 165,46153846153845; 0,041159596
7149; 0,015625; 0,015625; 164,98076923076923; 0,04104
7150; 0,015625; 0,015625; 164,53846153846155; 0,040929973
7151; 0,015625; 0,015625; 164,6346153846154; 0,040953882
7152; 0,015625; 0,015625; 164,96153846153845; 0,04103522
7153; 0,015625; 0,015625; 164,67307692307693; 0,040963456
7154; 0,015625; 0,015625; 164,75; 0,040982597
7155; 0,015625; 0,015625; 164,57692307692307; 0,040939532
7156; 0,015625; 0,015625; 165,96153846153845; 0,041283973
7157; 0,015625; 0,015625; 164,94230769230768; 0,04103043
7158; 0,015625; 0,015625; 164,25; 0,04085821
7159; 0,015625; 0,015625; 165,69230769230768; 0,041217003
7160; 0,015625; 0,015625; 164,25; 0,040858217
7161; 0,015625; 0,015625; 164,5; 0,040920403
7162; 0,015625; 0,015625; 163,75; 0,04073384
7163; 0,015625; 0,015625; 164,51923076923077; 0,040925197
7164; 0,015625; 0,015625; 163,32692307692307; 0,040628593
7165; 0,015625; 0,015625; 163,8846153846154; 0,040767327
7166; 0,015625; 0,015625; 165,07692307692307; 0,041063923
7167; 0,015625; 0,015625; 165,84615384615384; 0,04125527
7168; 0,015625; 0,015625; 164,48076923076923; 0,040915616
7169; 0,015625; 0,015625; 164,07692307692307; 0,04081516
7170; 0,015625; 0,015625; 165,09615384615384; 0,041068695
7171; 0,015625; 0,015625; 164,90384615384616; 0,041020866
7172; 0,015625; 0,015625; 164,76923076923077; 0,040987372
7173; 0,015625; 0,015625; 164,19230769230768; 0,040843863
7174; 0,015625; 0,015625; 167,48076923076923; 0,041661896
7175; 0,015625; 0,015625; 164,69230769230768; 0,040968243
7176; 0,015625; 0,015625; 164,46153846153845; 0,040910844
7177; 0,015625; 0,015625; 164,84615384615384; 0,04100651
7178; 0,015625; 0,015625; 166,30769230769232; 0,04137008
7179; 0,015625; 0,015625; 164,3653846153846; 0,040886924
7180; 0,015625; 0,015625; 165,44230769230768; 0,04115481
7181; 0,015625; 0,015625; 164,19230769230768; 0,040843867
7182; 0,015625; 0,015625; 164,1346153846154; 0,040829506
7183; 0,015625; 0,015625; 164,46153846153845; 0,040910844
7184; 0,015625; 0,015625; 165,6346153846154; 0,04120265
7185; 0,015625; 0,015625; 165,03846153846155; 0,041054353
7186; 0,015625; 0,015625; 165,76923076923077; 0,041236136
7187; 0,015625; 0,015625; 164,25; 0,040858213
7188; 0,015625; 0,015625; 164,94230769230768; 0,041030433
7189; 0,015625; 0,015625; 164,26923076923077; 0,040863
7190; 0,015625; 0,015625; 164,71153846153845; 0,040973023
7191; 0,015625; 0,015625; 165,19230769230768; 0,04109262
7192; 0,015625; 0,015625; 165,09615384615384; 0,0410687
7193; 0,015625; 0,015625; 165,55769230769232; 0,041183513
7194; 0,015625; 0,015625; 164,92307692307693; 0,041025642
7195; 0,015625; 0,015625; 165,21153846153845; 0,041097406
7196; 0,015625; 0,015625; 165,25; 0,041106973
7197; 0,015625; 0,015625; 163,8653846153846; 0,04076254
7198; 0,015625; 0,015625; 164,51923076923077; 0,040925186
7199; 0,015625; 0,015625; 165,19230769230768; 0,04109262
7200; 0,015625; 0,015625; 164,8846153846154; 0,04101608
7201; 0,015625; 0,015625; 164,90384615384616; 0,041020863
7202; 0,015625; 0,015625; 165,46153846153845; 0,041159593
7203; 0,015625; 0,015625; 164,78846153846155; 0,040992163
7204; 0,015625; 0,015625; 164,76923076923077; 0,040987376
7205; 0,015625; 0,015625; 164,75; 0,040982597
7206; 0,015625; 0,015625; 165,30769230769232; 0,041121326
7207; 0,015625; 0,015625; 164,80769230769232; 0,040996946
7208; 0,015625; 0,015625; 164,21153846153845; 0,04084865
7209; 0,015625; 0,015625; 165,71153846153845; 0,041221783
7210; 0,015625; 0,015625; 166,3653846153846; 0,041384432
7211; 0,015625; 0,015625; 163,78846153846155; 0,04074341
7212; 0,015625; 0,015625; 164,73076923076923; 0,040977813
7213; 0,015625; 0,015625; 164,3846153846154; 0,040891703
7214; 0,015625; 0,015625; 164,96153846153845; 0,041035216
7215; 0,015625; 0,015625; 164,80769230769232; 0,04099695
7216; 0,015625; 0,015625; 163,30769230769232; 0,040623806
7217; 0,015625; 0,015625; 166,09615384615384; 0,04131746
7218; 0,015625; 0,015625; 165,53846153846155; 0,041178726
7219; 0,015625; 0,015625; 163,67307692307693; 0,040714704
7220; 0,015625; 0,015625; 165,84615384615384; 0,04125527
7221; 0,015625; 0,015625; 165,8653846153846; 0,041260056
7222; 0,015625; 0,015625; 164,94230769230768; 0,04103043
7223; 0,015625; 0,015625; 165,55769230769232; 0,04118351
7224; 0,015625; 0,015625; 165,73076923076923; 0,04122657
7225; 0,015625; 0,015625; 164,82692307692307; 0,041001733
7226; 0,015625; 0,015625; 167,1346153846154; 0,041575782
7227; 0,015625; 0,015625; 166,65384615384616; 0,04145618
7228; 0,015625; 0,015625; 164,92307692307693; 0,041025646
7229; 0,015625; 0,015625; 164,55769230769232; 0,04093476
7230; 0,015625; 0,015625; 164,82692307692307; 0,041001722
7231; 0,015625; 0,015625; 165,92307692307693; 0,041274406
7232; 0,015625; 0,015625; 164,05769230769232; 0,04081038
7233; 0,015625; 0,015625; 164,69230769230768; 0,04096824
7234; 0,015625; 0,015625; 165,98076923076923; 0,041288756
7235; 0,015625; 0,015625; 163,96153846153845; 0,040786464
7236; 0,015625; 0,015625; 164,65384615384616; 0,040958676
7237; 0,015625; 0,015625; 164,80769230769232; 0,040996943
7238; 0,015625; 0,015625; 164,5; 0,04092041
7239; 0,015625; 0,015625; 165,34615384615384; 0,041130897
7240; 0,015625; 0,015625; 164,8846153846154; 0,04101608
7241; 0,015625; 0,015625; 164,40384615384616; 0,040896483
7242; 0,015625; 0,015625; 164,65384615384616; 0,040958676
7243; 0,015625; 0,015625; 165,05769230769232; 0,041059133
7244; 0,015625; 0,015625; 165,01923076923077; 0,041049566
7245; 0,015625; 0,015625; 164,98076923076923; 0,04104
7246; 0,015625; 0,015625; 164,8846153846154; 0,04101608
7247; 0,015625; 0,015625; 164,21153846153845; 0,04084865
7248; 0,015625; 0,015625; 164,84615384615384; 0,04100651
7249; 0,015625; 0,015625; 165,0; 0,041044787
7250; 0,015625; 0,015625; 165,42307692307693; 0,04115003
7251; 0,015625; 0,015625; 165,1153846153846; 0,041073486
7252; 0,015625; 0,015625; 166,32692307692307; 0,041374862
7253; 0,015625; 0,015625; 164,69230769230768; 0,040968243
7254; 0,015625; 0,015625; 165,1346153846154; 0,041078273
7255; 0,015625; 0,015625; 164,30769230769232; 0,04087257
7256; 0,015625; 0,015625; 163,75; 0,040733837
7257; 0,015625; 0,015625; 165,75; 0,04123134
7258; 0,015625; 0,015625; 165,75; 0,04123135
7259; 0,015625; 0,015625; 164,8846153846154; 0,041016083
7260; 0,015625; 0,015625; 164,44230769230768; 0,040906053
7261; 0,015625; 0,015625; 164,51923076923077; 0,04092519
7262; 0,015625; 0,015625; 164,98076923076923; 0,041040003
7263; 0,015625; 0,015625; 165,46153846153845; 0,041159593
7264; 0,015625; 0,015625; 164,98076923076923; 0,04104
7265; 0,015625; 0,015625; 165,51923076923077; 0,041173942
7266; 0,015625; 0,015625; 164,51923076923077; 0,04092519
7267; 0,015625; 0,015625; 165,05769230769232; 0,041059133
7268; 0,015625; 0,015625; 164,67307692307693; 0,040963463
7269; 0,015625; 0,015625; 164,80769230769232; 0,040996943
7270; 0,015625; 0,015625; 165,01923076923077; 0,041049562
7271; 0,015625; 0,015625; 164,0; 0,040796027
7272; 0,015625; 0,015625; 165,28846153846155; 0,041116543
7273; 0,015625; 0,015625; 164,09615384615384; 0,04081995
7274; 0,015625; 0,015625; 165,3846153846154; 0,041140463
7275; 0,015625; 0,015625; 165,15384615384616; 0,041083053
7276; 0,015625; 0,015625; 165,21153846153845; 0,04109741
7277; 0,015625; 0,015625; 164,84615384615384; 0,041006513
7278; 0,015625; 0,015625; 164,26923076923077; 0,040863
7279; 0,015625; 0,015625; 165,46153846153845; 0,041159596
7280; 0,015625; 0,015625; 165,26923076923077; 0,04111176
7281; 0,015625; 0,015625; 165,32692307692307; 0,041126113
7282; 0,015625; 0,015625; 165,65384615384616; 0,04120743
7283; 0,015625; 0,015625; 163,75; 0,040733837
7284; 0,015625; 0,015625; 165,03846153846155; 0,041054353
7285; 0,015625; 0,015625; 165,15384615384616; 0,041083056
7286; 0,015625; 0,015625; 164,09615384615384; 0,040819947
7287; 0,015625; 0,015625; 164,6153846153846; 0,040949106
7288; 0,015625; 0,015625; 167,19230769230768; 0,04159013
7289; 0,015625; 0,015625; 166,05769230769232; 0,04130789
7290; 0,015625; 0,015625; 165,0; 0,041044775
7291; 0,015625; 0,015625; 164,78846153846155; 0,04099216
7292; 0,015625; 0,015625; 165,19230769230768; 0,04109262
7293; 0,015625; 0,015625; 164,3846153846154; 0,040891703
7294; 0,015625; 0,015625; 164,98076923076923; 0,041040003
7295; 0,015625; 0,015625; 164,96153846153845; 0,041035213
7296; 0,015625; 0,015625; 166,01923076923077; 0,041298326
7297; 0,015625; 0,015625; 164,48076923076923; 0,040915623
7298; 0,015625; 0,015625; 165,6346153846154; 0,041202646
7299; 0,015625; 0,015625; 165,3653846153846; 0,04113567
7300; 0,015625; 0,015625; 165,32692307692307; 0,04112611
7301; 0,015625; 0,015625; 164,5; 0,040920403
7302; 0,015625; 0,015625; 165,96153846153845; 0,04128397
7303; 0,015625; 0,015625; 165,23076923076923; 0,04110219
7304; 0,015625; 0,015625; 164,6153846153846; 0,040949106
7305; 0,015625; 0,015625; 164,82692307692307; 0,04100173
7306; 0,015625; 0,015625; 164,65384615384616; 0,04095867
7307; 0,015625; 0,015625; 165,8653846153846; 0,041260056
7308; 0,015625; 0,015625; 165,21153846153845; 0,041097403
7309; 0,015625; 0,015625; 164,51923076923077; 0,040925186
7310; 0,015625; 0,015625; 164,73076923076923; 0,04097781
7311; 0,015625; 0,015625; 164,78846153846155; 0,04099216
7312; 0,015625; 0,015625; 165,5; 0,041169163
7313; 0,015625; 0,015625; 164,32692307692307; 0,040877346
7314; 0,015625; 0,015625; 165,25; 0,041106973
7315; 0,015625; 0,015625; 164,84615384615384; 0,041006513
7316; 0,015625; 0,015625; 164,03846153846155; 0,040805597
7317; 0,015625; 0,015625; 165,55769230769232; 0,041183513
7318; 0,015625; 0,015625; 165,25; 0,041106965
7319; 0,015625; 0,015625; 165,32692307692307; 0,041126113
7320; 0,015625; 0,015625; 164,51923076923077; 0,04092519
7321; 0,015625; 0,015625; 164,6153846153846; 0,04094911
7322; 0,015625; 0,015625; 165,32692307692307; 0,041126106
7323; 0,015625; 0,015625; 165,8653846153846; 0,041260056
7324; 0,015625; 0,015625; 164,67307692307693; 0,040963456
7325; 0,015625; 0,015625; 164,82692307692307; 0,04100173
7326; 0,015625; 0,015625; 164,96153846153845; 0,041035213
7327; 0,015625; 0,015625; 164,1346153846154; 0,040829517
7328; 0,015625; 0,015625; 164,73076923076923; 0,04097781
7329; 0,015625; 0,015625; 165,1153846153846; 0,041073486
7330; 0,015625; 0,015625; 164,98076923076923; 0,04104
7331; 0,015625; 0,015625; 165,17307692307693; 0,041087832
7332; 0,015625; 0,015625; 164,3846153846154; 0,040891703
7333; 0,015625; 0,015625; 166,23076923076923; 0,041350942
7334; 0,015625; 0,015625; 165,57692307692307; 0,0411883
7335; 0,015625; 0,015625; 165,67307692307693; 0,041212216
7336; 0,015625; 0,015625; 165,75; 0,04123134
7337; 0,015625; 0,015625; 164,1346153846154; 0,040829513
7338; 0,015625; 0,015625; 165,19230769230768; 0,04109262
7339; 0,015625; 0,015625; 164,78846153846155; 0,040992163
7340; 0,015625; 0,015625; 164,8846153846154; 0,041016083
7341; 0,015625; 0,015625; 165,01923076923077; 0,041049574
7342; 0,015625; 0,015625; 164,0; 0,040796027
7343; 0,015625; 0,015625; 165,73076923076923; 0,04122657
7344; 0,015625; 0,015625; 165,53846153846155; 0,041178726
7345; 0,015625; 0,015625; 165,17307692307693; 0,04108784
7346; 0,015625; 0,015625; 165,42307692307693; 0,04115003
7347; 0,015625; 0,015625; 164,78846153846155; 0,040992163
7348; 0,015625; 0,015625; 165,03846153846155; 0,04105435
7349; 0,015625; 0,015625; 165,17307692307693; 0,04108784
7350; 0,015625; 0,015625; 164,5; 0,040920403
7351; 0,015625; 0,015625; 164,71153846153845; 0,04097303
7352; 0,015625; 0,015625; 164,78846153846155; 0,040992163
7353; 0,015625; 0,015625; 164,73076923076923; 0,040977813
7354; 0,015625; 0,015625; 165,05769230769232; 0,041059133
7355; 0,015625; 0,015625; 165,6153846153846; 0,04119787
7356; 0,015625; 0,015625; 164,80769230769232; 0,040996946
7357; 0,015625; 0,015625; 165,28846153846155; 0,04111654
7358; 0,015625; 0,015625; 165,30769230769232; 0,041121323
7359; 0,015625; 0,015625; 166,26923076923077; 0,041360512
7360; 0,015625; 0,015625; 165,30769230769232; 0,041121326
7361; 0,015625; 0,015625; 164,8653846153846; 0,041011296
7362; 0,015625; 0,015625; 164,78846153846155; 0,04099216
7363; 0,015625; 0,015625; 165,05769230769232; 0,041059136
7364; 0,015625; 0,015625; 166,32692307692307; 0,041374866
7365; 0,015625; 0,015625; 164,65384615384616; 0,040958676
7366; 0,015625; 0,015625; 164,53846153846155; 0,040929973
7367; 0,015625; 0,015625; 164,6153846153846; 0,040949114
7368; 0,015625; 0,015625; 165,03846153846155; 0,04105435
7369; 0,015625; 0,015625; 164,51923076923077; 0,040925186
7370; 0,015625; 0,015625; 164,96153846153845; 0,041035213
7371; 0,015625; 0,015625; 165,32692307692307; 0,04112611
7372; 0,015625; 0,015625; 165,32692307692307; 0,04112611
7373; 0,015625; 0,015625; 165,5; 0,041169163
7374; 0,015625; 0,015625; 165,3653846153846; 0,041135672
7375; 0,015625; 0,015625; 164,51923076923077; 0,04092519
7376; 0,015625; 0,015625; 165,17307692307693; 0,04108784
7377; 0,015625; 0,015625; 165,3846153846154; 0,04114046
7378; 0,015625; 0,015625; 165,01923076923077; 0,041049566
7379; 0,015625; 0,015625; 165,03846153846155; 0,04105435
7380; 0,015625; 0,015625; 165,21153846153845; 0,041097403
7381; 0,015625; 0,015625; 165,17307692307693; 0,04108784
7382; 0,015625; 0,015625; 164,6153846153846; 0,04094911
7383; 0,015625; 0,015625; 166,44230769230768; 0,04140357
7384; 0,015625; 0,015625; 164,59615384615384; 0,040944315
7385; 0,015625; 0,015625; 164,96153846153845; 0,041035216
7386; 0,015625; 0,015625; 164,96153846153845; 0,041035216
7387; 0,015625; 0,015625; 165,44230769230768; 0,04115481
7388; 0,015625; 0,015625; 163,32692307692307; 0,040628597
7389; 0,015625; 0,015625; 165,21153846153845; 0,041097406
7390; 0,015625; 0,015625; 164,6346153846154; 0,04095389
7391; 0,015625; 0,015625; 164,57692307692307; 0,040939536
7392; 0,015625; 0,015625; 164,84615384615384; 0,041006513
7393; 0,015625; 0,015625; 164,48076923076923; 0,040915623
7394; 0,015625; 0,015625; 164,28846153846155; 0,040867787
7395; 0,015625; 0,015625; 164,34615384615384; 0,040882137
7396; 0,015625; 0,015625; 164,98076923076923; 0,04104
7397; 0,015625; 0,015625; 165,1153846153846; 0,041073482
7398; 0,015625; 0,015625; 164,30769230769232; 0,040872566
7399; 0,015625; 0,015625; 166,26923076923077; 0,041360505
7400; 0,015625; 0,015625; 164,17307692307693; 0,040839076
7401; 0,015625; 0,015625; 166,03846153846155; 0,041303102
7402; 0,015625; 0,015625; 165,21153846153845; 0,0410974
7403; 0,015625; 0,015625; 164,8846153846154; 0,041016083
7404; 0,015625; 0,015625; 164,03846153846155; 0,040805597
7405; 0,015625; 0,015625; 165,3653846153846; 0,041135676
7406; 0,015625; 0,015625; 164,92307692307693; 0,041025642
7407; 0,015625; 0,015625; 163,98076923076923; 0,040791247
7408; 0,015625; 0,015625; 164,82692307692307; 0,04100173
7409; 0,015625; 0,015625; 164,67307692307693; 0,040963463
7410; 0,015625; 0,015625; 164,42307692307693; 0,040901277
7411; 0,015625; 0,015625; 164,53846153846155; 0,040929973
7412; 0,015625; 0,015625; 166,67307692307693; 0,041460972
7413; 0,015625; 0,015625; 165,26923076923077; 0,041111752
7414; 0,015625; 0,015625; 164,40384615384616; 0,040896483
7415; 0,015625; 0,015625; 165,57692307692307; 0,041188292
7416; 0,015625; 0,015625; 165,1153846153846; 0,041073482
7417; 0,015625; 0,015625; 164,84615384615384; 0,041006513
7418; 0,015625; 0,015625; 164,90384615384616; 0,041020863
7419; 0,015625; 0,015625; 165,30769230769232; 0,041121326
7420; 0,015625; 0,015625; 164,8653846153846; 0,041011292
7421; 0,015625; 0,015625; 165,5; 0,04116916
7422; 0,015625; 0,015625; 164,05769230769232; 0,04081038
7423; 0,015625; 0,015625; 164,42307692307693; 0,040901266
7424; 0,015625; 0,015625; 165,34615384615384; 0,041130893
7425; 0,015625; 0,015625; 164,82692307692307; 0,041001733
7426; 0,015625; 0,015625; 166,71153846153845; 0,041470543
7427; 0,015625; 0,015625; 164,96153846153845; 0,041035216
7428; 0,015625; 0,015625; 164,8846153846154; 0,041016083
7429; 0,015625; 0,015625; 165,5; 0,041169163
7430; 0,015625; 0,015625; 165,75; 0,041231353
7431; 0,015625; 0,015625; 164,98076923076923; 0,04104
7432; 0,015625; 0,015625; 165,21153846153845; 0,041097406
7433; 0,015625; 0,015625; 164,84615384615384; 0,04100651
7434; 0,015625; 0,015625; 164,55769230769232; 0,04093476
7435; 0,015625; 0,015625; 164,25; 0,040858217
7436; 0,015625; 0,015625; 164,82692307692307; 0,04100173
7437; 0,015625; 0,015625; 164,96153846153845; 0,041035216
7438; 0,015625; 0,015625; 164,6346153846154; 0,040953893
7439; 0,015625; 0,015625; 165,19230769230768; 0,04109262
7440; 0,015625; 0,015625; 164,94230769230768; 0,04103043
7441; 0,015625; 0,015625; 165,07692307692307; 0,041063923
7442; 0,015625; 0,015625; 163,65384615384616; 0,04070992
7443; 0,015625; 0,015625; 164,32692307692307; 0,040877357
7444; 0,015625; 0,015625; 164,46153846153845; 0,040910836
7445; 0,015625; 0,015625; 164,40384615384616; 0,04089649
7446; 0,015625; 0,015625; 164,73076923076923; 0,040977802
7447; 0,015625; 0,015625; 164,3653846153846; 0,04088692
7448; 0,015625; 0,015625; 163,76923076923077; 0,040738624
7449; 0,015625; 0,015625; 163,92307692307693; 0,040776893
7450; 0,015625; 0,015625; 165,03846153846155; 0,041054346
7451; 0,015625; 0,015625; 164,76923076923077; 0,04098738
7452; 0,015625; 0,015625; 164,55769230769232; 0,04093476
7453; 0,015625; 0,015625; 165,17307692307693; 0,04108784
7454; 0,015625; 0,015625; 163,92307692307693; 0,040776893
7455; 0,015625; 0,015625; 164,30769230769232; 0,040872566
7456; 0,015625; 0,015625; 164,44230769230768; 0,040906053
7457; 0,015625; 0,015625; 165,01923076923077; 0,041049574
7458; 0,015625; 0,015625; 164,23076923076923; 0,040853426
7459; 0,015625; 0,015625; 164,48076923076923; 0,040915623
7460; 0,015625; 0,015625; 165,46153846153845; 0,041159593
7461; 0,015625; 0,015625; 164,69230769230768; 0,04096824
7462; 0,015625; 0,015625; 164,46153846153845; 0,04091084
7463; 0,015625; 0,015625; 164,51923076923077; 0,040925186
7464; 0,015625; 0,015625; 164,51923076923077; 0,04092519
7465; 0,015625; 0,015625; 165,92307692307693; 0,041274406
7466; 0,015625; 0,015625; 165,17307692307693; 0,04108784
7467; 0,015625; 0,015625; 164,15384615384616; 0,0408343
7468; 0,015625; 0,015625; 165,03846153846155; 0,04105436
7469; 0,015625; 0,015625; 165,17307692307693; 0,04108784
7470; 0,015625; 0,015625; 164,59615384615384; 0,040944323
7471; 0,015625; 0,015625; 164,46153846153845; 0,040910836
7472; 0,015625; 0,015625; 164,96153846153845; 0,041035216
7473; 0,015625; 0,015625; 166,46153846153845; 0,041408353
7474; 0,015625; 0,015625; 164,67307692307693; 0,040963463
7475; 0,015625; 0,015625; 165,05769230769232; 0,041059136
7476; 0,015625; 0,015625; 163,96153846153845; 0,04078646
7477; 0,015625; 0,015625; 165,26923076923077; 0,041111752
7478; 0,015625; 0,015625; 164,96153846153845; 0,04103522
7479; 0,015625; 0,015625; 164,80769230769232; 0,04099695
7480; 0,015625; 0,015625; 164,8846153846154; 0,04101608
7481; 0,015625; 0,015625; 164,34615384615384; 0,040882137
7482; 0,015625; 0,015625; 165,07692307692307; 0,04106392
7483; 0,015625; 0,015625; 164,78846153846155; 0,040992167
7484; 0,015625; 0,015625; 164,3653846153846; 0,040886916
7485; 0,015625; 0,015625; 164,73076923076923; 0,04097781
7486; 0,015625; 0,015625; 164,78846153846155; 0,040992163
7487; 0,015625; 0,015625; 165,32692307692307; 0,041126106
7488; 0,015625; 0,015625; 165,19230769230768; 0,04109263
7489; 0,015625; 0,015625; 164,92307692307693; 0,041025646
7490; 0,015625; 0,015625; 164,98076923076923; 0,041039996
7491; 0,015625; 0,015625; 165,5; 0,04116916
7492; 0,015625; 0,015625; 166,23076923076923; 0,041350942
7493; 0,015625; 0,015625; 165,28846153846155; 0,04111654
7494; 0,015625; 0,015625; 165,17307692307693; 0,04108784
7495; 0,015625; 0,015625; 164,51923076923077; 0,040925197
7496; 0,015625; 0,015625; 165,07692307692307; 0,04106392
7497; 0,015625; 0,015625; 166,25; 0,04135573
7498; 0,015625; 0,015625; 164,5; 0,040920403
7499; 0,015625; 0,015625; 163,96153846153845; 0,04078646
7500; 0,015625; 0,015625; 165,57692307692307; 0,041188296
7501; 0,015625; 0,015625; 164,84615384615384; 0,04100651
7502; 0,015625; 0,015625; 165,44230769230768; 0,04115481
7503; 0,015625; 0,015625; 164,80769230769232; 0,040996946
7504; 0,015625; 0,015625; 164,69230769230768; 0,040968247
7505; 0,015625; 0,015625; 165,09615384615384; 0,0410687
7506; 0,015625; 0,015625; 165,0; 0,04104478
7507; 0,015625; 0,015625; 164,53846153846155; 0,040929973
7508; 0,015625; 0,015625; 164,94230769230768; 0,04103043
7509; 0,015625; 0,015625; 165,17307692307693; 0,04108784
7510; 0,015625; 0,015625; 164,73076923076923; 0,040977813
7511; 0,015625; 0,015625; 165,51923076923077; 0,041173942
7512; 0,015625; 0,015625; 164,28846153846155; 0,040867787
7513; 0,015625; 0,015625; 165,40384615384616; 0,041145246
7514; 0,015625; 0,015625; 164,8846153846154; 0,04101608
7515; 0,015625; 0,015625; 166,1153846153846; 0,04132224
7516; 0,015625; 0,015625; 164,59615384615384; 0,040944323
7517; 0,015625; 0,015625; 166,32692307692307; 0,04137486
7518; 0,015625; 0,015625; 164,07692307692307; 0,04081516
7519; 0,015625; 0,015625; 165,09615384615384; 0,04106871
7520; 0,015625; 0,015625; 165,32692307692307; 0,041126113
7521; 0,015625; 0,015625; 165,23076923076923; 0,04110219
7522; 0,015625; 0,015625; 165,46153846153845; 0,041159596
7523; 0,015625; 0,015625; 165,21153846153845; 0,041097403
7524; 0,015625; 0,015625; 164,80769230769232; 0,04099695
7525; 0,015625; 0,015625; 163,96153846153845; 0,040786464
7526; 0,015625; 0,015625; 164,03846153846155; 0,040805597
7527; 0,015625; 0,015625; 164,75; 0,040982597
7528; 0,015625; 0,015625; 165,5; 0,04116916
7529; 0,015625; 0,015625; 164,6346153846154; 0,040953893
7530; 0,015625; 0,015625; 165,01923076923077; 0,041049566
7531; 0,015625; 0,015625; 165,42307692307693; 0,04115003
7532; 0,015625; 0,015625; 165,84615384615384; 0,04125527
7533; 0,015625; 0,015625; 165,3846153846154; 0,041140456
7534; 0,015625; 0,015625; 165,17307692307693; 0,04108784
7535; 0,015625; 0,015625; 164,98076923076923; 0,041039996
7536; 0,015625; 0,015625; 163,92307692307693; 0,040776893
7537; 0,015625; 0,015625; 165,17307692307693; 0,041087843
7538; 0,015625; 0,015625; 166,57692307692307; 0,04143705
7539; 0,015625; 0,015625; 164,51923076923077; 0,04092519
7540; 0,015625; 0,015625; 165,30769230769232; 0,041121326
7541; 0,015625; 0,015625; 165,46153846153845; 0,041159593
7542; 0,015625; 0,015625; 165,40384615384616; 0,041145243
7543; 0,015625; 0,015625; 164,09615384615384; 0,040819943
7544; 0,015625; 0,015625; 165,09615384615384; 0,041068707
7545; 0,015625; 0,015625; 164,51923076923077; 0,04092519
7546; 0,015625; 0,015625; 165,23076923076923; 0,04110219
7547; 0,015625; 0,015625; 165,19230769230768; 0,04109262
7548; 0,015625; 0,015625; 165,67307692307693; 0,04121222
7549; 0,015625; 0,015625; 165,03846153846155; 0,041054353
7550; 0,015625; 0,015625; 164,73076923076923; 0,04097781
7551; 0,015625; 0,015625; 165,0; 0,04104478
7552; 0,015625; 0,015625; 164,6346153846154; 0,040953893
7553; 0,015625; 0,015625; 165,3653846153846; 0,041135672
7554; 0,015625; 0,015625; 164,96153846153845; 0,041035216
7555; 0,015625; 0,015625; 165,8846153846154; 0,041264836
7556; 0,015625; 0,015625; 165,3653846153846; 0,041135672
7557; 0,015625; 0,015625; 164,3653846153846; 0,04088692
7558; 0,015625; 0,015625; 165,32692307692307; 0,041126113
7559; 0,015625; 0,015625; 165,09615384615384; 0,041068707
7560; 0,015625; 0,015625; 164,98076923076923; 0,041039996
7561; 0,015625; 0,015625; 165,03846153846155; 0,041054353
7562; 0,015625; 0,015625; 164,40384615384616; 0,04089649
7563; 0,015625; 0,015625; 165,26923076923077; 0,04111176
7564; 0,015625; 0,015625; 164,59615384615384; 0,040944323
7565; 0,015625; 0,015625; 165,07692307692307; 0,041063923
7566; 0,015625; 0,015625; 165,1153846153846; 0,041073486
7567; 0,015625; 0,015625; 165,55769230769232; 0,041183513
7568; 0,015625; 0,015625; 164,78846153846155; 0,040992163
7569; 0,015625; 0,015625; 164,46153846153845; 0,04091084
7570; 0,015625; 0,015625; 165,82692307692307; 0,04125049
7571; 0,015625; 0,015625; 164,46153846153845; 0,04091084
7572; 0,015625; 0,015625; 166,32692307692307; 0,041374862
7573; 0,015625; 0,015625; 164,59615384615384; 0,040944323
7574; 0,015625; 0,015625; 164,3846153846154; 0,0408917
7575; 0,015625; 0,015625; 165,15384615384616; 0,041083056
7576; 0,015625; 0,015625; 163,57692307692307; 0,040690783
7577; 0,015625; 0,015625; 164,90384615384616; 0,041020866
7578; 0,015625; 0,015625; 164,3653846153846; 0,040886916
7579; 0,015625; 0,015625; 164,96153846153845; 0,041035213
7580; 0,015625; 0,015625; 164,67307692307693; 0,040963456
7581; 0,015625; 0,015625; 164,84615384615384; 0,04100651
7582; 0,015625; 0,015625; 165,03846153846155; 0,041054353
7583; 0,015625; 0,015625; 164,53846153846155; 0,04092997
7584; 0,015625; 0,015625; 164,80769230769232; 0,040996943
7585; 0,015625; 0,015625; 167,01923076923077; 0,041547082
7586; 0,015625; 0,015625; 164,34615384615384; 0,040882133
7587; 0,015625; 0,015625; 165,05769230769232; 0,041059136
7588; 0,015625; 0,015625; 165,0; 0,04104478
7589; 0,015625; 0,015625; 164,73076923076923; 0,040977813
7590; 0,015625; 0,015625; 164,80769230769232; 0,040996946
7591; 0,015625; 0,015625; 164,59615384615384; 0,04094433
7592; 0,015625; 0,015625; 164,69230769230768; 0,04096824
7593; 0,015625; 0,015625; 165,76923076923077; 0,041236136
7594; 0,015625; 0,015625; 164,53846153846155; 0,04092997
7595; 0,015625; 0,015625; 164,32692307692307; 0,040877357
7596; 0,015625; 0,015625; 164,6346153846154; 0,04095389
7597; 0,015625; 0,015625; 164,94230769230768; 0,041030433
7598; 0,015625; 0,015625; 165,23076923076923; 0,041102186
7599; 0,015625; 0,015625; 165,30769230769232; 0,041121323
7600; 0,015625; 0,015625; 163,44230769230768; 0,0406573
7601; 0,015625; 0,015625; 164,53846153846155; 0,04092997
7602; 0,015625; 0,015625; 164,23076923076923; 0,040853433
7603; 0,015625; 0,015625; 165,75; 0,041231353
7604; 0,015625; 0,015625; 165,0; 0,041044787
7605; 0,015625; 0,015625; 164,73076923076923; 0,04097781
7606; 0,015625; 0,015625; 165,17307692307693; 0,041087832
7607; 0,015625; 0,015625; 165,28846153846155; 0,04111654
7608; 0,015625; 0,015625; 165,67307692307693; 0,041212216
7609; 0,015625; 0,015625; 165,1346153846154; 0,04107827
7610; 0,015625; 0,015625; 164,3653846153846; 0,040886916
7611; 0,015625; 0,015625; 164,90384615384616; 0,041020866
7612; 0,015625; 0,015625; 165,59615384615384; 0,04119307
7613; 0,015625; 0,015625; 166,6153846153846; 0,041446622
7614; 0,015625; 0,015625; 165,3653846153846; 0,041135676
7615; 0,015625; 0,015625; 164,76923076923077; 0,040987376
7616; 0,015625; 0,015625; 164,82692307692307; 0,04100173
7617; 0,015625; 0,015625; 165,26923076923077; 0,041111752
7618; 0,015625; 0,015625; 165,0; 0,041044787
7619; 0,015625; 0,015625; 165,73076923076923; 0,04122657
7620; 0,015625; 0,015625; 165,09615384615384; 0,0410687
7621; 0,015625; 0,015625; 165,67307692307693; 0,041212216
7622; 0,015625; 0,015625; 164,8846153846154; 0,04101608
7623; 0,015625; 0,015625; 165,0; 0,04104478
7624; 0,015625; 0,015625; 164,78846153846155; 0,04099216
7625; 0,015625; 0,015625; 164,78846153846155; 0,040992163
7626; 0,015625; 0,015625; 163,90384615384616; 0,040772106
7627; 0,015625; 0,015625; 164,75; 0,040982597
7628; 0,015625; 0,015625; 164,48076923076923; 0,040915616
7629; 0,015625; 0,015625; 166,03846153846155; 0,041303102
7630; 0,015625; 0,015625; 164,8653846153846; 0,041011296
7631; 0,015625; 0,015625; 164,05769230769232; 0,04081038
7632; 0,015625; 0,015625; 164,01923076923077; 0,040800806
7633; 0,015625; 0,015625; 164,8846153846154; 0,04101608
7634; 0,015625; 0,015625; 164,73076923076923; 0,040977813
7635; 0,015625; 0,015625; 165,48076923076923; 0,041164376
7636; 0,015625; 0,015625; 164,94230769230768; 0,041030433
7637; 0,015625; 0,015625; 164,26923076923077; 0,040862996
7638; 0,015625; 0,015625; 164,78846153846155; 0,040992163
7639; 0,015625; 0,015625; 164,48076923076923; 0,040915623
7640; 0,015625; 0,015625; 164,51923076923077; 0,040925186
7641; 0,015625; 0,015625; 164,09615384615384; 0,04081995
7642; 0,015625; 0,015625; 164,09615384615384; 0,040819947
7643; 0,015625; 0,015625; 167,05769230769232; 0,04155665
7644; 0,015625; 0,015625; 166,1346153846154; 0,041327022
7645; 0,015625; 0,015625; 165,3846153846154; 0,041140463
7646; 0,015625; 0,015625; 164,75; 0,040982597
7647; 0,015625; 0,015625; 165,6153846153846; 0,04119786
7648; 0,015625; 0,015625; 164,98076923076923; 0,04104
7649; 0,015625; 0,015625; 165,09615384615384; 0,041068707
7650; 0,015625; 0,015625; 164,71153846153845; 0,04097303
7651; 0,015625; 0,015625; 164,19230769230768; 0,040843867
7652; 0,015625; 0,015625; 163,59615384615384; 0,040695563
7653; 0,015625; 0,015625; 165,23076923076923; 0,04110219
7654; 0,015625; 0,015625; 164,82692307692307; 0,04100173
7655; 0,015625; 0,015625; 166,03846153846155; 0,041303113
7656; 0,015625; 0,015625; 164,82692307692307; 0,041001733
7657; 0,015625; 0,015625; 164,84615384615384; 0,041006513
7658; 0,015625; 0,015625; 165,28846153846155; 0,041116536
7659; 0,015625; 0,015625; 167,40384615384616; 0,04164275
7660; 0,015625; 0,015625; 166,03846153846155; 0,041303113
7661; 0,015625; 0,015625; 164,78846153846155; 0,040992163
7662; 0,015625; 0,015625; 164,57692307692307; 0,040939532
7663; 0,015625; 0,015625; 166,65384615384616; 0,04145619
7664; 0,015625; 0,015625; 165,1346153846154; 0,04107827
7665; 0,015625; 0,015625; 164,53846153846155; 0,040929973
7666; 0,015625; 0,015625; 164,51923076923077; 0,04092519
7667; 0,015625; 0,015625; 166,48076923076923; 0,041413136
7668; 0,015625; 0,015625; 165,17307692307693; 0,041087832
7669; 0,015625; 0,015625; 164,17307692307693; 0,04083908
7670; 0,015625; 0,015625; 164,84615384615384; 0,041006513
7671; 0,015625; 0,015625; 164,78846153846155; 0,040992163
7672; 0,015625; 0,015625; 165,5; 0,041169163
7673; 0,015625; 0,015625; 164,07692307692307; 0,040815167
7674; 0,015625; 0,015625; 165,03846153846155; 0,04105435
7675; 0,015625; 0,015625; 164,40384615384616; 0,04089649
7676; 0,015625; 0,015625; 164,0; 0,040796034
7677; 0,015625; 0,015625; 165,17307692307693; 0,041087832
7678; 0,015625; 0,015625; 164,57692307692307; 0,040939536
7679; 0,015625; 0,015625; 164,98076923076923; 0,041039996
7680; 0,015625; 0,015625; 166,53846153846155; 0,041427486
7681; 0,015625; 0,015625; 165,0; 0,041044787
7682; 0,015625; 0,015625; 164,51923076923077; 0,040925197
7683; 0,015625; 0,015625; 164,90384615384616; 0,041020855
7684; 0,015625; 0,015625; 165,92307692307693; 0,04127441
7685; 0,015625; 0,015625; 165,8653846153846; 0,04126006
7686; 0,015625; 0,015625; 165,30769230769232; 0,041121323
7687; 0,015625; 0,015625; 165,21153846153845; 0,041097406
7688; 0,015625; 0,015625; 164,90384615384616; 0,041020866
7689; 0,015625; 0,015625; 165,17307692307693; 0,041087843
7690; 0,015625; 0,015625; 164,23076923076923; 0,040853426
7691; 0,015625; 0,015625; 164,65384615384616; 0,040958676
7692; 0,015625; 0,015625; 165,6153846153846; 0,04119787
7693; 0,015625; 0,015625; 164,80769230769232; 0,040996946
7694; 0,015625; 0,015625; 164,5; 0,040920403
7695; 0,015625; 0,015625; 164,42307692307693; 0,040901266
7696; 0,015625; 0,015625; 164,15384615384616; 0,040834293
7697; 0,015625; 0,015625; 164,82692307692307; 0,041001733
7698; 0,015625; 0,015625; 165,05769230769232; 0,041059136
7699; 0,015625; 0,015625; 164,26923076923077; 0,040863004
7700; 0,015625; 0,015625; 165,01923076923077; 0,041049566
7701; 0,015625; 0,015625; 165,48076923076923; 0,04116438
7702; 0,015625; 0,015625; 164,73076923076923; 0,04097781
7703; 0,015625; 0,015625; 164,78846153846155; 0,040992167
7704; 0,015625; 0,015625; 164,6346153846154; 0,040953893
7705; 0,015625; 0,015625; 164,92307692307693; 0,041025646
7706; 0,015625; 0,015625; 164,6346153846154; 0,040953893
7707; 0,015625; 0,015625; 165,82692307692307; 0,041250486
7708; 0,015625; 0,015625; 165,1346153846154; 0,041078266
7709; 0,015625; 0,015625; 166,51923076923077; 0,041422702
7710; 0,015625; 0,015625; 164,71153846153845; 0,04097303
7711; 0,015625; 0,015625; 165,34615384615384; 0,041130893
7712; 0,015625; 0,015625; 164,84615384615384; 0,041006513
7713; 0,015625; 0,015625; 164,8846153846154; 0,041016076
7714; 0,015625; 0,015625; 164,71153846153845; 0,04097303
7715; 0,015625; 0,015625; 163,98076923076923; 0,04079124
7716; 0,015625; 0,015625; 164,65384615384616; 0,040958676
7717; 0,015625; 0,015625; 165,3653846153846; 0,041135672
7718; 0,015625; 0,015625; 164,73076923076923; 0,04097781
7719; 0,015625; 0,015625; 164,21153846153845; 0,04084865
7720; 0,015625; 0,015625; 164,3653846153846; 0,04088692
7721; 0,015625; 0,015625; 165,25; 0,041106973
7722; 0,015625; 0,015625; 165,51923076923077; 0,041173942
7723; 0,015625; 0,015625; 164,75; 0,040982597
7724; 0,015625; 0,015625; 164,25; 0,040858217
7725; 0,015625; 0,015625; 164,76923076923077; 0,040987376
7726; 0,015625; 0,015625; 166,1153846153846; 0,041322246
7727; 0,015625; 0,015625; 165,57692307692307; 0,041188296
7728; 0,015625; 0,015625; 165,21153846153845; 0,041097406
7729; 0,015625; 0,015625; 164,44230769230768; 0,040906053
7730; 0,015625; 0,015625; 165,26923076923077; 0,041111764
7731; 0,015625; 0,015625; 165,94230769230768; 0,041279193
7732; 0,015625; 0,015625; 164,03846153846155; 0,040805597
7733; 0,015625; 0,015625; 165,84615384615384; 0,04125527
7734; 0,015625; 0,015625; 164,07692307692307; 0,040815167
7735; 0,015625; 0,015625; 164,80769230769232; 0,040996946
7736; 0,015625; 0,015625; 164,46153846153845; 0,040910836
7737; 0,015625; 0,015625; 166,40384615384616; 0,041394
7738; 0,015625; 0,015625; 165,6346153846154; 0,041202657
7739; 0,015625; 0,015625; 164,6153846153846; 0,04094911
7740; 0,015625; 0,015625; 164,71153846153845; 0,040973026
7741; 0,015625; 0,015625; 164,09615384615384; 0,040819947
7742; 0,015625; 0,015625; 164,94230769230768; 0,041030433
7743; 0,015625; 0,015625; 165,23076923076923; 0,04110218
7744; 0,015625; 0,015625; 164,8653846153846; 0,041011296
7745; 0,015625; 0,015625; 164,34615384615384; 0,040882133
7746; 0,015625; 0,015625; 164,46153846153845; 0,040910836
7747; 0,015625; 0,015625; 163,57692307692307; 0,040690787
7748; 0,015625; 0,015625; 165,6346153846154; 0,04120265
7749; 0,015625; 0,015625; 164,15384615384616; 0,040834293
7750; 0,015625; 0,015625; 166,26923076923077; 0,041360516
7751; 0,015625; 0,015625; 165,5; 0,041169163
7752; 0,015625; 0,015625; 164,19230769230768; 0,040843867
7753; 0,015625; 0,015625; 165,26923076923077; 0,041111767
7754; 0,015625; 0,015625; 166,21153846153845; 0,041346155
7755; 0,015625; 0,015625; 165,05769230769232; 0,041059133
7756; 0,015625; 0,015625; 166,01923076923077; 0,041298322
7757; 0,015625; 0,015625; 164,34615384615384; 0,040882137
7758; 0,015625; 0,015625; 164,94230769230768; 0,04103043
7759; 0,015625; 0,015625; 165,6346153846154; 0,041202646
7760; 0,015625; 0,015625; 164,80769230769232; 0,04099695
7761; 0,015625; 0,015625; 165,34615384615384; 0,041130893
7762; 0,015625; 0,015625; 165,03846153846155; 0,04105435
7763; 0,015625; 0,015625; 164,26923076923077; 0,040862996
7764; 0,015625; 0,015625; 164,82692307692307; 0,04100173
7765; 0,015625; 0,015625; 165,21153846153845; 0,041097406
7766; 0,015625; 0,015625; 164,23076923076923; 0,040853433
7767; 0,015625; 0,015625; 164,6346153846154; 0,040953893
7768; 0,015625; 0,015625; 164,6153846153846; 0,04094911
7769; 0,015625; 0,015625; 164,96153846153845; 0,04103522
7770; 0,015625; 0,015625; 164,8846153846154; 0,041016083
7771; 0,015625; 0,015625; 165,78846153846155; 0,041240916
7772; 0,015625; 0,015625; 165,19230769230768; 0,04109262
7773; 0,015625; 0,015625; 165,01923076923077; 0,041049574
7774; 0,015625; 0,015625; 166,48076923076923; 0,041413136
7775; 0,015625; 0,015625; 164,42307692307693; 0,040901262
7776; 0,015625; 0,015625; 165,44230769230768; 0,041154806
7777; 0,015625; 0,015625; 165,59615384615384; 0,041193083
7778; 0,015625; 0,015625; 165,0; 0,04104478
7779; 0,015625; 0,015625; 164,84615384615384; 0,041006513
7780; 0,015625; 0,015625; 164,80769230769232; 0,040996946
7781; 0,015625; 0,015625; 165,30769230769232; 0,041121326
7782; 0,015625; 0,015625; 164,6346153846154; 0,04095389
7783; 0,015625; 0,015625; 164,8846153846154; 0,041016083
7784; 0,015625; 0,015625; 164,34615384615384; 0,040882137
7785; 0,015625; 0,015625; 164,59615384615384; 0,04094432
7786; 0,015625; 0,015625; 164,6153846153846; 0,04094911
7787; 0,015625; 0,015625; 164,75; 0,040982597
7788; 0,015625; 0,015625; 164,59615384615384; 0,040944323
7789; 0,015625; 0,015625; 164,53846153846155; 0,04092997
7790; 0,015625; 0,015625; 165,96153846153845; 0,041283973
7791; 0,015625; 0,015625; 164,6346153846154; 0,040953893
7792; 0,015625; 0,015625; 164,98076923076923; 0,04104
7793; 0,015625; 0,015625; 164,59615384615384; 0,04094432
7794; 0,015625; 0,015625; 165,30769230769232; 0,041121323
7795; 0,015625; 0,015625; 164,67307692307693; 0,040963456
7796; 0,015625; 0,015625; 164,76923076923077; 0,04098738
7797; 0,015625; 0,015625; 164,71153846153845; 0,040973026
7798; 0,015625; 0,015625; 165,55769230769232; 0,041183516
7799; 0,015625; 0,015625; 165,19230769230768; 0,04109262
7800; 0,015625; 0,015625; 165,3846153846154; 0,04114046
7801; 0,015625; 0,015625; 165,65384615384616; 0,041207436
7802; 0,015625; 0,015625; 165,67307692307693; 0,04121221
7803; 0,015625; 0,015625; 165,21153846153845; 0,041097406
7804; 0,015625; 0,015625; 164,34615384615384; 0,040882137
7805; 0,015625; 0,015625; 164,90384615384616; 0,04102087
7806; 0,015625; 0,015625; 164,8653846153846; 0,041011296
7807; 0,015625; 0,015625; 163,42307692307693; 0,040652514
7808; 0,015625; 0,015625; 164,84615384615384; 0,041006513
7809; 0,015625; 0,015625; 166,07692307692307; 0,04131268
7810; 0,015625; 0,015625; 164,98076923076923; 0,04104
7811; 0,015625; 0,015625; 164,90384615384616; 0,041020863
7812; 0,015625; 0,015625; 164,76923076923077; 0,04098738
7813; 0,015625; 0,015625; 164,30769230769232; 0,04087257
7814; 0,015625; 0,015625; 164,44230769230768; 0,040906053
7815; 0,015625; 0,015625; 165,76923076923077; 0,04123614
7816; 0,015625; 0,015625; 164,8653846153846; 0,0410113
7817; 0,015625; 0,015625; 164,96153846153845; 0,04103522
7818; 0,015625; 0,015625; 164,3653846153846; 0,04088692
7819; 0,015625; 0,015625; 164,57692307692307; 0,040939536
7820; 0,015625; 0,015625; 165,07692307692307; 0,041063912
7821; 0,015625; 0,015625; 164,30769230769232; 0,040872566
7822; 0,015625; 0,015625; 166,5; 0,04141792
7823; 0,015625; 0,015625; 164,71153846153845; 0,040973026
7824; 0,015625; 0,015625; 164,51923076923077; 0,04092519
7825; 0,015625; 0,015625; 164,98076923076923; 0,04104
7826; 0,015625; 0,015625; 165,1153846153846; 0,041073482
7827; 0,015625; 0,015625; 164,34615384615384; 0,040882133
7828; 0,015625; 0,015625; 164,32692307692307; 0,04087736
7829; 0,015625; 0,015625; 164,65384615384616; 0,040958676
7830; 0,015625; 0,015625; 164,57692307692307; 0,040939543
7831; 0,015625; 0,015625; 164,3846153846154; 0,040891707
7832; 0,015625; 0,015625; 164,67307692307693; 0,040963463
7833; 0,015625; 0,015625; 164,55769230769232; 0,040934756
7834; 0,015625; 0,015625; 165,51923076923077; 0,04117395
7835; 0,015625; 0,015625; 164,84615384615384; 0,041006513
7836; 0,015625; 0,015625; 164,57692307692307; 0,040939536
7837; 0,015625; 0,015625; 164,44230769230768; 0,040906053
7838; 0,015625; 0,015625; 164,94230769230768; 0,041030433
7839; 0,015625; 0,015625; 165,80769230769232; 0,041245706
7840; 0,015625; 0,015625; 164,07692307692307; 0,04081517
7841; 0,015625; 0,015625; 165,01923076923077; 0,041049566
7842; 0,015625; 0,015625; 165,28846153846155; 0,041116543
7843; 0,015625; 0,015625; 165,73076923076923; 0,041226566
7844; 0,015625; 0,015625; 164,8653846153846; 0,041011296
7845; 0,015625; 0,015625; 166,1346153846154; 0,041327022
7846; 0,015625; 0,015625; 164,96153846153845; 0,04103522
7847; 0,015625; 0,015625; 165,32692307692307; 0,041126113
7848; 0,015625; 0,015625; 165,21153846153845; 0,041097406
7849; 0,015625; 0,015625; 164,17307692307693; 0,04083908
7850; 0,015625; 0,015625; 164,84615384615384; 0,041006513
7851; 0,015625; 0,015625; 164,09615384615384; 0,04081995
7852; 0,015625; 0,015625; 164,32692307692307; 0,04087735
7853; 0,015625; 0,015625; 164,94230769230768; 0,041030433
7854; 0,015625; 0,015625; 165,25; 0,041106977
7855; 0,015625; 0,015625; 165,30769230769232; 0,041121323
7856; 0,015625; 0,015625; 165,17307692307693; 0,041087832
7857; 0,015625; 0,015625; 165,34615384615384; 0,041130893
7858; 0,015625; 0,015625; 165,19230769230768; 0,041092627
7859; 0,015625; 0,015625; 165,09615384615384; 0,0410687
7860; 0,015625; 0,015625; 164,78846153846155; 0,04099216
7861; 0,015625; 0,015625; 166,53846153846155; 0,041427486
7862; 0,015625; 0,015625; 164,46153846153845; 0,040910833
7863; 0,015625; 0,015625; 165,1346153846154; 0,041078273
7864; 0,015625; 0,015625; 164,26923076923077; 0,040863004
7865; 0,015625; 0,015625; 164,76923076923077; 0,04098738
7866; 0,015625; 0,015625; 165,15384615384616; 0,041083045
7867; 0,015625; 0,015625; 164,05769230769232; 0,040810373
7868; 0,015625; 0,015625; 165,03846153846155; 0,04105435
7869; 0,015625; 0,015625; 164,30769230769232; 0,040872566
7870; 0,015625; 0,015625; 164,25; 0,040858213
7871; 0,015625; 0,015625; 165,03846153846155; 0,04105435
7872; 0,015625; 0,015625; 163,59615384615384; 0,04069557
7873; 0,015625; 0,015625; 164,32692307692307; 0,04087735
7874; 0,015625; 0,015625; 165,15384615384616; 0,041083053
7875; 0,015625; 0,015625; 164,57692307692307; 0,040939536
7876; 0,015625; 0,015625; 165,46153846153845; 0,041159593
7877; 0,015625; 0,015625; 164,94230769230768; 0,04103044
7878; 0,015625; 0,015625; 164,42307692307693; 0,040901277
7879; 0,015625; 0,015625; 165,51923076923077; 0,041173942
7880; 0,015625; 0,015625; 165,05769230769232; 0,041059136
7881; 0,015625; 0,015625; 165,8653846153846; 0,04126005
7882; 0,015625; 0,015625; 165,07692307692307; 0,04106392
7883; 0,015625; 0,015625; 163,94230769230768; 0,040781677
7884; 0,015625; 0,015625; 165,19230769230768; 0,041092627
7885; 0,015625; 0,015625; 165,78846153846155; 0,041240916
7886; 0,015625; 0,015625; 165,0; 0,04104478
7887; 0,015625; 0,015625; 164,48076923076923; 0,040915616
7888; 0,015625; 0,015625; 164,6346153846154; 0,04095389
7889; 0,015625; 0,015625; 164,94230769230768; 0,04103043
7890; 0,015625; 0,015625; 164,96153846153845; 0,041035216
7891; 0,015625; 0,015625; 166,09615384615384; 0,04131746
7892; 0,015625; 0,015625; 164,44230769230768; 0,040906053
7893; 0,015625; 0,015625; 164,6346153846154; 0,04095389
7894; 0,015625; 0,015625; 166,09615384615384; 0,041317455
7895; 0,015625; 0,015625; 163,8653846153846; 0,040762544
7896; 0,015625; 0,015625; 165,3846153846154; 0,041140456
7897; 0,015625; 0,015625; 164,48076923076923; 0,040915627
7898; 0,015625; 0,015625; 164,6153846153846; 0,040949106
7899; 0,015625; 0,015625; 165,5; 0,041169163
7900; 0,015625; 0,015625; 164,8653846153846; 0,041011296
7901; 0,015625; 0,015625; 164,57692307692307; 0,040939543
7902; 0,015625; 0,015625; 163,59615384615384; 0,04069557
7903; 0,015625; 0,015625; 165,03846153846155; 0,04105435
7904; 0,015625; 0,015625; 165,01923076923077; 0,041049566
7905; 0,015625; 0,015625; 164,53846153846155; 0,040929977
7906; 0,015625; 0,015625; 165,5; 0,041169167
7907; 0,015625; 0,015625; 166,05769230769232; 0,04130789
7908; 0,015625; 0,015625; 165,07692307692307; 0,04106392
7909; 0,015625; 0,015625; 164,59615384615384; 0,04094432
7910; 0,015625; 0,015625; 164,92307692307693; 0,041025646
7911; 0,015625; 0,015625; 165,01923076923077; 0,041049566
7912; 0,015625; 0,015625; 164,51923076923077; 0,04092519
7913; 0,015625; 0,015625; 164,75; 0,040982597
7914; 0,015625; 0,015625; 165,23076923076923; 0,04110219
7915; 0,015625; 0,015625; 164,92307692307693; 0,041025646
7916; 0,015625; 0,015625; 164,09615384615384; 0,040819947
7917; 0,015625; 0,015625; 164,57692307692307; 0,040939543
7918; 0,015625; 0,015625; 164,90384615384616; 0,041020863
7919; 0,015625; 0,015625; 164,25; 0,040858213
7920; 0,015625; 0,015625; 165,15384615384616; 0,041083056
7921; 0,015625; 0,015625; 165,5; 0,041169163
7922; 0,015625; 0,015625; 166,69230769230768; 0,041465763
7923; 0,015625; 0,015625; 165,15384615384616; 0,041083053
7924; 0,015625; 0,015625; 165,55769230769232; 0,041183513
7925; 0,015625; 0,015625; 165,01923076923077; 0,041049566
7926; 0,015625; 0,015625; 165,0; 0,04104478
7927; 0,015625; 0,015625; 164,34615384615384; 0,040882144
7928; 0,015625; 0,015625; 164,57692307692307; 0,040939543
7929; 0,015625; 0,015625; 165,0; 0,041044787
7930; 0,015625; 0,015625; 164,76923076923077; 0,040987376
7931; 0,015625; 0,015625; 165,6153846153846; 0,041197862
7932; 0,015625; 0,015625; 164,94230769230768; 0,041030433
7933; 0,015625; 0,015625; 165,07692307692307; 0,04106392
7934; 0,015625; 0,015625; 164,53846153846155; 0,040929973
7935; 0,015625; 0,015625; 165,23076923076923; 0,041102186
7936; 0,015625; 0,015625; 165,82692307692307; 0,041250486
7937; 0,015625; 0,015625; 164,65384615384616; 0,040958676
7938; 0,015625; 0,015625; 166,03846153846155; 0,041303102
7939; 0,015625; 0,015625; 165,59615384615384; 0,041193083
7940; 0,015625; 0,015625; 165,94230769230768; 0,04127919
7941; 0,015625; 0,015625; 164,51923076923077; 0,04092519
7942; 0,015625; 0,015625; 165,05769230769232; 0,041059136
7943; 0,015625; 0,015625; 164,3846153846154; 0,040891692
7944; 0,015625; 0,015625; 164,78846153846155; 0,04099216
7945; 0,015625; 0,015625; 168,21153846153845; 0,041843675
7946; 0,015625; 0,015625; 165,65384615384616; 0,04120743
7947; 0,015625; 0,015625; 164,51923076923077; 0,040925186
7948; 0,015625; 0,015625; 163,98076923076923; 0,040791247
7949; 0,015625; 0,015625; 164,82692307692307; 0,041001733
7950; 0,015625; 0,015625; 165,76923076923077; 0,041236136
7951; 0,015625; 0,015625; 165,25; 0,041106965
7952; 0,015625; 0,015625; 164,75; 0,040982597
7953; 0,015625; 0,015625; 164,94230769230768; 0,041030433
7954; 0,015625; 0,015625; 164,8846153846154; 0,04101608
7955; 0,015625; 0,015625; 164,42307692307693; 0,04090127
7956; 0,015625; 0,015625; 165,82692307692307; 0,041250482
7957; 0,015625; 0,015625; 165,05769230769232; 0,041059133
7958; 0,015625; 0,015625; 166,0; 0,04129354
7959; 0,015625; 0,015625; 164,30769230769232; 0,040872566
7960; 0,015625; 0,015625; 164,71153846153845; 0,04097303
7961; 0,015625; 0,015625; 164,48076923076923; 0,040915627
7962; 0,015625; 0,015625; 164,94230769230768; 0,041030426
7963; 0,015625; 0,015625; 166,17307692307693; 0,04133659
7964; 0,015625; 0,015625; 164,84615384615384; 0,041006513
7965; 0,015625; 0,015625; 166,30769230769232; 0,041370086
7966; 0,015625; 0,015625; 166,23076923076923; 0,041350942
7967; 0,015625; 0,015625; 165,15384615384616; 0,041083056
7968; 0,015625; 0,015625; 164,75; 0,04098259
7969; 0,015625; 0,015625; 164,76923076923077; 0,040987372
7970; 0,015625; 0,015625; 164,3846153846154; 0,040891707
7971; 0,015625; 0,015625; 163,30769230769232; 0,04062381
7972; 0,015625; 0,015625; 164,03846153846155; 0,040805597
7973; 0,015625; 0,015625; 165,0; 0,041044787
7974; 0,015625; 0,015625; 165,0; 0,041044787
7975; 0,015625; 0,015625; 165,30769230769232; 0,041121323
7976; 0,015625; 0,015625; 165,17307692307693; 0,04108784
7977; 0,015625; 0,015625; 166,5; 0,04141792
7978; 0,015625; 0,015625; 165,40384615384616; 0,041145246
7979; 0,015625; 0,015625; 166,03846153846155; 0,041303106
7980; 0,015625; 0,015625; 164,96153846153845; 0,041035213
7981; 0,015625; 0,015625; 165,32692307692307; 0,04112611
7982; 0,015625; 0,015625; 164,48076923076923; 0,040915616
7983; 0,015625; 0,015625; 164,76923076923077; 0,04098738
7984; 0,015625; 0,015625; 164,6153846153846; 0,040949102
7985; 0,015625; 0,015625; 165,09615384615384; 0,041068707
7986; 0,015625; 0,015625; 164,48076923076923; 0,040915623
7987; 0,015625; 0,015625; 164,65384615384616; 0,04095868
7988; 0,015625; 0,015625; 164,73076923076923; 0,04097781
7989; 0,015625; 0,015625; 164,6153846153846; 0,040949106
7990; 0,015625; 0,015625; 165,6153846153846; 0,04119786
7991; 0,015625; 0,015625; 164,71153846153845; 0,040973026
7992; 0,015625; 0,015625; 164,76923076923077; 0,040987376
7993; 0,015625; 0,015625; 164,75; 0,04098259
7994; 0,015625; 0,015625; 166,73076923076923; 0,04147532
7995; 0,015625; 0,015625; 164,71153846153845; 0,040973026
7996; 0,015625; 0,015625; 163,96153846153845; 0,04078646
7997; 0,015625; 0,015625; 165,05769230769232; 0,041059133
7998; 0,015625; 0,015625; 165,1346153846154; 0,041078273
7999; 0,015625; 0,015625; 165,30769230769232; 0,041121323
8000; 0,015625; 0,015625; 165,21153846153845; 0,041097406
8001; 0,015625; 0,015625; 165,3653846153846; 0,041135672
8002; 0,015625; 0,015625; 164,75; 0,040982597
8003; 0,015625; 0,015625; 164,76923076923077; 0,040987376
8004; 0,015625; 0,015625; 164,8846153846154; 0,041016083
8005; 0,015625; 0,015625; 164,65384615384616; 0,04095868
8006; 0,015625; 0,015625; 165,09615384615384; 0,041068707
8007; 0,015625; 0,015625; 163,78846153846155; 0,040743407
8008; 0,015625; 0,015625; 164,15384615384616; 0,040834293
8009; 0,015625; 0,015625; 164,15384615384616; 0,040834293
8010; 0,015625; 0,015625; 164,73076923076923; 0,04097781
8011; 0,015625; 0,015625; 164,17307692307693; 0,040839076
8012; 0,015625; 0,015625; 165,1346153846154; 0,04107827
8013; 0,015625; 0,015625; 164,1346153846154; 0,040829513
8014; 0,015625; 0,015625; 164,44230769230768; 0,040906053
8015; 0,015625; 0,015625; 165,51923076923077; 0,04117395
8016; 0,015625; 0,015625; 164,59615384615384; 0,040944323
8017; 0,015625; 0,015625; 165,19230769230768; 0,04109262
8018; 0,015625; 0,015625; 164,94230769230768; 0,041030433
8019; 0,015625; 0,015625; 165,65384615384616; 0,041207433
8020; 0,015625; 0,015625; 164,53846153846155; 0,040929973
8021; 0,015625; 0,015625; 165,28846153846155; 0,04111654
8022; 0,015625; 0,015625; 165,26923076923077; 0,04111176
8023; 0,015625; 0,015625; 165,3653846153846; 0,041135672
8024; 0,015625; 0,015625; 164,94230769230768; 0,041030433
8025; 0,015625; 0,015625; 163,98076923076923; 0,040791247
8026; 0,015625; 0,015625; 164,3846153846154; 0,040891707
8027; 0,015625; 0,015625; 164,65384615384616; 0,04095868
8028; 0,015625; 0,015625; 166,19230769230768; 0,041341383
8029; 0,015625; 0,015625; 165,75; 0,04123135
8030; 0,015625; 0,015625; 164,71153846153845; 0,04097303
8031; 0,015625; 0,015625; 164,28846153846155; 0,040867783
8032; 0,015625; 0,015625; 165,1346153846154; 0,04107827
8033; 0,015625; 0,015625; 164,82692307692307; 0,041001733
8034; 0,015625; 0,015625; 164,30769230769232; 0,04087257
8035; 0,015625; 0,015625; 166,17307692307693; 0,041336592
8036; 0,015625; 0,015625; 164,8653846153846; 0,0410113
8037; 0,015625; 0,015625; 164,44230769230768; 0,040906057
8038; 0,015625; 0,015625; 165,1346153846154; 0,041078266
8039; 0,015625; 0,015625; 164,30769230769232; 0,040872566
8040; 0,015625; 0,015625; 165,1346153846154; 0,041078273
8041; 0,015625; 0,015625; 164,80769230769232; 0,040996946
8042; 0,015625; 0,015625; 166,1346153846154; 0,041327022
8043; 0,015625; 0,015625; 164,46153846153845; 0,040910836
8044; 0,015625; 0,015625; 164,44230769230768; 0,040906057
8045; 0,015625; 0,015625; 165,30769230769232; 0,041121326
8046; 0,015625; 0,015625; 165,3653846153846; 0,041135676
8047; 0,015625; 0,015625; 164,73076923076923; 0,04097781
8048; 0,015625; 0,015625; 165,07692307692307; 0,04106392
8049; 0,015625; 0,015625; 164,34615384615384; 0,040882137
8050; 0,015625; 0,015625; 164,73076923076923; 0,04097781
8051; 0,015625; 0,015625; 164,92307692307693; 0,041025646
8052; 0,015625; 0,015625; 165,3653846153846; 0,041135676
8053; 0,015625; 0,015625; 164,78846153846155; 0,04099216
8054; 0,015625; 0,015625; 163,98076923076923; 0,04079124
8055; 0,015625; 0,015625; 164,71153846153845; 0,040973026
8056; 0,015625; 0,015625; 166,01923076923077; 0,041298322
8057; 0,015625; 0,015625; 165,23076923076923; 0,04110219
8058; 0,015625; 0,015625; 163,84615384615384; 0,040757768
8059; 0,015625; 0,015625; 164,69230769230768; 0,04096824
8060; 0,015625; 0,015625; 165,09615384615384; 0,041068707
8061; 0,015625; 0,015625; 165,0; 0,04104478
8062; 0,015625; 0,015625; 164,6346153846154; 0,040953897
8063; 0,015625; 0,015625; 165,19230769230768; 0,04109262
8064; 0,015625; 0,015625; 164,92307692307693; 0,041025646
8065; 0,015625; 0,015625; 165,65384615384616; 0,041207433
8066; 0,015625; 0,015625; 165,05769230769232; 0,041059136
8067; 0,015625; 0,015625; 165,15384615384616; 0,041083064
8068; 0,015625; 0,015625; 164,48076923076923; 0,040915627
8069; 0,015625; 0,015625; 164,26923076923077; 0,040862996
8070; 0,015625; 0,015625; 164,3653846153846; 0,040886916
8071; 0,015625; 0,015625; 164,90384615384616; 0,04102087
8072; 0,015625; 0,015625; 165,1153846153846; 0,041073482
8073; 0,015625; 0,015625; 165,01923076923077; 0,041049566
8074; 0,015625; 0,015625; 164,5; 0,040920403
8075; 0,015625; 0,015625; 164,6346153846154; 0,040953893
8076; 0,015625; 0,015625; 164,59615384615384; 0,040944323
8077; 0,015625; 0,015625; 164,6346153846154; 0,040953893
8078; 0,015625; 0,015625; 164,75; 0,040982597
8079; 0,015625; 0,015625; 167,3653846153846; 0,041633192
8080; 0,015625; 0,015625; 165,57692307692307; 0,0411883
8081; 0,015625; 0,015625; 164,1346153846154; 0,040829513
8082; 0,015625; 0,015625; 164,80769230769232; 0,040996946
8083; 0,015625; 0,015625; 164,55769230769232; 0,040934756
8084; 0,015625; 0,015625; 164,76923076923077; 0,040987376
8085; 0,015625; 0,015625; 164,51923076923077; 0,040925186
8086; 0,015625; 0,015625; 164,73076923076923; 0,040977817
8087; 0,015625; 0,015625; 164,23076923076923; 0,040853426
8088; 0,015625; 0,015625; 165,01923076923077; 0,041049562
8089; 0,015625; 0,015625; 163,25; 0,040609457
8090; 0,015625; 0,015625; 164,71153846153845; 0,040973026
8091; 0,015625; 0,015625; 165,26923076923077; 0,04111176
8092; 0,015625; 0,015625; 165,03846153846155; 0,041054353
8093; 0,015625; 0,015625; 165,8653846153846; 0,041260056
8094; 0,015625; 0,015625; 165,07692307692307; 0,041063912
8095; 0,015625; 0,015625; 165,19230769230768; 0,041092627
8096; 0,015625; 0,015625; 164,6346153846154; 0,040953893
8097; 0,015625; 0,015625; 165,57692307692307; 0,041188296
8098; 0,015625; 0,015625; 165,30769230769232; 0,041121326
8099; 0,015625; 0,015625; 164,84615384615384; 0,04100651
8100; 0,015625; 0,015625; 165,3846153846154; 0,04114046
8101; 0,015625; 0,015625; 165,32692307692307; 0,0411261
8102; 0,015625; 0,015625; 164,15384615384616; 0,040834293
8103; 0,015625; 0,015625; 164,53846153846155; 0,04092997
8104; 0,015625; 0,015625; 163,98076923076923; 0,040791247
8105; 0,015625; 0,015625; 165,03846153846155; 0,04105435
8106; 0,015625; 0,015625; 165,03846153846155; 0,04105435
8107; 0,015625; 0,015625; 164,98076923076923; 0,04104
8108; 0,015625; 0,015625; 165,03846153846155; 0,04105435
8109; 0,015625; 0,015625; 164,53846153846155; 0,04092997
8110; 0,015625; 0,015625; 168,90384615384616; 0,042015888
8111; 0,015625; 0,015625; 163,57692307692307; 0,04069078
8112; 0,015625; 0,015625; 164,98076923076923; 0,041040003
8113; 0,015625; 0,015625; 164,92307692307693; 0,041025646
8114; 0,015625; 0,015625; 164,3653846153846; 0,04088692
8115; 0,015625; 0,015625; 164,57692307692307; 0,040939536
8116; 0,015625; 0,015625; 164,40384615384616; 0,040896483
8117; 0,015625; 0,015625; 165,25; 0,041106973
8118; 0,015625; 0,015625; 164,6153846153846; 0,04094911
8119; 0,015625; 0,015625; 165,01923076923077; 0,041049566
8120; 0,015625; 0,015625; 164,73076923076923; 0,040977813
8121; 0,015625; 0,015625; 164,46153846153845; 0,040910836
8122; 0,015625; 0,015625; 164,19230769230768; 0,04084386
8123; 0,015625; 0,015625; 164,6153846153846; 0,040949106
8124; 0,015625; 0,015625; 165,32692307692307; 0,041126106
8125; 0,015625; 0,015625; 165,76923076923077; 0,041236136
8126; 0,015625; 0,015625; 164,1153846153846; 0,04082473
8127; 0,015625; 0,015625; 165,53846153846155; 0,04117873
8128; 0,015625; 0,015625; 165,94230769230768; 0,04127919
8129; 0,015625; 0,015625; 164,07692307692307; 0,040815167
8130; 0,015625; 0,015625; 165,32692307692307; 0,041126106
8131; 0,015625; 0,015625; 165,8653846153846; 0,041260056
8132; 0,015625; 0,015625; 163,71153846153845; 0,040724277
8133; 0,015625; 0,015625; 164,92307692307693; 0,041025646
8134; 0,015625; 0,015625; 165,26923076923077; 0,04111176
8135; 0,015625; 0,015625; 164,23076923076923; 0,040853433
8136; 0,015625; 0,015625; 164,25; 0,040858217
8137; 0,015625; 0,015625; 164,8653846153846; 0,041011296
8138; 0,015625; 0,015625; 165,80769230769232; 0,0412457
8139; 0,015625; 0,015625; 166,75; 0,04148011
8140; 0,015625; 0,015625; 163,6153846153846; 0,04070035
8141; 0,015625; 0,015625; 164,76923076923077; 0,04098738
8142; 0,015625; 0,015625; 164,73076923076923; 0,04097781
8143; 0,015625; 0,015625; 165,01923076923077; 0,041049566
8144; 0,015625; 0,015625; 164,6153846153846; 0,04094911
8145; 0,015625; 0,015625; 165,01923076923077; 0,041049562
8146; 0,015625; 0,015625; 164,90384615384616; 0,041020866
8147; 0,015625; 0,015625; 164,40384615384616; 0,040896483
8148; 0,015625; 0,015625; 165,17307692307693; 0,04108784
8149; 0,015625; 0,015625; 164,8653846153846; 0,041011296
8150; 0,015625; 0,015625; 165,30769230769232; 0,041121326
8151; 0,015625; 0,015625; 164,65384615384616; 0,040958676
8152; 0,015625; 0,015625; 163,30769230769232; 0,04062381
8153; 0,015625; 0,015625; 165,05769230769232; 0,04105914
8154; 0,015625; 0,015625; 164,75; 0,040982597
8155; 0,015625; 0,015625; 165,92307692307693; 0,041274402
8156; 0,015625; 0,015625; 164,69230769230768; 0,040968247
8157; 0,015625; 0,015625; 165,40384615384616; 0,041145243
8158; 0,015625; 0,015625; 166,71153846153845; 0,041470543
8159; 0,015625; 0,015625; 165,98076923076923; 0,041288756
8160; 0,015625; 0,015625; 164,98076923076923; 0,041040003
8161; 0,015625; 0,015625; 164,59615384615384; 0,040944323
8162; 0,015625; 0,015625; 164,6346153846154; 0,040953893
8163; 0,015625; 0,015625; 164,80769230769232; 0,040996946
8164; 0,015625; 0,015625; 164,44230769230768; 0,040906057
8165; 0,015625; 0,015625; 165,0; 0,04104478
8166; 0,015625; 0,015625; 164,69230769230768; 0,040968243
8167; 0,015625; 0,015625; 164,28846153846155; 0,040867783
8168; 0,015625; 0,015625; 164,6346153846154; 0,040953893
8169; 0,015625; 0,015625; 164,3653846153846; 0,04088692
8170; 0,015625; 0,015625; 164,8653846153846; 0,041011296
8171; 0,015625; 0,015625; 164,5; 0,040920403
8172; 0,015625; 0,015625; 164,82692307692307; 0,04100173
8173; 0,015625; 0,015625; 164,51923076923077; 0,040925186
8174; 0,015625; 0,015625; 164,55769230769232; 0,040934756
8175; 0,015625; 0,015625; 165,28846153846155; 0,04111654
8176; 0,015625; 0,015625; 165,46153846153845; 0,041159593
8177; 0,015625; 0,015625; 164,92307692307693; 0,041025653
8178; 0,015625; 0,015625; 163,84615384615384; 0,040757757
8179; 0,015625; 0,015625; 164,48076923076923; 0,040915616
8180; 0,015625; 0,015625; 164,96153846153845; 0,041035216
8181; 0,015625; 0,015625; 165,69230769230768; 0,041216996
8182; 0,015625; 0,015625; 165,28846153846155; 0,041116543
8183; 0,015625; 0,015625; 165,53846153846155; 0,041178726
8184; 0,015625; 0,015625; 164,71153846153845; 0,040973026
8185; 0,015625; 0,015625; 165,0; 0,041044787
8186; 0,015625; 0,015625; 164,96153846153845; 0,041035216
8187; 0,015625; 0,015625; 164,51923076923077; 0,040925186
8188; 0,015625; 0,015625; 164,71153846153845; 0,040973026
8189; 0,015625; 0,015625; 165,01923076923077; 0,041049566
8190; 0,015625; 0,015625; 164,71153846153845; 0,04097303
8191; 0,015625; 0,015625; 165,05769230769232; 0,041059133
8192; 0,015625; 0,015625; 165,57692307692307; 0,041188296
8193; 0,015625; 0,015625; 165,25; 0,041106973
8194; 0,015625; 0,015625; 165,53846153846155; 0,041178726
8195; 0,015625; 0,015625; 167,0; 0,0415423
8196; 0,015625; 0,015625; 165,94230769230768; 0,04127919
8197; 0,015625; 0,015625; 165,69230769230768; 0,04121699
8198; 0,015625; 0,015625; 164,42307692307693; 0,04090127
8199; 0,015625; 0,015625; 166,17307692307693; 0,041336592
8200; 0,015625; 0,015625; 165,40384615384616; 0,041145243
8201; 0,015625; 0,015625; 164,80769230769232; 0,040996946
8202; 0,015625; 0,015625; 165,57692307692307; 0,0411883
8203; 0,015625; 0,015625; 165,3846153846154; 0,04114046
8204; 0,015625; 0,015625; 164,82692307692307; 0,04100173
8205; 0,015625; 0,015625; 164,65384615384616; 0,04095867
8206; 0,015625; 0,015625; 165,07692307692307; 0,04106392
8207; 0,015625; 0,015625; 165,28846153846155; 0,04111654
8208; 0,015625; 0,015625; 165,51923076923077; 0,04117395
8209; 0,015625; 0,015625; 164,1153846153846; 0,04082473
8210; 0,015625; 0,015625; 166,51923076923077; 0,041422706
8211; 0,015625; 0,015625; 165,03846153846155; 0,04105435
8212; 0,015625; 0,015625; 164,57692307692307; 0,040939536
8213; 0,015625; 0,015625; 164,76923076923077; 0,04098738
8214; 0,015625; 0,015625; 163,01923076923077; 0,040552057
8215; 0,015625; 0,015625; 164,46153846153845; 0,04091084
8216; 0,015625; 0,015625; 164,5; 0,040920403
8217; 0,015625; 0,015625; 164,34615384615384; 0,040882133
8218; 0,015625; 0,015625; 164,3846153846154; 0,040891703
8219; 0,015625; 0,015625; 166,03846153846155; 0,041303113
8220; 0,015625; 0,015625; 165,09615384615384; 0,0410687
8221; 0,015625; 0,015625; 164,30769230769232; 0,040872566
8222; 0,015625; 0,015625; 164,3653846153846; 0,040886916
8223; 0,015625; 0,015625; 165,09615384615384; 0,041068707
8224; 0,015625; 0,015625; 164,51923076923077; 0,040925186
8225; 0,015625; 0,015625; 163,73076923076923; 0,040729053
8226; 0,015625; 0,015625; 164,48076923076923; 0,040915616
8227; 0,015625; 0,015625; 164,98076923076923; 0,041040003
8228; 0,015625; 0,015625; 164,73076923076923; 0,040977813
8229; 0,015625; 0,015625; 164,17307692307693; 0,040839076
8230; 0,015625; 0,015625; 164,73076923076923; 0,040977813
8231; 0,015625; 0,015625; 164,09615384615384; 0,040819943
8232; 0,015625; 0,015625; 164,40384615384616; 0,04089649
8233; 0,015625; 0,015625; 165,94230769230768; 0,04127919
8234; 0,015625; 0,015625; 164,05769230769232; 0,04081038
8235; 0,015625; 0,015625; 164,32692307692307; 0,04087735
8236; 0,015625; 0,015625; 165,98076923076923; 0,041288756
8237; 0,015625; 0,015625; 164,34615384615384; 0,04088213
8238; 0,015625; 0,015625; 164,96153846153845; 0,041035216
8239; 0,015625; 0,015625; 165,3846153846154; 0,041140452
8240; 0,015625; 0,015625; 165,6153846153846; 0,04119787
8241; 0,015625; 0,015625; 165,23076923076923; 0,041102193
8242; 0,015625; 0,015625; 164,90384615384616; 0,041020863
8243; 0,015625; 0,015625; 164,67307692307693; 0,040963456
8244; 0,015625; 0,015625; 165,73076923076923; 0,041226562
8245; 0,015625; 0,015625; 164,03846153846155; 0,040805593
8246; 0,015625; 0,015625; 165,01923076923077; 0,041049566
8247; 0,015625; 0,015625; 164,65384615384616; 0,040958676
8248; 0,015625; 0,015625; 165,55769230769232; 0,041183513
8249; 0,015625; 0,015625; 164,6346153846154; 0,040953893
8250; 0,015625; 0,015625; 164,92307692307693; 0,041025642
8251; 0,015625; 0,015625; 165,65384615384616; 0,041207436
8252; 0,015625; 0,015625; 163,8846153846154; 0,040767327
8253; 0,015625; 0,015625; 163,65384615384616; 0,04070992
8254; 0,015625; 0,015625; 164,8653846153846; 0,041011292
8255; 0,015625; 0,015625; 165,19230769230768; 0,04109262
8256; 0,015625; 0,015625; 164,82692307692307; 0,041001722
8257; 0,015625; 0,015625; 165,30769230769232; 0,041121323
8258; 0,015625; 0,015625; 164,46153846153845; 0,04091084
8259; 0,015625; 0,015625; 164,71153846153845; 0,040973026
8260; 0,015625; 0,015625; 164,76923076923077; 0,040987376
8261; 0,015625; 0,015625; 164,90384615384616; 0,041020863
8262; 0,015625; 0,015625; 164,71153846153845; 0,04097303
8263; 0,015625; 0,015625; 164,44230769230768; 0,040906053
8264; 0,015625; 0,015625; 164,92307692307693; 0,041025642
8265; 0,015625; 0,015625; 166,6153846153846; 0,041446622
8266; 0,015625; 0,015625; 165,53846153846155; 0,04117873
8267; 0,015625; 0,015625; 164,30769230769232; 0,04087256
8268; 0,015625; 0,015625; 165,42307692307693; 0,041150026
8269; 0,015625; 0,015625; 164,59615384615384; 0,04094432
8270; 0,015625; 0,015625; 164,32692307692307; 0,040877357
8271; 0,015625; 0,015625; 165,44230769230768; 0,041154806
8272; 0,015625; 0,015625; 164,3653846153846; 0,04088692
8273; 0,015625; 0,015625; 164,84615384615384; 0,04100651
8274; 0,015625; 0,015625; 164,26923076923077; 0,040863
8275; 0,015625; 0,015625; 164,55769230769232; 0,040934756
8276; 0,015625; 0,015625; 165,01923076923077; 0,041049566
8277; 0,015625; 0,015625; 163,53846153846155; 0,04068122
8278; 0,015625; 0,015625; 164,90384615384616; 0,041020866
8279; 0,015625; 0,015625; 164,65384615384616; 0,040958676
8280; 0,015625; 0,015625; 165,15384615384616; 0,041083053
8281; 0,015625; 0,015625; 165,69230769230768; 0,041217003
8282; 0,015625; 0,015625; 164,42307692307693; 0,04090127
8283; 0,015625; 0,015625; 164,73076923076923; 0,04097781
8284; 0,015625; 0,015625; 164,78846153846155; 0,040992163
8285; 0,015625; 0,015625; 165,5; 0,041169163
8286; 0,015625; 0,015625; 165,5; 0,041169163
8287; 0,015625; 0,015625; 165,1346153846154; 0,04107827
8288; 0,015625; 0,015625; 165,25; 0,041106973
8289; 0,015625; 0,015625; 164,32692307692307; 0,040877346
8290; 0,015625; 0,015625; 164,76923076923077; 0,040987376
8291; 0,015625; 0,015625; 165,75; 0,041231353
8292; 0,015625; 0,015625; 164,71153846153845; 0,040973026
8293; 0,015625; 0,015625; 164,1153846153846; 0,040824734
8294; 0,015625; 0,015625; 165,30769230769232; 0,041121323
8295; 0,015625; 0,015625; 165,96153846153845; 0,04128397
8296; 0,015625; 0,015625; 164,90384615384616; 0,041020866
8297; 0,015625; 0,015625; 165,71153846153845; 0,04122178
8298; 0,015625; 0,015625; 165,03846153846155; 0,041054353
8299; 0,015625; 0,015625; 164,71153846153845; 0,040973026
8300; 0,015625; 0,015625; 166,34615384615384; 0,04137965
8301; 0,015625; 0,015625; 164,94230769230768; 0,041030433
8302; 0,015625; 0,015625; 165,03846153846155; 0,041054353
8303; 0,015625; 0,015625; 165,44230769230768; 0,041154806
8304; 0,015625; 0,015625; 164,92307692307693; 0,041025646
8305; 0,015625; 0,015625; 164,48076923076923; 0,040915623
8306; 0,015625; 0,015625; 164,8653846153846; 0,041011292
8307; 0,015625; 0,015625; 164,75; 0,040982597
8308; 0,015625; 0,015625; 166,40384615384616; 0,041393995
8309; 0,015625; 0,015625; 164,5; 0,04092041
8310; 0,015625; 0,015625; 166,15384615384616; 0,041331805
8311; 0,015625; 0,015625; 165,01923076923077; 0,041049566
8312; 0,015625; 0,015625; 164,69230769230768; 0,040968243
8313; 0,015625; 0,015625; 165,73076923076923; 0,041226566
8314; 0,015625; 0,015625; 164,67307692307693; 0,040963463
8315; 0,015625; 0,015625; 164,07692307692307; 0,04081516
8316; 0,015625; 0,015625; 164,32692307692307; 0,04087735
8317; 0,015625; 0,015625; 164,94230769230768; 0,04103043
8318; 0,015625; 0,015625; 164,48076923076923; 0,040915616
8319; 0,015625; 0,015625; 164,48076923076923; 0,040915623
8320; 0,015625; 0,015625; 165,78846153846155; 0,041240923
8321; 0,015625; 0,015625; 166,0; 0,04129354
8322; 0,015625; 0,015625; 164,76923076923077; 0,040987372
8323; 0,015625; 0,015625; 165,03846153846155; 0,041054353
8324; 0,015625; 0,015625; 164,69230769230768; 0,040968243
8325; 0,015625; 0,015625; 164,30769230769232; 0,040872566
8326; 0,015625; 0,015625; 165,07692307692307; 0,04106392
8327; 0,015625; 0,015625; 165,42307692307693; 0,04115003
8328; 0,015625; 0,015625; 164,76923076923077; 0,040987376
8329; 0,015625; 0,015625; 164,84615384615384; 0,04100652
8330; 0,015625; 0,015625; 164,98076923076923; 0,04104
8331; 0,015625; 0,015625; 164,69230769230768; 0,040968243
8332; 0,015625; 0,015625; 164,80769230769232; 0,040996946
8333; 0,015625; 0,015625; 166,8653846153846; 0,04150881
8334; 0,015625; 0,015625; 165,23076923076923; 0,04110219
8335; 0,015625; 0,015625; 164,98076923076923; 0,04104
8336; 0,015625; 0,015625; 164,59615384615384; 0,040944323
8337; 0,015625; 0,015625; 164,71153846153845; 0,040973026
8338; 0,015625; 0,015625; 164,71153846153845; 0,040973026
8339; 0,015625; 0,015625; 164,51923076923077; 0,04092519
8340; 0,015625; 0,015625; 164,73076923076923; 0,04097781
8341; 0,015625; 0,015625; 164,34615384615384; 0,040882133
8342; 0,015625; 0,015625; 165,34615384615384; 0,041130897
8343; 0,015625; 0,015625; 164,6346153846154; 0,04095389
8344; 0,015625; 0,015625; 166,3653846153846; 0,041384425
8345; 0,015625; 0,015625; 165,07692307692307; 0,04106392
8346; 0,015625; 0,015625; 164,46153846153845; 0,040910836
8347; 0,015625; 0,015625; 164,82692307692307; 0,04100173
8348; 0,015625; 0,015625; 165,26923076923077; 0,041111752
8349; 0,015625; 0,015625; 164,57692307692307; 0,040939543
8350; 0,015625; 0,015625; 165,84615384615384; 0,04125527
8351; 0,015625; 0,015625; 165,57692307692307; 0,0411883
8352; 0,015625; 0,015625; 163,82692307692307; 0,040752973
8353; 0,015625; 0,015625; 164,46153846153845; 0,040910833
8354; 0,015625; 0,015625; 164,30769230769232; 0,04087257
8355; 0,015625; 0,015625; 165,3846153846154; 0,04114046
8356; 0,015625; 0,015625; 164,0; 0,040796034
8357; 0,015625; 0,015625; 164,6346153846154; 0,04095389
8358; 0,015625; 0,015625; 164,0; 0,040796027
8359; 0,015625; 0,015625; 164,96153846153845; 0,041035216
8360; 0,015625; 0,015625; 165,07692307692307; 0,04106392
8361; 0,015625; 0,015625; 164,55769230769232; 0,04093476
8362; 0,015625; 0,015625; 164,30769230769232; 0,04087257
8363; 0,015625; 0,015625; 165,82692307692307; 0,04125049
8364; 0,015625; 0,015625; 164,55769230769232; 0,04093476
8365; 0,015625; 0,015625; 165,23076923076923; 0,04110219
8366; 0,015625; 0,015625; 164,15384615384616; 0,0408343
8367; 0,015625; 0,015625; 166,0; 0,041293547
8368; 0,015625; 0,015625; 164,0; 0,040796034
8369; 0,015625; 0,015625; 164,32692307692307; 0,04087735
8370; 0,015625; 0,015625; 164,51923076923077; 0,040925186
8371; 0,015625; 0,015625; 164,82692307692307; 0,041001733
8372; 0,015625; 0,015625; 164,09615384615384; 0,04081995
8373; 0,015625; 0,015625; 164,03846153846155; 0,040805593
8374; 0,015625; 0,015625; 165,0; 0,04104478
8375; 0,015625; 0,015625; 164,76923076923077; 0,04098738
8376; 0,015625; 0,015625; 164,69230769230768; 0,040968243
8377; 0,015625; 0,015625; 165,53846153846155; 0,041178726
8378; 0,015625; 0,015625; 165,42307692307693; 0,041150026
8379; 0,015625; 0,015625; 164,48076923076923; 0,040915623
8380; 0,015625; 0,015625; 164,42307692307693; 0,040901266
8381; 0,015625; 0,015625; 164,34615384615384; 0,040882144
8382; 0,015625; 0,015625; 164,40384615384616; 0,040896483
8383; 0,015625; 0,015625; 164,76923076923077; 0,04098738
8384; 0,015625; 0,015625; 164,23076923076923; 0,040853433
8385; 0,015625; 0,015625; 165,17307692307693; 0,04108784
8386; 0,015625; 0,015625; 164,94230769230768; 0,041030426
8387; 0,015625; 0,015625; 164,0; 0,040796023
8388; 0,015625; 0,015625; 165,3846153846154; 0,041140456
8389; 0,015625; 0,015625; 164,82692307692307; 0,04100173
8390; 0,015625; 0,015625; 164,17307692307693; 0,040839076
8391; 0,015625; 0,015625; 164,80769230769232; 0,040996946
8392; 0,015625; 0,015625; 164,75; 0,04098259
8393; 0,015625; 0,015625; 164,3846153846154; 0,040891703
8394; 0,015625; 0,015625; 165,8653846153846; 0,04126006
8395; 0,015625; 0,015625; 166,42307692307693; 0,041398786
8396; 0,015625; 0,015625; 165,09615384615384; 0,041068695
8397; 0,015625; 0,015625; 165,34615384615384; 0,041130893
8398; 0,015625; 0,015625; 164,28846153846155; 0,040867787
8399; 0,015625; 0,015625; 164,73076923076923; 0,04097781
8400; 0,015625; 0,015625; 166,21153846153845; 0,04134616
8401; 0,015625; 0,015625; 164,28846153846155; 0,040867783
8402; 0,015625; 0,015625; 165,07692307692307; 0,041063912
8403; 0,015625; 0,015625; 165,03846153846155; 0,04105435
8404; 0,015625; 0,015625; 165,17307692307693; 0,04108784
8405; 0,015625; 0,015625; 164,84615384615384; 0,04100651
8406; 0,015625; 0,015625; 164,05769230769232; 0,040810384
8407; 0,015625; 0,015625; 165,76923076923077; 0,041236136
8408; 0,015625; 0,015625; 164,53846153846155; 0,04092997
8409; 0,015625; 0,015625; 165,92307692307693; 0,041274406
8410; 0,015625; 0,015625; 164,96153846153845; 0,041035213
8411; 0,015625; 0,015625; 165,21153846153845; 0,041097403
8412; 0,015625; 0,015625; 164,21153846153845; 0,040848646
8413; 0,015625; 0,015625; 164,82692307692307; 0,041001722
8414; 0,015625; 0,015625; 164,40384615384616; 0,04089649
8415; 0,015625; 0,015625; 164,46153846153845; 0,040910836
8416; 0,015625; 0,015625; 164,51923076923077; 0,040925197
8417; 0,015625; 0,015625; 164,94230769230768; 0,041030433
8418; 0,015625; 0,015625; 163,94230769230768; 0,040781673
8419; 0,015625; 0,015625; 166,32692307692307; 0,041374862
8420; 0,015625; 0,015625; 165,1346153846154; 0,041078266
8421; 0,015625; 0,015625; 166,32692307692307; 0,041374862
8422; 0,015625; 0,015625; 165,53846153846155; 0,041178737
8423; 0,015625; 0,015625; 164,51923076923077; 0,04092519
8424; 0,015625; 0,015625; 165,82692307692307; 0,041250486
8425; 0,015625; 0,015625; 164,96153846153845; 0,041035216
8426; 0,015625; 0,015625; 165,17307692307693; 0,041087832
8427; 0,015625; 0,015625; 165,15384615384616; 0,041083056
8428; 0,015625; 0,015625; 165,46153846153845; 0,041159593
8429; 0,015625; 0,015625; 165,28846153846155; 0,04111654
8430; 0,015625; 0,015625; 164,28846153846155; 0,040867783
8431; 0,015625; 0,015625; 163,1346153846154; 0,040580757
8432; 0,015625; 0,015625; 165,19230769230768; 0,041092627
8433; 0,015625; 0,015625; 164,71153846153845; 0,04097303
8434; 0,015625; 0,015625; 164,19230769230768; 0,040843867
8435; 0,015625; 0,015625; 165,03846153846155; 0,04105435
8436; 0,015625; 0,015625; 168,6346153846154; 0,04194892
8437; 0,015625; 0,015625; 164,26923076923077; 0,040863
8438; 0,015625; 0,015625; 166,1153846153846; 0,041322246
8439; 0,015625; 0,015625; 164,8846153846154; 0,04101608
8440; 0,015625; 0,015625; 165,51923076923077; 0,041173942
8441; 0,015625; 0,015625; 164,25; 0,040858213
8442; 0,015625; 0,015625; 164,8846153846154; 0,041016087
8443; 0,015625; 0,015625; 163,94230769230768; 0,040781677
8444; 0,015625; 0,015625; 163,80769230769232; 0,040748186
8445; 0,015625; 0,015625; 164,73076923076923; 0,04097781
8446; 0,015625; 0,015625; 164,8653846153846; 0,041011296
8447; 0,015625; 0,015625; 166,1153846153846; 0,041322235
8448; 0,015625; 0,015625; 164,51923076923077; 0,040925186
8449; 0,015625; 0,015625; 164,8653846153846; 0,0410113
8450; 0,015625; 0,015625; 164,40384615384616; 0,04089649
8451; 0,015625; 0,015625; 165,3846153846154; 0,041140456
8452; 0,015625; 0,015625; 164,57692307692307; 0,040939536
8453; 0,015625; 0,015625; 164,15384615384616; 0,040834293
8454; 0,015625; 0,015625; 164,17307692307693; 0,040839076
8455; 0,015625; 0,015625; 164,82692307692307; 0,041001722
8456; 0,015625; 0,015625; 164,90384615384616; 0,041020866
8457; 0,015625; 0,015625; 164,80769230769232; 0,040996946
8458; 0,015625; 0,015625; 164,25; 0,040858213
8459; 0,015625; 0,015625; 165,6346153846154; 0,041202646
8460; 0,015625; 0,015625; 164,90384615384616; 0,041020866
8461; 0,015625; 0,015625; 164,94230769230768; 0,04103044
8462; 0,015625; 0,015625; 164,57692307692307; 0,040939536
8463; 0,015625; 0,015625; 164,96153846153845; 0,041035216
8464; 0,015625; 0,015625; 165,17307692307693; 0,041087832
8465; 0,015625; 0,015625; 164,98076923076923; 0,04104
8466; 0,015625; 0,015625; 164,3846153846154; 0,040891703
8467; 0,015625; 0,015625; 165,17307692307693; 0,04108784
8468; 0,015625; 0,015625; 164,23076923076923; 0,040853437
8469; 0,015625; 0,015625; 164,15384615384616; 0,04083429
8470; 0,015625; 0,015625; 164,48076923076923; 0,040915616
8471; 0,015625; 0,015625; 164,6346153846154; 0,04095389
8472; 0,015625; 0,015625; 164,92307692307693; 0,041025646
8473; 0,015625; 0,015625; 165,15384615384616; 0,041083056
8474; 0,015625; 0,015625; 165,07692307692307; 0,04106392
8475; 0,015625; 0,015625; 167,25; 0,04160448
8476; 0,015625; 0,015625; 165,71153846153845; 0,04122178
8477; 0,015625; 0,015625; 164,78846153846155; 0,040992163
8478; 0,015625; 0,015625; 164,69230769230768; 0,040968247
8479; 0,015625; 0,015625; 164,90384615384616; 0,041020863
8480; 0,015625; 0,015625; 164,8846153846154; 0,04101608
8481; 0,015625; 0,015625; 165,6346153846154; 0,041202646
8482; 0,015625; 0,015625; 165,71153846153845; 0,04122178
8483; 0,015625; 0,015625; 163,82692307692307; 0,04075297
8484; 0,015625; 0,015625; 164,73076923076923; 0,04097781
8485; 0,015625; 0,015625; 165,30769230769232; 0,041121326
8486; 0,015625; 0,015625; 164,55769230769232; 0,040934756
8487; 0,015625; 0,015625; 165,07692307692307; 0,04106392
8488; 0,015625; 0,015625; 165,75; 0,041231353
8489; 0,015625; 0,015625; 165,59615384615384; 0,041193075
8490; 0,015625; 0,015625; 165,34615384615384; 0,041130893
8491; 0,015625; 0,015625; 164,17307692307693; 0,040839083
8492; 0,015625; 0,015625; 165,01923076923077; 0,041049562
8493; 0,015625; 0,015625; 164,65384615384616; 0,040958676
8494; 0,015625; 0,015625; 164,96153846153845; 0,041035216
8495; 0,015625; 0,015625; 164,90384615384616; 0,041020863
8496; 0,015625; 0,015625; 164,8846153846154; 0,041016087
8497; 0,015625; 0,015625; 165,71153846153845; 0,04122178
8498; 0,015625; 0,015625; 163,82692307692307; 0,04075297
8499; 0,015625; 0,015625; 164,8653846153846; 0,041011296
8500; 0,015625; 0,015625; 164,98076923076923; 0,04104
8501; 0,015625; 0,015625; 165,21153846153845; 0,041097403
8502; 0,015625; 0,015625; 164,01923076923077; 0,04080081
8503; 0,015625; 0,015625; 164,55769230769232; 0,040934756
8504; 0,015625; 0,015625; 165,55769230769232; 0,041183513
8505; 0,015625; 0,015625; 165,80769230769232; 0,041245703
8506; 0,015625; 0,015625; 164,84615384615384; 0,041006513
8507; 0,015625; 0,015625; 164,94230769230768; 0,04103043
8508; 0,015625; 0,015625; 164,1153846153846; 0,040824734
8509; 0,015625; 0,015625; 163,96153846153845; 0,040786453
8510; 0,015625; 0,015625; 165,1346153846154; 0,04107827
8511; 0,015625; 0,015625; 164,80769230769232; 0,040996946
8512; 0,015625; 0,015625; 164,09615384615384; 0,04081995
8513; 0,015625; 0,015625; 165,3653846153846; 0,041135672
8514; 0,015625; 0,015625; 165,80769230769232; 0,041245703
8515; 0,015625; 0,015625; 166,01923076923077; 0,041298315
8516; 0,015625; 0,015625; 164,30769230769232; 0,04087257
8517; 0,015625; 0,015625; 164,8846153846154; 0,041016083
8518; 0,015625; 0,015625; 166,15384615384616; 0,041331805
8519; 0,015625; 0,015625; 165,76923076923077; 0,04123613
8520; 0,015625; 0,015625; 164,6346153846154; 0,04095389
8521; 0,015625; 0,015625; 165,48076923076923; 0,04116438
8522; 0,015625; 0,015625; 165,17307692307693; 0,04108784
8523; 0,015625; 0,015625; 167,32692307692307; 0,04162362
8524; 0,015625; 0,015625; 164,5; 0,04092041
8525; 0,015625; 0,015625; 164,6153846153846; 0,04094911
8526; 0,015625; 0,015625; 166,0; 0,041293535
8527; 0,015625; 0,015625; 164,82692307692307; 0,041001733
8528; 0,015625; 0,015625; 164,53846153846155; 0,040929973
8529; 0,015625; 0,015625; 165,6153846153846; 0,04119786
8530; 0,015625; 0,015625; 164,96153846153845; 0,041035213
8531; 0,015625; 0,015625; 165,09615384615384; 0,0410687
8532; 0,015625; 0,015625; 164,84615384615384; 0,04100651
8533; 0,015625; 0,015625; 165,53846153846155; 0,041178726
8534; 0,015625; 0,015625; 165,8846153846154; 0,041264832
8535; 0,015625; 0,015625; 165,03846153846155; 0,04105435
8536; 0,015625; 0,015625; 165,21153846153845; 0,041097406
8537; 0,015625; 0,015625; 165,44230769230768; 0,04115481
8538; 0,015625; 0,015625; 164,53846153846155; 0,040929973
8539; 0,015625; 0,015625; 164,51923076923077; 0,04092519
8540; 0,015625; 0,015625; 164,98076923076923; 0,04104
8541; 0,015625; 0,015625; 164,34615384615384; 0,040882137
8542; 0,015625; 0,015625; 164,78846153846155; 0,040992163
8543; 0,015625; 0,015625; 166,17307692307693; 0,041336596
8544; 0,015625; 0,015625; 165,6346153846154; 0,041202646
8545; 0,015625; 0,015625; 165,51923076923077; 0,04117395
8546; 0,015625; 0,015625; 167,3846153846154; 0,041637965
8547; 0,015625; 0,015625; 165,21153846153845; 0,041097406
8548; 0,015625; 0,015625; 165,23076923076923; 0,04110219
8549; 0,015625; 0,015625; 164,78846153846155; 0,040992163
8550; 0,015625; 0,015625; 165,3653846153846; 0,04113567
8551; 0,015625; 0,015625; 164,5; 0,040920403
8552; 0,015625; 0,015625; 164,80769230769232; 0,04099695
8553; 0,015625; 0,015625; 165,34615384615384; 0,041130893
8554; 0,015625; 0,015625; 164,25; 0,040858224
8555; 0,015625; 0,015625; 164,6153846153846; 0,040949106
8556; 0,015625; 0,015625; 165,19230769230768; 0,04109262
8557; 0,015625; 0,015625; 165,03846153846155; 0,041054353
8558; 0,015625; 0,015625; 164,80769230769232; 0,04099695
8559; 0,015625; 0,015625; 164,82692307692307; 0,041001737
8560; 0,015625; 0,015625; 164,84615384615384; 0,041006513
8561; 0,015625; 0,015625; 163,30769230769232; 0,04062381
8562; 0,015625; 0,015625; 164,5; 0,0409204
8563; 0,015625; 0,015625; 165,17307692307693; 0,041087832
8564; 0,015625; 0,015625; 165,8846153846154; 0,041264836
8565; 0,015625; 0,015625; 164,90384615384616; 0,041020863
8566; 0,015625; 0,015625; 164,34615384615384; 0,040882133
8567; 0,015625; 0,015625; 165,42307692307693; 0,04115003
8568; 0,015625; 0,015625; 164,48076923076923; 0,040915616
8569; 0,015625; 0,015625; 165,44230769230768; 0,04115481
8570; 0,015625; 0,015625; 165,03846153846155; 0,04105435
8571; 0,015625; 0,015625; 164,19230769230768; 0,040843867
8572; 0,015625; 0,015625; 164,21153846153845; 0,040848646
8573; 0,015625; 0,015625; 164,19230769230768; 0,040843863
8574; 0,015625; 0,015625; 164,42307692307693; 0,04090127
8575; 0,015625; 0,015625; 163,90384615384616; 0,040772114
8576; 0,015625; 0,015625; 164,80769230769232; 0,040996946
8577; 0,015625; 0,015625; 165,82692307692307; 0,041250486
8578; 0,015625; 0,015625; 164,28846153846155; 0,04086779
8579; 0,015625; 0,015625; 165,30769230769232; 0,041121323
8580; 0,015625; 0,015625; 165,1346153846154; 0,04107827
8581; 0,015625; 0,015625; 165,42307692307693; 0,041150026
8582; 0,015625; 0,015625; 165,8653846153846; 0,04126005
8583; 0,015625; 0,015625; 165,15384615384616; 0,041083053
8584; 0,015625; 0,015625; 165,6153846153846; 0,041197862
8585; 0,015625; 0,015625; 165,69230769230768; 0,041217003
8586; 0,015625; 0,015625; 164,55769230769232; 0,04093476
8587; 0,015625; 0,015625; 164,75; 0,040982597
8588; 0,015625; 0,015625; 165,23076923076923; 0,041102186
8589; 0,015625; 0,015625; 164,05769230769232; 0,04081038
8590; 0,015625; 0,015625; 165,6153846153846; 0,041197862
8591; 0,015625; 0,015625; 164,8653846153846; 0,041011292
8592; 0,015625; 0,015625; 165,15384615384616; 0,041083045
8593; 0,015625; 0,015625; 164,96153846153845; 0,041035216
8594; 0,015625; 0,015625; 165,1153846153846; 0,041073486
8595; 0,015625; 0,015625; 165,30769230769232; 0,041121323
8596; 0,015625; 0,015625; 165,17307692307693; 0,041087832
8597; 0,015625; 0,015625; 166,75; 0,041480105
8598; 0,015625; 0,015625; 164,5; 0,040920403
8599; 0,015625; 0,015625; 165,78846153846155; 0,041240923
8600; 0,015625; 0,015625; 166,26923076923077; 0,041360516
8601; 0,015625; 0,015625; 164,69230769230768; 0,04096824
8602; 0,015625; 0,015625; 162,80769230769232; 0,040499426
8603; 0,015625; 0,015625; 164,76923076923077; 0,040987387
8604; 0,015625; 0,015625; 165,09615384615384; 0,0410687
8605; 0,015625; 0,015625; 164,90384615384616; 0,041020863
8606; 0,015625; 0,015625; 164,92307692307693; 0,041025646
8607; 0,015625; 0,015625; 165,34615384615384; 0,041130893
8608; 0,015625; 0,015625; 165,23076923076923; 0,04110219
8609; 0,015625; 0,015625; 165,1346153846154; 0,041078266
8610; 0,015625; 0,015625; 164,59615384615384; 0,040944323
8611; 0,015625; 0,015625; 163,92307692307693; 0,040776893
8612; 0,015625; 0,015625; 164,15384615384616; 0,040834293
8613; 0,015625; 0,015625; 165,07692307692307; 0,041063912
8614; 0,015625; 0,015625; 164,25; 0,04085821
8615; 0,015625; 0,015625; 164,6153846153846; 0,04094911
8616; 0,015625; 0,015625; 164,3653846153846; 0,04088692
8617; 0,015625; 0,015625; 165,78846153846155; 0,041240923
8618; 0,015625; 0,015625; 164,44230769230768; 0,040906053
8619; 0,015625; 0,015625; 164,78846153846155; 0,040992163
8620; 0,015625; 0,015625; 167,46153846153845; 0,04165711
8621; 0,015625; 0,015625; 165,48076923076923; 0,04116438
8622; 0,015625; 0,015625; 165,42307692307693; 0,041150026
8623; 0,015625; 0,015625; 165,55769230769232; 0,041183516
8624; 0,015625; 0,015625; 165,01923076923077; 0,041049566
8625; 0,015625; 0,015625; 164,1153846153846; 0,04082473
8626; 0,015625; 0,015625; 164,82692307692307; 0,041001733
8627; 0,015625; 0,015625; 165,15384615384616; 0,041083045
8628; 0,015625; 0,015625; 165,1153846153846; 0,041073494
8629; 0,015625; 0,015625; 164,65384615384616; 0,040958684
8630; 0,015625; 0,015625; 164,30769230769232; 0,04087257
8631; 0,015625; 0,015625; 164,82692307692307; 0,04100173
8632; 0,015625; 0,015625; 166,25; 0,04135573
8633; 0,015625; 0,015625; 165,1346153846154; 0,04107827
8634; 0,015625; 0,015625; 164,40384615384616; 0,04089648
8635; 0,015625; 0,015625; 165,51923076923077; 0,041173942
8636; 0,015625; 0,015625; 165,5; 0,04116916
8637; 0,015625; 0,015625; 165,05769230769232; 0,041059136
8638; 0,015625; 0,015625; 164,23076923076923; 0,040853426
8639; 0,015625; 0,015625; 164,46153846153845; 0,040910836
8640; 0,015625; 0,015625; 165,25; 0,04110698
8641; 0,015625; 0,015625; 164,8846153846154; 0,041016083
8642; 0,015625; 0,015625; 165,01923076923077; 0,041049574
8643; 0,015625; 0,015625; 164,90384615384616; 0,041020863
8644; 0,015625; 0,015625; 165,84615384615384; 0,041255273
8645; 0,015625; 0,015625; 163,53846153846155; 0,040681217
8646; 0,015625; 0,015625; 164,44230769230768; 0,040906053
8647; 0,015625; 0,015625; 165,6346153846154; 0,04120265
8648; 0,015625; 0,015625; 164,80769230769232; 0,040996946
8649; 0,015625; 0,015625; 165,03846153846155; 0,041054353
8650; 0,015625; 0,015625; 165,55769230769232; 0,041183513
8651; 0,015625; 0,015625; 165,90384615384616; 0,041269623
8652; 0,015625; 0,015625; 164,76923076923077; 0,040987372
8653; 0,015625; 0,015625; 165,44230769230768; 0,04115481
8654; 0,015625; 0,015625; 164,69230769230768; 0,040968243
8655; 0,015625; 0,015625; 164,34615384615384; 0,040882137
8656; 0,015625; 0,015625; 165,73076923076923; 0,04122657
8657; 0,015625; 0,015625; 165,73076923076923; 0,041226566
8658; 0,015625; 0,015625; 164,03846153846155; 0,040805597
8659; 0,015625; 0,015625; 164,92307692307693; 0,041025646
8660; 0,015625; 0,015625; 165,05769230769232; 0,04105914
8661; 0,015625; 0,015625; 164,15384615384616; 0,0408343
8662; 0,015625; 0,015625; 165,05769230769232; 0,041059136
8663; 0,015625; 0,015625; 165,40384615384616; 0,04114524
8664; 0,015625; 0,015625; 165,6153846153846; 0,04119786
8665; 0,015625; 0,015625; 165,05769230769232; 0,041059133
8666; 0,015625; 0,015625; 164,65384615384616; 0,040958676
8667; 0,015625; 0,015625; 164,8653846153846; 0,041011296
8668; 0,015625; 0,015625; 164,6153846153846; 0,040949102
8669; 0,015625; 0,015625; 164,96153846153845; 0,041035216
8670; 0,015625; 0,015625; 165,48076923076923; 0,04116438
8671; 0,015625; 0,015625; 165,26923076923077; 0,041111752
8672; 0,015625; 0,015625; 165,42307692307693; 0,041150026
8673; 0,015625; 0,015625; 163,71153846153845; 0,040724274
8674; 0,015625; 0,015625; 166,57692307692307; 0,04143705
8675; 0,015625; 0,015625; 164,67307692307693; 0,040963463
8676; 0,015625; 0,015625; 166,40384615384616; 0,041393995
8677; 0,015625; 0,015625; 164,65384615384616; 0,040958684
8678; 0,015625; 0,015625; 165,17307692307693; 0,041087832
8679; 0,015625; 0,015625; 164,3653846153846; 0,04088692
8680; 0,015625; 0,015625; 164,8653846153846; 0,041011296
8681; 0,015625; 0,015625; 164,65384615384616; 0,040958676
8682; 0,015625; 0,015625; 164,3846153846154; 0,040891707
8683; 0,015625; 0,015625; 165,55769230769232; 0,041183516
8684; 0,015625; 0,015625; 163,94230769230768; 0,040781677
8685; 0,015625; 0,015625; 164,92307692307693; 0,041025642
8686; 0,015625; 0,015625; 164,57692307692307; 0,040939536
8687; 0,015625; 0,015625; 167,3653846153846; 0,04163319
8688; 0,015625; 0,015625; 165,3653846153846; 0,041135672
8689; 0,015625; 0,015625; 165,19230769230768; 0,04109262
8690; 0,015625; 0,015625; 164,73076923076923; 0,04097781
8691; 0,015625; 0,015625; 165,46153846153845; 0,041159593
8692; 0,015625; 0,015625; 164,46153846153845; 0,040910836
8693; 0,015625; 0,015625; 165,07692307692307; 0,04106392
8694; 0,015625; 0,015625; 164,34615384615384; 0,040882133
8695; 0,015625; 0,015625; 164,82692307692307; 0,041001733
8696; 0,015625; 0,015625; 166,46153846153845; 0,041408353
8697; 0,015625; 0,015625; 164,76923076923077; 0,040987376
8698; 0,015625; 0,015625; 164,40384615384616; 0,04089648
8699; 0,015625; 0,015625; 165,59615384615384; 0,041193083
8700; 0,015625; 0,015625; 164,1153846153846; 0,04082473
8701; 0,015625; 0,015625; 164,57692307692307; 0,040939543
8702; 0,015625; 0,015625; 164,40384615384616; 0,04089648
8703; 0,015625; 0,015625; 164,42307692307693; 0,040901266
8704; 0,015625; 0,015625; 164,21153846153845; 0,040848646
8705; 0,015625; 0,015625; 164,53846153846155; 0,040929973
8706; 0,015625; 0,015625; 163,96153846153845; 0,040786464
8707; 0,015625; 0,015625; 164,55769230769232; 0,04093475
8708; 0,015625; 0,015625; 164,90384615384616; 0,041020866
8709; 0,015625; 0,015625; 164,96153846153845; 0,041035216
8710; 0,015625; 0,015625; 165,07692307692307; 0,04106392
8711; 0,015625; 0,015625; 164,90384615384616; 0,041020863
8712; 0,015625; 0,015625; 164,07692307692307; 0,040815156
8713; 0,015625; 0,015625; 164,65384615384616; 0,04095868
8714; 0,015625; 0,015625; 165,09615384615384; 0,041068707
8715; 0,015625; 0,015625; 165,98076923076923; 0,041288756
8716; 0,015625; 0,015625; 165,0; 0,041044787
8717; 0,015625; 0,015625; 164,32692307692307; 0,04087735
8718; 0,015625; 0,015625; 165,42307692307693; 0,041150026
8719; 0,015625; 0,015625; 164,84615384615384; 0,041006513
8720; 0,015625; 0,015625; 164,80769230769232; 0,040996946
8721; 0,015625; 0,015625; 165,55769230769232; 0,041183505
8722; 0,015625; 0,015625; 164,78846153846155; 0,040992163
8723; 0,015625; 0,015625; 164,6346153846154; 0,040953893
8724; 0,015625; 0,015625; 164,6346153846154; 0,040953893
8725; 0,015625; 0,015625; 165,05769230769232; 0,041059136
8726; 0,015625; 0,015625; 166,92307692307693; 0,041523162
8727; 0,015625; 0,015625; 164,51923076923077; 0,04092519
8728; 0,015625; 0,015625; 164,6153846153846; 0,04094911
8729; 0,015625; 0,015625; 164,21153846153845; 0,04084865
8730; 0,015625; 0,015625; 164,82692307692307; 0,04100173
8731; 0,015625; 0,015625; 164,6153846153846; 0,040949106
8732; 0,015625; 0,015625; 164,94230769230768; 0,041030433
8733; 0,015625; 0,015625; 164,67307692307693; 0,040963456
8734; 0,015625; 0,015625; 166,01923076923077; 0,041298322
8735; 0,015625; 0,015625; 164,90384615384616; 0,041020866
8736; 0,015625; 0,015625; 165,8846153846154; 0,041264836
8737; 0,015625; 0,015625; 164,19230769230768; 0,040843867
8738; 0,015625; 0,015625; 165,25; 0,041106973
8739; 0,015625; 0,015625; 164,78846153846155; 0,04099216
8740; 0,015625; 0,015625; 164,98076923076923; 0,04104
8741; 0,015625; 0,015625; 163,96153846153845; 0,040786464
8742; 0,015625; 0,015625; 166,32692307692307; 0,041374866
8743; 0,015625; 0,015625; 165,5; 0,041169163
8744; 0,015625; 0,015625; 163,96153846153845; 0,04078646
8745; 0,015625; 0,015625; 164,55769230769232; 0,040934756
8746; 0,015625; 0,015625; 165,55769230769232; 0,04118351
8747; 0,015625; 0,015625; 163,78846153846155; 0,040743407
8748; 0,015625; 0,015625; 164,15384615384616; 0,0408343
8749; 0,015625; 0,015625; 165,42307692307693; 0,041150026
8750; 0,015625; 0,015625; 165,55769230769232; 0,04118351
8751; 0,015625; 0,015625; 164,5; 0,040920403
8752; 0,015625; 0,015625; 165,21153846153845; 0,041097403
8753; 0,015625; 0,015625; 164,51923076923077; 0,04092519
8754; 0,015625; 0,015625; 164,98076923076923; 0,04104
8755; 0,015625; 0,015625; 164,25; 0,04085821
8756; 0,015625; 0,015625; 164,92307692307693; 0,041025646
8757; 0,015625; 0,015625; 165,23076923076923; 0,04110219
8758; 0,015625; 0,015625; 165,15384615384616; 0,041083053
8759; 0,015625; 0,015625; 164,59615384615384; 0,04094432
8760; 0,015625; 0,015625; 163,8846153846154; 0,040767327
8761; 0,015625; 0,015625; 164,8653846153846; 0,0410113
8762; 0,015625; 0,015625; 164,96153846153845; 0,041035216
8763; 0,015625; 0,015625; 164,82692307692307; 0,041001733
8764; 0,015625; 0,015625; 166,0; 0,041293543
8765; 0,015625; 0,015625; 164,05769230769232; 0,040810384
8766; 0,015625; 0,015625; 165,96153846153845; 0,041283973
8767; 0,015625; 0,015625; 164,46153846153845; 0,040910836
8768; 0,015625; 0,015625; 164,23076923076923; 0,040853437
8769; 0,015625; 0,015625; 165,51923076923077; 0,04117395
8770; 0,015625; 0,015625; 164,8653846153846; 0,041011296
8771; 0,015625; 0,015625; 165,19230769230768; 0,04109262
8772; 0,015625; 0,015625; 164,17307692307693; 0,04083908
8773; 0,015625; 0,015625; 164,90384615384616; 0,041020863
8774; 0,015625; 0,015625; 164,34615384615384; 0,040882133
8775; 0,015625; 0,015625; 165,1153846153846; 0,041073486
8776; 0,015625; 0,015625; 164,8653846153846; 0,041011296
8777; 0,015625; 0,015625; 164,73076923076923; 0,040977813
8778; 0,015625; 0,015625; 165,15384615384616; 0,041083045
8779; 0,015625; 0,015625; 164,92307692307693; 0,041025646
8780; 0,015625; 0,015625; 163,90384615384616; 0,040772106
8781; 0,015625; 0,015625; 165,0; 0,041044787
8782; 0,015625; 0,015625; 165,17307692307693; 0,04108784
8783; 0,015625; 0,015625; 165,3653846153846; 0,041135676
8784; 0,015625; 0,015625; 164,1346153846154; 0,04082952
8785; 0,015625; 0,015625; 164,94230769230768; 0,04103043
8786; 0,015625; 0,015625; 163,71153846153845; 0,04072427
8787; 0,015625; 0,015625; 164,94230769230768; 0,041030433
8788; 0,015625; 0,015625; 165,01923076923077; 0,041049562
8789; 0,015625; 0,015625; 164,53846153846155; 0,04092997
8790; 0,015625; 0,015625; 164,42307692307693; 0,04090127
8791; 0,015625; 0,015625; 164,65384615384616; 0,04095867
8792; 0,015625; 0,015625; 164,84615384615384; 0,041006513
8793; 0,015625; 0,015625; 164,73076923076923; 0,04097781
8794; 0,015625; 0,015625; 165,03846153846155; 0,041054353
8795; 0,015625; 0,015625; 164,5; 0,040920403
8796; 0,015625; 0,015625; 166,51923076923077; 0,0414227
8797; 0,015625; 0,015625; 164,3846153846154; 0,040891703
8798; 0,015625; 0,015625; 164,42307692307693; 0,040901266
8799; 0,015625; 0,015625; 165,3653846153846; 0,041135676
8800; 0,015625; 0,015625; 164,98076923076923; 0,04104
8801; 0,015625; 0,015625; 165,09615384615384; 0,041068707
8802; 0,015625; 0,015625; 164,46153846153845; 0,040910836
8803; 0,015625; 0,015625; 164,6346153846154; 0,040953893
8804; 0,015625; 0,015625; 164,78846153846155; 0,040992163
8805; 0,015625; 0,015625; 165,48076923076923; 0,04116438
8806; 0,015625; 0,015625; 166,69230769230768; 0,041465756
8807; 0,015625; 0,015625; 163,76923076923077; 0,04073862
8808; 0,015625; 0,015625; 165,71153846153845; 0,041221794
8809; 0,015625; 0,015625; 164,96153846153845; 0,041035216
8810; 0,015625; 0,015625; 164,1153846153846; 0,040824726
8811; 0,015625; 0,015625; 165,09615384615384; 0,041068707
8812; 0,015625; 0,015625; 164,90384615384616; 0,041020863
8813; 0,015625; 0,015625; 166,98076923076923; 0,041537516
8814; 0,015625; 0,015625; 164,6153846153846; 0,040949106
8815; 0,015625; 0,015625; 165,3653846153846; 0,041135672
8816; 0,015625; 0,015625; 164,82692307692307; 0,041001733
8817; 0,015625; 0,015625; 165,30769230769232; 0,041121323
8818; 0,015625; 0,015625; 165,40384615384616; 0,041145246
8819; 0,015625; 0,015625; 164,53846153846155; 0,040929973
8820; 0,015625; 0,015625; 164,51923076923077; 0,040925197
8821; 0,015625; 0,015625; 164,67307692307693; 0,040963463
8822; 0,015625; 0,015625; 164,46153846153845; 0,040910836
8823; 0,015625; 0,015625; 165,26923076923077; 0,041111752
8824; 0,015625; 0,015625; 164,25; 0,040858217
8825; 0,015625; 0,015625; 164,05769230769232; 0,04081038
8826; 0,015625; 0,015625; 164,67307692307693; 0,040963463
8827; 0,015625; 0,015625; 165,23076923076923; 0,04110219
8828; 0,015625; 0,015625; 164,25; 0,040858217
8829; 0,015625; 0,015625; 164,65384615384616; 0,04095868
8830; 0,015625; 0,015625; 165,78846153846155; 0,041240916
8831; 0,015625; 0,015625; 164,8846153846154; 0,041016083
8832; 0,015625; 0,015625; 165,44230769230768; 0,04115481
8833; 0,015625; 0,015625; 164,75; 0,040982597
8834; 0,015625; 0,015625; 165,94230769230768; 0,04127919
8835; 0,015625; 0,015625; 164,92307692307693; 0,041025646
8836; 0,015625; 0,015625; 164,98076923076923; 0,04104
8837; 0,015625; 0,015625; 164,28846153846155; 0,040867783
8838; 0,015625; 0,015625; 165,03846153846155; 0,041054353
8839; 0,015625; 0,015625; 164,73076923076923; 0,040977813
8840; 0,015625; 0,015625; 165,46153846153845; 0,04115959
8841; 0,015625; 0,015625; 165,28846153846155; 0,04111654
8842; 0,015625; 0,015625; 164,96153846153845; 0,041035213
8843; 0,015625; 0,015625; 164,73076923076923; 0,04097781
8844; 0,015625; 0,015625; 164,69230769230768; 0,04096824
8845; 0,015625; 0,015625; 165,1346153846154; 0,041078277
8846; 0,015625; 0,015625; 164,48076923076923; 0,040915616
8847; 0,015625; 0,015625; 164,8653846153846; 0,041011292
8848; 0,015625; 0,015625; 164,46153846153845; 0,04091084
8849; 0,015625; 0,015625; 166,3846153846154; 0,041389212
8850; 0,015625; 0,015625; 165,44230769230768; 0,04115481
8851; 0,015625; 0,015625; 165,1346153846154; 0,041078273
8852; 0,015625; 0,015625; 165,19230769230768; 0,041092616
8853; 0,015625; 0,015625; 163,90384615384616; 0,040772114
8854; 0,015625; 0,015625; 165,28846153846155; 0,04111654
8855; 0,015625; 0,015625; 164,65384615384616; 0,040958676
8856; 0,015625; 0,015625; 164,71153846153845; 0,040973026
8857; 0,015625; 0,015625; 164,92307692307693; 0,041025646
8858; 0,015625; 0,015625; 164,67307692307693; 0,040963463
8859; 0,015625; 0,015625; 166,28846153846155; 0,04136529
8860; 0,015625; 0,015625; 164,3846153846154; 0,040891707
8861; 0,015625; 0,015625; 164,71153846153845; 0,040973023
8862; 0,015625; 0,015625; 164,34615384615384; 0,040882133
8863; 0,015625; 0,015625; 165,3653846153846; 0,041135672
8864; 0,015625; 0,015625; 165,51923076923077; 0,04117394
8865; 0,015625; 0,015625; 166,46153846153845; 0,041408353
8866; 0,015625; 0,015625; 165,03846153846155; 0,041054346
8867; 0,015625; 0,015625; 165,07692307692307; 0,04106392
8868; 0,015625; 0,015625; 164,01923076923077; 0,040800814
8869; 0,015625; 0,015625; 165,1153846153846; 0,041073486
8870; 0,015625; 0,015625; 164,30769230769232; 0,04087257
8871; 0,015625; 0,015625; 164,78846153846155; 0,04099216
8872; 0,015625; 0,015625; 164,69230769230768; 0,040968247
8873; 0,015625; 0,015625; 165,3653846153846; 0,041135672
8874; 0,015625; 0,015625; 165,25; 0,041106977
8875; 0,015625; 0,015625; 164,67307692307693; 0,040963456
8876; 0,015625; 0,015625; 165,32692307692307; 0,04112611
8877; 0,015625; 0,015625; 165,23076923076923; 0,04110219
8878; 0,015625; 0,015625; 164,1153846153846; 0,04082473
8879; 0,015625; 0,015625; 164,8653846153846; 0,041011296
8880; 0,015625; 0,015625; 166,94230769230768; 0,041527946
8881; 0,015625; 0,015625; 164,8846153846154; 0,04101608
8882; 0,015625; 0,015625; 164,76923076923077; 0,04098738
8883; 0,015625; 0,015625; 165,73076923076923; 0,041226566
8884; 0,015625; 0,015625; 165,07692307692307; 0,04106392
8885; 0,015625; 0,015625; 164,75; 0,04098259
8886; 0,015625; 0,015625; 165,17307692307693; 0,04108783
8887; 0,015625; 0,015625; 165,57692307692307; 0,0411883
8888; 0,015625; 0,015625; 164,6346153846154; 0,040953893
8889; 0,015625; 0,015625; 164,69230769230768; 0,04096824
8890; 0,015625; 0,015625; 163,94230769230768; 0,040781673
8891; 0,015625; 0,015625; 165,28846153846155; 0,041116543
8892; 0,015625; 0,015625; 165,28846153846155; 0,04111654
8893; 0,015625; 0,015625; 164,82692307692307; 0,04100173
8894; 0,015625; 0,015625; 165,55769230769232; 0,041183513
8895; 0,015625; 0,015625; 164,94230769230768; 0,04103043
8896; 0,015625; 0,015625; 165,07692307692307; 0,04106392
8897; 0,015625; 0,015625; 165,59615384615384; 0,041193075
8898; 0,015625; 0,015625; 165,67307692307693; 0,04121221
8899; 0,015625; 0,015625; 164,75; 0,04098259
8900; 0,015625; 0,015625; 164,75; 0,0409826
8901; 0,015625; 0,015625; 164,57692307692307; 0,040939532
8902; 0,015625; 0,015625; 165,34615384615384; 0,041130885
8903; 0,015625; 0,015625; 164,21153846153845; 0,04084865
8904; 0,015625; 0,015625; 164,92307692307693; 0,041025653
8905; 0,015625; 0,015625; 164,94230769230768; 0,041030433
8906; 0,015625; 0,015625; 163,73076923076923; 0,040729053
8907; 0,015625; 0,015625; 164,1346153846154; 0,040829513
8908; 0,015625; 0,015625; 164,76923076923077; 0,040987387
8909; 0,015625; 0,015625; 164,44230769230768; 0,040906053
8910; 0,015625; 0,015625; 165,09615384615384; 0,0410687
8911; 0,015625; 0,015625; 165,48076923076923; 0,041164376
8912; 0,015625; 0,015625; 165,25; 0,041106977
8913; 0,015625; 0,015625; 163,8846153846154; 0,04076733
8914; 0,015625; 0,015625; 164,17307692307693; 0,04083908
8915; 0,015625; 0,015625; 166,0; 0,041293543
8916; 0,015625; 0,015625; 165,8653846153846; 0,04126006
8917; 0,015625; 0,015625; 164,90384615384616; 0,041020855
8918; 0,015625; 0,015625; 164,26923076923077; 0,040863
8919; 0,015625; 0,015625; 164,71153846153845; 0,040973026
8920; 0,015625; 0,015625; 164,15384615384616; 0,040834293
8921; 0,015625; 0,015625; 165,5; 0,04116916
8922; 0,015625; 0,015625; 166,19230769230768; 0,04134138
8923; 0,015625; 0,015625; 164,40384615384616; 0,040896483
8924; 0,015625; 0,015625; 165,53846153846155; 0,041178726
8925; 0,015625; 0,015625; 164,98076923076923; 0,041040003
8926; 0,015625; 0,015625; 165,92307692307693; 0,041274406
8927; 0,015625; 0,015625; 165,0; 0,041044775
8928; 0,015625; 0,015625; 165,44230769230768; 0,041154817
8929; 0,015625; 0,015625; 164,80769230769232; 0,040996946
8930; 0,015625; 0,015625; 164,46153846153845; 0,040910836
8931; 0,015625; 0,015625; 164,71153846153845; 0,040973026
8932; 0,015625; 0,015625; 164,46153846153845; 0,04091084
8933; 0,015625; 0,015625; 164,3846153846154; 0,040891703
8934; 0,015625; 0,015625; 166,28846153846155; 0,041365292
8935; 0,015625; 0,015625; 164,6153846153846; 0,040949106
8936; 0,015625; 0,015625; 164,8846153846154; 0,04101608
8937; 0,015625; 0,015625; 165,26923076923077; 0,041111764
8938; 0,015625; 0,015625; 164,42307692307693; 0,04090127
8939; 0,015625; 0,015625; 164,94230769230768; 0,04103043
8940; 0,015625; 0,015625; 164,84615384615384; 0,04100651
8941; 0,015625; 0,015625; 164,19230769230768; 0,040843863
8942; 0,015625; 0,015625; 164,3846153846154; 0,040891707
8943; 0,015625; 0,015625; 164,76923076923077; 0,04098738
8944; 0,015625; 0,015625; 165,15384615384616; 0,041083056
8945; 0,015625; 0,015625; 165,01923076923077; 0,041049566
8946; 0,015625; 0,015625; 164,94230769230768; 0,041030433
8947; 0,015625; 0,015625; 165,21153846153845; 0,041097406
8948; 0,015625; 0,015625; 164,67307692307693; 0,040963467
8949; 0,015625; 0,015625; 164,69230769230768; 0,040968243
8950; 0,015625; 0,015625; 164,57692307692307; 0,040939543
8951; 0,015625; 0,015625; 164,48076923076923; 0,040915623
8952; 0,015625; 0,015625; 164,40384615384616; 0,040896483
8953; 0,015625; 0,015625; 164,82692307692307; 0,04100173
8954; 0,015625; 0,015625; 164,03846153846155; 0,040805597
8955; 0,015625; 0,015625; 164,69230769230768; 0,040968236
8956; 0,015625; 0,015625; 165,17307692307693; 0,04108784
8957; 0,015625; 0,015625; 164,15384615384616; 0,0408343
8958; 0,015625; 0,015625; 164,34615384615384; 0,040882137
8959; 0,015625; 0,015625; 164,8653846153846; 0,041011296
8960; 0,015625; 0,015625; 166,44230769230768; 0,04140357
8961; 0,015625; 0,015625; 164,46153846153845; 0,040910844
8962; 0,015625; 0,015625; 164,75; 0,0409826
8963; 0,015625; 0,015625; 164,21153846153845; 0,04084865
8964; 0,015625; 0,015625; 164,21153846153845; 0,040848646
8965; 0,015625; 0,015625; 165,25; 0,041106977
8966; 0,015625; 0,015625; 165,3653846153846; 0,041135672
8967; 0,015625; 0,015625; 164,55769230769232; 0,040934756
8968; 0,015625; 0,015625; 164,05769230769232; 0,040810373
8969; 0,015625; 0,015625; 164,78846153846155; 0,04099216
8970; 0,015625; 0,015625; 164,55769230769232; 0,04093476
8971; 0,015625; 0,015625; 165,23076923076923; 0,04110219
8972; 0,015625; 0,015625; 164,57692307692307; 0,040939543
8973; 0,015625; 0,015625; 165,05769230769232; 0,041059133
8974; 0,015625; 0,015625; 164,30769230769232; 0,04087257
8975; 0,015625; 0,015625; 164,82692307692307; 0,041001737
8976; 0,015625; 0,015625; 164,69230769230768; 0,04096824
8977; 0,015625; 0,015625; 166,59615384615384; 0,04144184
8978; 0,015625; 0,015625; 165,07692307692307; 0,041063923
8979; 0,015625; 0,015625; 165,69230769230768; 0,041216996
8980; 0,015625; 0,015625; 165,69230769230768; 0,041217003
8981; 0,015625; 0,015625; 165,57692307692307; 0,041188296
8982; 0,015625; 0,015625; 164,40384615384616; 0,040896483
8983; 0,015625; 0,015625; 164,15384615384616; 0,040834304
8984; 0,015625; 0,015625; 164,94230769230768; 0,041030433
8985; 0,015625; 0,015625; 164,23076923076923; 0,040853437
8986; 0,015625; 0,015625; 164,73076923076923; 0,040977813
8987; 0,015625; 0,015625; 164,84615384615384; 0,04100651
8988; 0,015625; 0,015625; 164,6346153846154; 0,04095389
8989; 0,015625; 0,015625; 164,6346153846154; 0,040953893
8990; 0,015625; 0,015625; 164,23076923076923; 0,040853433
8991; 0,015625; 0,015625; 164,67307692307693; 0,040963463
8992; 0,015625; 0,015625; 165,8653846153846; 0,041260045
8993; 0,015625; 0,015625; 165,09615384615384; 0,041068707
8994; 0,015625; 0,015625; 164,28846153846155; 0,04086779
8995; 0,015625; 0,015625; 165,75; 0,041231353
8996; 0,015625; 0,015625; 164,40384615384616; 0,040896483
8997; 0,015625; 0,015625; 165,03846153846155; 0,041054353
8998; 0,015625; 0,015625; 165,25; 0,041106973
8999; 0,015625; 0,015625; 166,05769230769232; 0,041307893
9000; 0,015625; 0,015625; 165,30769230769232; 0,041121323
9001; 0,015625; 0,015625; 165,3653846153846; 0,041135676
9002; 0,015625; 0,015625; 164,8653846153846; 0,041011296
9003; 0,015625; 0,015625; 164,57692307692307; 0,040939547
9004; 0,015625; 0,015625; 164,48076923076923; 0,040915623
9005; 0,015625; 0,015625; 165,01923076923077; 0,041049566
9006; 0,015625; 0,015625; 164,69230769230768; 0,040968243
9007; 0,015625; 0,015625; 166,80769230769232; 0,041494463
9008; 0,015625; 0,015625; 163,75; 0,04073384
9009; 0,015625; 0,015625; 164,59615384615384; 0,04094432
9010; 0,015625; 0,015625; 165,5; 0,041169163
9011; 0,015625; 0,015625; 164,92307692307693; 0,041025642
9012; 0,015625; 0,015625; 164,6346153846154; 0,040953897
9013; 0,015625; 0,015625; 165,23076923076923; 0,041102186
9014; 0,015625; 0,015625; 165,17307692307693; 0,041087832
9015; 0,015625; 0,015625; 165,1153846153846; 0,041073482
9016; 0,015625; 0,015625; 165,25; 0,041106973
9017; 0,015625; 0,015625; 164,3846153846154; 0,040891703
9018; 0,015625; 0,015625; 164,26923076923077; 0,040863004
9019; 0,015625; 0,015625; 164,44230769230768; 0,040906053
9020; 0,015625; 0,015625; 164,26923076923077; 0,040862996
9021; 0,015625; 0,015625; 163,80769230769232; 0,040748194
9022; 0,015625; 0,015625; 164,8846153846154; 0,04101608
9023; 0,015625; 0,015625; 165,34615384615384; 0,041130897
9024; 0,015625; 0,015625; 165,82692307692307; 0,041250486
9025; 0,015625; 0,015625; 164,46153846153845; 0,040910844
9026; 0,015625; 0,015625; 164,21153846153845; 0,04084865
9027; 0,015625; 0,015625; 165,53846153846155; 0,041178726
9028; 0,015625; 0,015625; 165,55769230769232; 0,04118351
9029; 0,015625; 0,015625; 165,32692307692307; 0,04112611
9030; 0,015625; 0,015625; 165,03846153846155; 0,04105436
9031; 0,015625; 0,015625; 164,15384615384616; 0,040834293
9032; 0,015625; 0,015625; 164,1346153846154; 0,040829513
9033; 0,015625; 0,015625; 164,69230769230768; 0,040968243
9034; 0,015625; 0,015625; 164,98076923076923; 0,041040003
9035; 0,015625; 0,015625; 164,98076923076923; 0,04104
9036; 0,015625; 0,015625; 164,98076923076923; 0,041039996
9037; 0,015625; 0,015625; 165,05769230769232; 0,041059133
9038; 0,015625; 0,015625; 164,44230769230768; 0,040906053
9039; 0,015625; 0,015625; 164,07692307692307; 0,04081516
9040; 0,015625; 0,015625; 164,19230769230768; 0,040843863
9041; 0,015625; 0,015625; 164,78846153846155; 0,040992163
9042; 0,015625; 0,015625; 164,05769230769232; 0,040810384
9043; 0,015625; 0,015625; 165,09615384615384; 0,0410687
9044; 0,015625; 0,015625; 165,15384615384616; 0,041083045
9045; 0,015625; 0,015625; 164,80769230769232; 0,040996946
9046; 0,015625; 0,015625; 164,32692307692307; 0,040877342
9047; 0,015625; 0,015625; 164,76923076923077; 0,040987376
9048; 0,015625; 0,015625; 167,05769230769232; 0,04155664
9049; 0,015625; 0,015625; 165,3653846153846; 0,041135676
9050; 0,015625; 0,015625; 164,30769230769232; 0,04087257
9051; 0,015625; 0,015625; 164,34615384615384; 0,040882137
9052; 0,015625; 0,015625; 164,82692307692307; 0,04100173
9053; 0,015625; 0,015625; 164,03846153846155; 0,040805597
9054; 0,015625; 0,015625; 164,07692307692307; 0,04081516
9055; 0,015625; 0,015625; 164,55769230769232; 0,04093475
9056; 0,015625; 0,015625; 165,21153846153845; 0,041097403
9057; 0,015625; 0,015625; 165,34615384615384; 0,041130897
9058; 0,015625; 0,015625; 164,80769230769232; 0,040996946
9059; 0,015625; 0,015625; 165,3653846153846; 0,041135676
9060; 0,015625; 0,015625; 164,69230769230768; 0,040968247
9061; 0,015625; 0,015625; 164,67307692307693; 0,040963463
9062; 0,015625; 0,015625; 166,03846153846155; 0,041303117
9063; 0,015625; 0,015625; 165,19230769230768; 0,04109262
9064; 0,015625; 0,015625; 163,84615384615384; 0,040757757
9065; 0,015625; 0,015625; 164,76923076923077; 0,040987376
9066; 0,015625; 0,015625; 164,75; 0,040982597
9067; 0,015625; 0,015625; 164,98076923076923; 0,04104
9068; 0,015625; 0,015625; 165,03846153846155; 0,04105435
9069; 0,015625; 0,015625; 165,73076923076923; 0,04122657
9070; 0,015625; 0,015625; 164,8653846153846; 0,041011296
9071; 0,015625; 0,015625; 164,8653846153846; 0,041011292
9072; 0,015625; 0,015625; 165,17307692307693; 0,041087832
9073; 0,015625; 0,015625; 166,0; 0,04129354
9074; 0,015625; 0,015625; 165,48076923076923; 0,041164376
9075; 0,015625; 0,015625; 166,96153846153845; 0,04153273
9076; 0,015625; 0,015625; 164,67307692307693; 0,040963456
9077; 0,015625; 0,015625; 164,42307692307693; 0,04090127
9078; 0,015625; 0,015625; 165,48076923076923; 0,041164376
9079; 0,015625; 0,015625; 165,76923076923077; 0,041236136
9080; 0,015625; 0,015625; 164,78846153846155; 0,040992156
9081; 0,015625; 0,015625; 165,69230769230768; 0,041217003
9082; 0,015625; 0,015625; 165,0; 0,041044787
9083; 0,015625; 0,015625; 165,6153846153846; 0,041197862
9084; 0,015625; 0,015625; 165,07692307692307; 0,04106392
9085; 0,015625; 0,015625; 164,07692307692307; 0,04081516
9086; 0,015625; 0,015625; 164,75; 0,04098259
9087; 0,015625; 0,015625; 164,84615384615384; 0,04100651
9088; 0,015625; 0,015625; 164,6346153846154; 0,04095389
9089; 0,015625; 0,015625; 164,69230769230768; 0,040968247
9090; 0,015625; 0,015625; 165,84615384615384; 0,04125527
9091; 0,015625; 0,015625; 166,0; 0,041293535
9092; 0,015625; 0,015625; 164,8846153846154; 0,041016083
9093; 0,015625; 0,015625; 164,8653846153846; 0,041011296
9094; 0,015625; 0,015625; 165,5; 0,041169163
9095; 0,015625; 0,015625; 165,17307692307693; 0,04108783
9096; 0,015625; 0,015625; 164,19230769230768; 0,04084387
9097; 0,015625; 0,015625; 165,15384615384616; 0,041083053
9098; 0,015625; 0,015625; 164,71153846153845; 0,040973026
9099; 0,015625; 0,015625; 164,82692307692307; 0,04100173
9100; 0,015625; 0,015625; 164,71153846153845; 0,040973026
9101; 0,015625; 0,015625; 164,6153846153846; 0,040949106
9102; 0,015625; 0,015625; 165,32692307692307; 0,041126113
9103; 0,015625; 0,015625; 164,55769230769232; 0,04093476
9104; 0,015625; 0,015625; 165,19230769230768; 0,041092616
9105; 0,015625; 0,015625; 164,69230769230768; 0,040968243
9106; 0,015625; 0,015625; 163,67307692307693; 0,040714704
9107; 0,015625; 0,015625; 165,15384615384616; 0,041083053
9108; 0,015625; 0,015625; 165,34615384615384; 0,041130897
9109; 0,015625; 0,015625; 166,48076923076923; 0,041413132
9110; 0,015625; 0,015625; 164,65384615384616; 0,040958676
9111; 0,015625; 0,015625; 165,01923076923077; 0,041049566
9112; 0,015625; 0,015625; 165,46153846153845; 0,041159596
9113; 0,015625; 0,015625; 166,94230769230768; 0,041527946
9114; 0,015625; 0,015625; 164,19230769230768; 0,040843863
9115; 0,015625; 0,015625; 165,03846153846155; 0,041054346
9116; 0,015625; 0,015625; 163,46153846153845; 0,040662073
9117; 0,015625; 0,015625; 165,21153846153845; 0,041097403
9118; 0,015625; 0,015625; 165,48076923076923; 0,041164376
9119; 0,015625; 0,015625; 163,94230769230768; 0,04078168
9120; 0,015625; 0,015625; 164,26923076923077; 0,040863
9121; 0,015625; 0,015625; 164,32692307692307; 0,040877346
9122; 0,015625; 0,015625; 165,40384615384616; 0,041145243
9123; 0,015625; 0,015625; 166,01923076923077; 0,041298326
9124; 0,015625; 0,015625; 164,94230769230768; 0,041030433
9125; 0,015625; 0,015625; 164,34615384615384; 0,040882133
9126; 0,015625; 0,015625; 165,09615384615384; 0,041068707
9127; 0,015625; 0,015625; 166,98076923076923; 0,04153751
9128; 0,015625; 0,015625; 164,40384615384616; 0,04089649
9129; 0,015625; 0,015625; 164,76923076923077; 0,04098738
9130; 0,015625; 0,015625; 164,05769230769232; 0,04081038
9131; 0,015625; 0,015625; 164,5; 0,04092041
9132; 0,015625; 0,015625; 164,3846153846154; 0,04089171
9133; 0,015625; 0,015625; 164,94230769230768; 0,04103043
9134; 0,015625; 0,015625; 163,5; 0,04067165
9135; 0,015625; 0,015625; 165,05769230769232; 0,041059136
9136; 0,015625; 0,015625; 164,67307692307693; 0,040963456
9137; 0,015625; 0,015625; 164,26923076923077; 0,040863
9138; 0,015625; 0,015625; 164,07692307692307; 0,040815167
9139; 0,015625; 0,015625; 165,5; 0,04116917
9140; 0,015625; 0,015625; 165,01923076923077; 0,041049562
9141; 0,015625; 0,015625; 164,40384615384616; 0,040896483
9142; 0,015625; 0,015625; 164,92307692307693; 0,041025646
9143; 0,015625; 0,015625; 165,0; 0,041044775
9144; 0,015625; 0,015625; 165,0; 0,041044787
9145; 0,015625; 0,015625; 164,84615384615384; 0,041006513
9146; 0,015625; 0,015625; 165,26923076923077; 0,041111764
9147; 0,015625; 0,015625; 165,78846153846155; 0,041240916
9148; 0,015625; 0,015625; 164,92307692307693; 0,041025653
9149; 0,015625; 0,015625; 165,1153846153846; 0,041073486
9150; 0,015625; 0,015625; 165,92307692307693; 0,041274402
9151; 0,015625; 0,015625; 163,75; 0,040733837
9152; 0,015625; 0,015625; 165,01923076923077; 0,041049566
9153; 0,015625; 0,015625; 165,69230769230768; 0,041217003
9154; 0,015625; 0,015625; 164,8846153846154; 0,041016083
9155; 0,015625; 0,015625; 166,71153846153845; 0,041470535
9156; 0,015625; 0,015625; 164,82692307692307; 0,04100173
9157; 0,015625; 0,015625; 165,17307692307693; 0,04108784
9158; 0,015625; 0,015625; 164,09615384615384; 0,040819947
9159; 0,015625; 0,015625; 165,28846153846155; 0,041116536
9160; 0,015625; 0,015625; 164,28846153846155; 0,040867787
9161; 0,015625; 0,015625; 164,09615384615384; 0,040819947
9162; 0,015625; 0,015625; 164,82692307692307; 0,041001733
9163; 0,015625; 0,015625; 166,67307692307693; 0,041460972
9164; 0,015625; 0,015625; 165,07692307692307; 0,04106391
9165; 0,015625; 0,015625; 164,57692307692307; 0,040939543
9166; 0,015625; 0,015625; 165,53846153846155; 0,04117873
9167; 0,015625; 0,015625; 164,53846153846155; 0,04092997
9168; 0,015625; 0,015625; 164,32692307692307; 0,040877342
9169; 0,015625; 0,015625; 164,53846153846155; 0,040929977
9170; 0,015625; 0,015625; 164,55769230769232; 0,040934764
9171; 0,015625; 0,015625; 165,21153846153845; 0,041097403
9172; 0,015625; 0,015625; 166,07692307692307; 0,041312676
9173; 0,015625; 0,015625; 164,34615384615384; 0,04088213
9174; 0,015625; 0,015625; 164,1346153846154; 0,040829513
9175; 0,015625; 0,015625; 165,23076923076923; 0,041102193
9176; 0,015625; 0,015625; 164,82692307692307; 0,041001733
9177; 0,015625; 0,015625; 164,55769230769232; 0,040934756
9178; 0,015625; 0,015625; 165,01923076923077; 0,041049566
9179; 0,015625; 0,015625; 165,46153846153845; 0,041159596
9180; 0,015625; 0,015625; 165,59615384615384; 0,041193083
9181; 0,015625; 0,015625; 165,34615384615384; 0,041130897
9182; 0,015625; 0,015625; 166,01923076923077; 0,041298322
9183; 0,015625; 0,015625; 164,42307692307693; 0,040901266
9184; 0,015625; 0,015625; 164,19230769230768; 0,040843863
9185; 0,015625; 0,015625; 164,09615384615384; 0,040819943
9186; 0,015625; 0,015625; 164,78846153846155; 0,040992163
9187; 0,015625; 0,015625; 164,15384615384616; 0,040834304
9188; 0,015625; 0,015625; 165,55769230769232; 0,041183513
9189; 0,015625; 0,015625; 164,90384615384616; 0,041020863
9190; 0,015625; 0,015625; 164,57692307692307; 0,040939536
9191; 0,015625; 0,015625; 165,92307692307693; 0,041274406
9192; 0,015625; 0,015625; 164,75; 0,040982597
9193; 0,015625; 0,015625; 165,92307692307693; 0,041274406
9194; 0,015625; 0,015625; 164,51923076923077; 0,040925186
9195; 0,015625; 0,015625; 164,1346153846154; 0,040829513
9196; 0,015625; 0,015625; 164,28846153846155; 0,040867783
9197; 0,015625; 0,015625; 165,07692307692307; 0,04106392
9198; 0,015625; 0,015625; 165,55769230769232; 0,041183513
9199; 0,015625; 0,015625; 165,01923076923077; 0,041049566
9200; 0,015625; 0,015625; 165,0; 0,04104478
9201; 0,015625; 0,015625; 164,3653846153846; 0,04088692
9202; 0,015625; 0,015625; 164,59615384615384; 0,04094432
9203; 0,015625; 0,015625; 164,53846153846155; 0,040929973
9204; 0,015625; 0,015625; 164,96153846153845; 0,041035213
9205; 0,015625; 0,015625; 165,51923076923077; 0,04117395
9206; 0,015625; 0,015625; 164,73076923076923; 0,040977817
9207; 0,015625; 0,015625; 164,67307692307693; 0,040963456
9208; 0,015625; 0,015625; 164,96153846153845; 0,04103522
9209; 0,015625; 0,015625; 165,26923076923077; 0,041111752
9210; 0,015625; 0,015625; 165,46153846153845; 0,041159596
9211; 0,015625; 0,015625; 165,6153846153846; 0,04119787
9212; 0,015625; 0,015625; 164,51923076923077; 0,04092519
9213; 0,015625; 0,015625; 164,46153846153845; 0,040910836
9214; 0,015625; 0,015625; 164,42307692307693; 0,040901266
9215; 0,015625; 0,015625; 164,75; 0,040982597
9216; 0,015625; 0,015625; 164,67307692307693; 0,040963456
9217; 0,015625; 0,015625; 164,75; 0,040982597
9218; 0,015625; 0,015625; 164,1346153846154; 0,040829517
9219; 0,015625; 0,015625; 165,55769230769232; 0,041183513
9220; 0,015625; 0,015625; 165,71153846153845; 0,04122178
9221; 0,015625; 0,015625; 164,21153846153845; 0,040848646
9222; 0,015625; 0,015625; 164,92307692307693; 0,04102564
9223; 0,015625; 0,015625; 165,73076923076923; 0,04122657
9224; 0,015625; 0,015625; 165,17307692307693; 0,04108784
9225; 0,015625; 0,015625; 164,78846153846155; 0,04099216
9226; 0,015625; 0,015625; 165,34615384615384; 0,041130885
9227; 0,015625; 0,015625; 165,21153846153845; 0,0410974
9228; 0,015625; 0,015625; 166,23076923076923; 0,041350946
9229; 0,015625; 0,015625; 165,01923076923077; 0,041049566
9230; 0,015625; 0,015625; 164,82692307692307; 0,04100173
9231; 0,015625; 0,015625; 165,69230769230768; 0,041217007
9232; 0,015625; 0,015625; 164,1153846153846; 0,04082473
9233; 0,015625; 0,015625; 164,65384615384616; 0,040958676
9234; 0,015625; 0,015625; 164,55769230769232; 0,04093476
9235; 0,015625; 0,015625; 164,55769230769232; 0,040934756
9236; 0,015625; 0,015625; 164,57692307692307; 0,040939543
9237; 0,015625; 0,015625; 164,1153846153846; 0,040824737
9238; 0,015625; 0,015625; 164,73076923076923; 0,040977817
9239; 0,015625; 0,015625; 165,23076923076923; 0,04110219
9240; 0,015625; 0,015625; 164,3653846153846; 0,040886916
9241; 0,015625; 0,015625; 164,69230769230768; 0,040968243
9242; 0,015625; 0,015625; 164,8653846153846; 0,041011296
9243; 0,015625; 0,015625; 164,73076923076923; 0,040977813
9244; 0,015625; 0,015625; 164,82692307692307; 0,041001733
9245; 0,015625; 0,015625; 164,8653846153846; 0,041011296
9246; 0,015625; 0,015625; 164,53846153846155; 0,040929973
9247; 0,015625; 0,015625; 165,26923076923077; 0,041111752
9248; 0,015625; 0,015625; 165,6153846153846; 0,04119787
9249; 0,015625; 0,015625; 164,76923076923077; 0,040987372
9250; 0,015625; 0,015625; 163,75; 0,040733833
9251; 0,015625; 0,015625; 164,53846153846155; 0,04092997
9252; 0,015625; 0,015625; 164,92307692307693; 0,041025646
9253; 0,015625; 0,015625; 164,8846153846154; 0,04101608
9254; 0,015625; 0,015625; 164,53846153846155; 0,04092997
9255; 0,015625; 0,015625; 164,46153846153845; 0,04091084
9256; 0,015625; 0,015625; 164,30769230769232; 0,04087257
9257; 0,015625; 0,015625; 165,01923076923077; 0,041049566
9258; 0,015625; 0,015625; 165,76923076923077; 0,041236136
9259; 0,015625; 0,015625; 164,71153846153845; 0,04097303
9260; 0,015625; 0,015625; 164,80769230769232; 0,040996943
9261; 0,015625; 0,015625; 164,6346153846154; 0,040953897
9262; 0,015625; 0,015625; 165,3653846153846; 0,041135672
9263; 0,015625; 0,015625; 164,75; 0,04098259
9264; 0,015625; 0,015625; 164,90384615384616; 0,041020866
9265; 0,015625; 0,015625; 164,51923076923077; 0,040925186
9266; 0,015625; 0,015625; 164,25; 0,040858213
9267; 0,015625; 0,015625; 165,1153846153846; 0,041073486
9268; 0,015625; 0,015625; 165,21153846153845; 0,0410974
9269; 0,015625; 0,015625; 164,48076923076923; 0,040915623
9270; 0,015625; 0,015625; 165,01923076923077; 0,041049562
9271; 0,015625; 0,015625; 163,8653846153846; 0,040762544
9272; 0,015625; 0,015625; 164,73076923076923; 0,040977802
9273; 0,015625; 0,015625; 164,82692307692307; 0,04100173
9274; 0,015625; 0,015625; 164,82692307692307; 0,04100173
9275; 0,015625; 0,015625; 164,90384615384616; 0,04102087
9276; 0,015625; 0,015625; 164,73076923076923; 0,04097781
9277; 0,015625; 0,015625; 164,23076923076923; 0,040853426
9278; 0,015625; 0,015625; 165,94230769230768; 0,041279193
9279; 0,015625; 0,015625; 165,17307692307693; 0,04108784
9280; 0,015625; 0,015625; 164,67307692307693; 0,040963463
9281; 0,015625; 0,015625; 166,19230769230768; 0,04134137
9282; 0,015625; 0,015625; 165,76923076923077; 0,041236136
9283; 0,015625; 0,015625; 165,53846153846155; 0,041178726
9284; 0,015625; 0,015625; 164,71153846153845; 0,040973026
9285; 0,015625; 0,015625; 165,69230769230768; 0,041217003
9286; 0,015625; 0,015625; 165,19230769230768; 0,041092627
9287; 0,015625; 0,015625; 165,40384615384616; 0,041145243
9288; 0,015625; 0,015625; 165,26923076923077; 0,041111752
9289; 0,015625; 0,015625; 165,32692307692307; 0,041126106
9290; 0,015625; 0,015625; 165,8846153846154; 0,041264832
9291; 0,015625; 0,015625; 164,42307692307693; 0,04090127
9292; 0,015625; 0,015625; 165,69230769230768; 0,041217003
9293; 0,015625; 0,015625; 164,94230769230768; 0,04103043
9294; 0,015625; 0,015625; 164,26923076923077; 0,040863
9295; 0,015625; 0,015625; 165,44230769230768; 0,041154806
9296; 0,015625; 0,015625; 165,51923076923077; 0,041173942
9297; 0,015625; 0,015625; 165,28846153846155; 0,041116543
9298; 0,015625; 0,015625; 164,82692307692307; 0,041001733
9299; 0,015625; 0,015625; 164,84615384615384; 0,04100651
9300; 0,015625; 0,015625; 165,67307692307693; 0,041212216
9301; 0,015625; 0,015625; 165,40384615384616; 0,04114524
9302; 0,015625; 0,015625; 164,8653846153846; 0,041011292
9303; 0,015625; 0,015625; 166,01923076923077; 0,041298322
9304; 0,015625; 0,015625; 164,78846153846155; 0,04099216
9305; 0,015625; 0,015625; 164,25; 0,040858213
9306; 0,015625; 0,015625; 165,48076923076923; 0,041164376
9307; 0,015625; 0,015625; 164,78846153846155; 0,040992163
9308; 0,015625; 0,015625; 165,98076923076923; 0,041288752
9309; 0,015625; 0,015625; 164,90384615384616; 0,041020866
9310; 0,015625; 0,015625; 165,94230769230768; 0,041279193
9311; 0,015625; 0,015625; 165,19230769230768; 0,04109262
9312; 0,015625; 0,015625; 164,98076923076923; 0,04104
9313; 0,015625; 0,015625; 164,8846153846154; 0,04101608
9314; 0,015625; 0,015625; 164,59615384615384; 0,040944323
9315; 0,015625; 0,015625; 164,55769230769232; 0,040934756
9316; 0,015625; 0,015625; 163,69230769230768; 0,04071949
9317; 0,015625; 0,015625; 164,6153846153846; 0,040949106
9318; 0,015625; 0,015625; 165,17307692307693; 0,041087832
9319; 0,015625; 0,015625; 165,82692307692307; 0,04125049
9320; 0,015625; 0,015625; 164,6153846153846; 0,040949106
9321; 0,015625; 0,015625; 164,3846153846154; 0,040891703
9322; 0,015625; 0,015625; 164,78846153846155; 0,04099216
9323; 0,015625; 0,015625; 165,26923076923077; 0,04111176
9324; 0,015625; 0,015625; 165,3846153846154; 0,04114046
9325; 0,015625; 0,015625; 165,05769230769232; 0,041059133
9326; 0,015625; 0,015625; 165,69230769230768; 0,041217003
9327; 0,015625; 0,015625; 165,15384615384616; 0,041083056
9328; 0,015625; 0,015625; 165,07692307692307; 0,04106392
9329; 0,015625; 0,015625; 164,03846153846155; 0,040805593
9330; 0,015625; 0,015625; 164,94230769230768; 0,041030433
9331; 0,015625; 0,015625; 164,90384615384616; 0,041020863
9332; 0,015625; 0,015625; 163,44230769230768; 0,040657297
9333; 0,015625; 0,015625; 164,8653846153846; 0,041011296
9334; 0,015625; 0,015625; 165,40384615384616; 0,041145243
9335; 0,015625; 0,015625; 164,90384615384616; 0,04102087
9336; 0,015625; 0,015625; 165,21153846153845; 0,041097403
9337; 0,015625; 0,015625; 164,75; 0,040982597
9338; 0,015625; 0,015625; 164,1153846153846; 0,040824734
9339; 0,015625; 0,015625; 165,32692307692307; 0,041126106
9340; 0,015625; 0,015625; 165,21153846153845; 0,041097406
9341; 0,015625; 0,015625; 165,71153846153845; 0,04122178
9342; 0,015625; 0,015625; 166,21153846153845; 0,041346155
9343; 0,015625; 0,015625; 164,8846153846154; 0,041016083
9344; 0,015625; 0,015625; 165,57692307692307; 0,041188296
9345; 0,015625; 0,015625; 164,8653846153846; 0,041011296
9346; 0,015625; 0,015625; 164,90384615384616; 0,041020863
9347; 0,015625; 0,015625; 164,19230769230768; 0,04084386
9348; 0,015625; 0,015625; 165,5; 0,041169163
9349; 0,015625; 0,015625; 164,32692307692307; 0,04087735
9350; 0,015625; 0,015625; 164,75; 0,040982597
9351; 0,015625; 0,015625; 164,21153846153845; 0,04084865
9352; 0,015625; 0,015625; 164,1153846153846; 0,04082473
9353; 0,015625; 0,015625; 165,80769230769232; 0,041245703
9354; 0,015625; 0,015625; 164,84615384615384; 0,041006513
9355; 0,015625; 0,015625; 164,98076923076923; 0,04104
9356; 0,015625; 0,015625; 165,59615384615384; 0,041193075
9357; 0,015625; 0,015625; 164,55769230769232; 0,04093476
9358; 0,015625; 0,015625; 165,59615384615384; 0,041193083
9359; 0,015625; 0,015625; 164,84615384615384; 0,04100651
9360; 0,015625; 0,015625; 164,67307692307693; 0,040963456
9361; 0,015625; 0,015625; 164,59615384615384; 0,040944323
9362; 0,015625; 0,015625; 164,59615384615384; 0,040944323
9363; 0,015625; 0,015625; 163,84615384615384; 0,04075776
9364; 0,015625; 0,015625; 167,21153846153845; 0,04159492
9365; 0,015625; 0,015625; 164,55769230769232; 0,040934756
9366; 0,015625; 0,015625; 164,96153846153845; 0,041035216
9367; 0,015625; 0,015625; 164,40384615384616; 0,04089649
9368; 0,015625; 0,015625; 165,0; 0,041044787
9369; 0,015625; 0,015625; 164,65384615384616; 0,040958676
9370; 0,015625; 0,015625; 164,42307692307693; 0,04090127
9371; 0,015625; 0,015625; 164,42307692307693; 0,040901266
9372; 0,015625; 0,015625; 164,98076923076923; 0,041040003
9373; 0,015625; 0,015625; 164,48076923076923; 0,040915616
9374; 0,015625; 0,015625; 165,01923076923077; 0,041049574
9375; 0,015625; 0,015625; 165,01923076923077; 0,041049566
9376; 0,015625; 0,015625; 165,90384615384616; 0,041269615
9377; 0,015625; 0,015625; 164,69230769230768; 0,040968243
9378; 0,015625; 0,015625; 164,1153846153846; 0,04082473
9379; 0,015625; 0,015625; 165,26923076923077; 0,041111752
9380; 0,015625; 0,015625; 163,71153846153845; 0,04072427
9381; 0,015625; 0,015625; 164,28846153846155; 0,04086778
9382; 0,015625; 0,015625; 164,69230769230768; 0,040968243
9383; 0,015625; 0,015625; 165,28846153846155; 0,04111654
9384; 0,015625; 0,015625; 165,30769230769232; 0,041121326
9385; 0,015625; 0,015625; 164,65384615384616; 0,04095868
9386; 0,015625; 0,015625; 164,25; 0,040858217
9387; 0,015625; 0,015625; 165,71153846153845; 0,041221783
9388; 0,015625; 0,015625; 163,67307692307693; 0,0407147
9389; 0,015625; 0,015625; 164,6346153846154; 0,040953893
9390; 0,015625; 0,015625; 165,15384615384616; 0,041083045
9391; 0,015625; 0,015625; 164,51923076923077; 0,040925186
9392; 0,015625; 0,015625; 165,48076923076923; 0,041164376
9393; 0,015625; 0,015625; 165,34615384615384; 0,041130893
9394; 0,015625; 0,015625; 164,82692307692307; 0,041001733
9395; 0,015625; 0,015625; 164,76923076923077; 0,04098738
9396; 0,015625; 0,015625; 165,53846153846155; 0,041178726
9397; 0,015625; 0,015625; 165,34615384615384; 0,041130893
9398; 0,015625; 0,015625; 164,78846153846155; 0,04099216
9399; 0,015625; 0,015625; 164,75; 0,040982597
9400; 0,015625; 0,015625; 164,6153846153846; 0,04094911
9401; 0,015625; 0,015625; 164,6346153846154; 0,04095389
9402; 0,015625; 0,015625; 164,92307692307693; 0,041025646
9403; 0,015625; 0,015625; 164,65384615384616; 0,040958676
9404; 0,015625; 0,015625; 164,96153846153845; 0,04103522
9405; 0,015625; 0,015625; 164,75; 0,040982597
9406; 0,015625; 0,015625; 164,42307692307693; 0,040901266
9407; 0,015625; 0,015625; 165,28846153846155; 0,04111654
9408; 0,015625; 0,015625; 165,3846153846154; 0,04114046
9409; 0,015625; 0,015625; 164,6153846153846; 0,040949106
9410; 0,015625; 0,015625; 164,69230769230768; 0,040968247
9411; 0,015625; 0,015625; 164,84615384615384; 0,041006513
9412; 0,015625; 0,015625; 165,15384615384616; 0,041083056
9413; 0,015625; 0,015625; 163,94230769230768; 0,040781677
9414; 0,015625; 0,015625; 164,3653846153846; 0,040886924
9415; 0,015625; 0,015625; 164,90384615384616; 0,041020866
9416; 0,015625; 0,015625; 164,78846153846155; 0,04099216
9417; 0,015625; 0,015625; 165,21153846153845; 0,041097406
9418; 0,015625; 0,015625; 165,15384615384616; 0,041083056
9419; 0,015625; 0,015625; 165,17307692307693; 0,041087832
9420; 0,015625; 0,015625; 164,8653846153846; 0,041011296
9421; 0,015625; 0,015625; 164,69230769230768; 0,040968247
9422; 0,015625; 0,015625; 164,51923076923077; 0,040925186
9423; 0,015625; 0,015625; 164,6153846153846; 0,040949106
9424; 0,015625; 0,015625; 164,78846153846155; 0,04099216
9425; 0,015625; 0,015625; 164,57692307692307; 0,040939543
9426; 0,015625; 0,015625; 163,65384615384616; 0,04070992
9427; 0,015625; 0,015625; 164,6346153846154; 0,040953893
9428; 0,015625; 0,015625; 164,6346153846154; 0,040953893
9429; 0,015625; 0,015625; 165,1153846153846; 0,041073486
9430; 0,015625; 0,015625; 165,07692307692307; 0,04106392
9431; 0,015625; 0,015625; 164,69230769230768; 0,040968236
9432; 0,015625; 0,015625; 165,1346153846154; 0,04107827
9433; 0,015625; 0,015625; 164,8653846153846; 0,041011296
9434; 0,015625; 0,015625; 163,8653846153846; 0,040762544
9435; 0,015625; 0,015625; 164,8653846153846; 0,041011292
9436; 0,015625; 0,015625; 165,6346153846154; 0,041202646
9437; 0,015625; 0,015625; 164,59615384615384; 0,04094432
9438; 0,015625; 0,015625; 164,78846153846155; 0,040992163
9439; 0,015625; 0,015625; 164,51923076923077; 0,040925186
9440; 0,015625; 0,015625; 165,34615384615384; 0,041130897
9441; 0,015625; 0,015625; 165,0; 0,041044787
9442; 0,015625; 0,015625; 164,6153846153846; 0,040949106
9443; 0,015625; 0,015625; 164,96153846153845; 0,041035216
9444; 0,015625; 0,015625; 164,80769230769232; 0,040996943
9445; 0,015625; 0,015625; 165,23076923076923; 0,041102186
9446; 0,015625; 0,015625; 164,90384615384616; 0,041020866
9447; 0,015625; 0,015625; 166,51923076923077; 0,0414227
9448; 0,015625; 0,015625; 164,57692307692307; 0,040939543
9449; 0,015625; 0,015625; 165,44230769230768; 0,04115481
9450; 0,015625; 0,015625; 164,84615384615384; 0,04100651
9451; 0,015625; 0,015625; 165,1346153846154; 0,041078273
9452; 0,015625; 0,015625; 165,01923076923077; 0,041049562
9453; 0,015625; 0,015625; 165,59615384615384; 0,041193083
9454; 0,015625; 0,015625; 165,57692307692307; 0,041188292
9455; 0,015625; 0,015625; 164,6153846153846; 0,040949106
9456; 0,015625; 0,015625; 165,23076923076923; 0,04110218
9457; 0,015625; 0,015625; 166,90384615384616; 0,041518375
9458; 0,015625; 0,015625; 165,01923076923077; 0,041049566
9459; 0,015625; 0,015625; 164,98076923076923; 0,041040003
9460; 0,015625; 0,015625; 164,65384615384616; 0,040958676
9461; 0,015625; 0,015625; 165,46153846153845; 0,041159596
9462; 0,015625; 0,015625; 164,53846153846155; 0,040929977
9463; 0,015625; 0,015625; 165,48076923076923; 0,041164383
9464; 0,015625; 0,015625; 165,17307692307693; 0,04108784
9465; 0,015625; 0,015625; 166,75; 0,041480105
9466; 0,015625; 0,015625; 164,30769230769232; 0,040872574
9467; 0,015625; 0,015625; 166,1153846153846; 0,04132224
9468; 0,015625; 0,015625; 165,48076923076923; 0,041164376
9469; 0,015625; 0,015625; 165,05769230769232; 0,041059133
9470; 0,015625; 0,015625; 164,40384615384616; 0,040896483
9471; 0,015625; 0,015625; 164,73076923076923; 0,04097781
9472; 0,015625; 0,015625; 164,98076923076923; 0,041040003
9473; 0,015625; 0,015625; 164,78846153846155; 0,04099216
9474; 0,015625; 0,015625; 165,48076923076923; 0,041164376
9475; 0,015625; 0,015625; 164,75; 0,040982597
9476; 0,015625; 0,015625; 164,44230769230768; 0,040906057
9477; 0,015625; 0,015625; 164,19230769230768; 0,040843863
9478; 0,015625; 0,015625; 164,80769230769232; 0,040996943
9479; 0,015625; 0,015625; 164,82692307692307; 0,04100173
9480; 0,015625; 0,015625; 166,19230769230768; 0,04134138
9481; 0,015625; 0,015625; 164,3846153846154; 0,040891707
9482; 0,015625; 0,015625; 164,6153846153846; 0,040949106
9483; 0,015625; 0,015625; 166,26923076923077; 0,041360516
9484; 0,015625; 0,015625; 164,44230769230768; 0,040906057
9485; 0,015625; 0,015625; 165,40384615384616; 0,041145246
9486; 0,015625; 0,015625; 165,98076923076923; 0,041288756
9487; 0,015625; 0,015625; 165,23076923076923; 0,04110219
9488; 0,015625; 0,015625; 164,78846153846155; 0,04099216
9489; 0,015625; 0,015625; 164,55769230769232; 0,04093476
9490; 0,015625; 0,015625; 165,19230769230768; 0,04109262
9491; 0,015625; 0,015625; 164,34615384615384; 0,04088213
9492; 0,015625; 0,015625; 164,26923076923077; 0,040863
9493; 0,015625; 0,015625; 165,42307692307693; 0,041150033
9494; 0,015625; 0,015625; 165,53846153846155; 0,041178726
9495; 0,015625; 0,015625; 164,34615384615384; 0,040882133
9496; 0,015625; 0,015625; 163,84615384615384; 0,040757757
9497; 0,015625; 0,015625; 165,21153846153845; 0,041097406
9498; 0,015625; 0,015625; 164,59615384615384; 0,040944323
9499; 0,015625; 0,015625; 164,67307692307693; 0,040963456
9500; 0,015625; 0,015625; 164,78846153846155; 0,040992163
9501; 0,015625; 0,015625; 165,28846153846155; 0,041116536
9502; 0,015625; 0,015625; 164,55769230769232; 0,04093476
9503; 0,015625; 0,015625; 168,1153846153846; 0,04181975
9504; 0,015625; 0,015625; 167,1346153846154; 0,041575782
9505; 0,015625; 0,015625; 164,26923076923077; 0,040863004
9506; 0,015625; 0,015625; 164,65384615384616; 0,040958676
9507; 0,015625; 0,015625; 164,40384615384616; 0,040896483
9508; 0,015625; 0,015625; 164,69230769230768; 0,04096824
9509; 0,015625; 0,015625; 164,94230769230768; 0,041030433
9510; 0,015625; 0,015625; 165,6153846153846; 0,04119787
9511; 0,015625; 0,015625; 166,48076923076923; 0,04141313
9512; 0,015625; 0,015625; 164,32692307692307; 0,040877357
9513; 0,015625; 0,015625; 165,57692307692307; 0,0411883
9514; 0,015625; 0,015625; 164,71153846153845; 0,04097303
9515; 0,015625; 0,015625; 164,8653846153846; 0,041011296
9516; 0,015625; 0,015625; 165,53846153846155; 0,04117873
9517; 0,015625; 0,015625; 165,94230769230768; 0,041279193
9518; 0,015625; 0,015625; 165,09615384615384; 0,041068695
9519; 0,015625; 0,015625; 164,75; 0,04098259
9520; 0,015625; 0,015625; 165,05769230769232; 0,041059133
9521; 0,015625; 0,015625; 165,6153846153846; 0,041197862
9522; 0,015625; 0,015625; 164,75; 0,0409826
9523; 0,015625; 0,015625; 166,17307692307693; 0,041336592
9524; 0,015625; 0,015625; 165,0; 0,041044787
9525; 0,015625; 0,015625; 165,01923076923077; 0,041049562
9526; 0,015625; 0,015625; 165,07692307692307; 0,041063923
9527; 0,015625; 0,015625; 164,48076923076923; 0,040915623
9528; 0,015625; 0,015625; 164,90384615384616; 0,041020863
9529; 0,015625; 0,015625; 166,6153846153846; 0,041446622
9530; 0,015625; 0,015625; 165,78846153846155; 0,041240916
9531; 0,015625; 0,015625; 166,0; 0,04129354
9532; 0,015625; 0,015625; 165,03846153846155; 0,04105435
9533; 0,015625; 0,015625; 164,94230769230768; 0,041030433
9534; 0,015625; 0,015625; 165,07692307692307; 0,04106392
9535; 0,015625; 0,015625; 164,46153846153845; 0,040910836
9536; 0,015625; 0,015625; 164,23076923076923; 0,040853437
9537; 0,015625; 0,015625; 165,19230769230768; 0,041092627
9538; 0,015625; 0,015625; 165,59615384615384; 0,041193083
9539; 0,015625; 0,015625; 166,34615384615384; 0,04137965
9540; 0,015625; 0,015625; 164,32692307692307; 0,04087735
9541; 0,015625; 0,015625; 166,94230769230768; 0,041527946
9542; 0,015625; 0,015625; 165,92307692307693; 0,041274402
9543; 0,015625; 0,015625; 165,69230769230768; 0,041217003
9544; 0,015625; 0,015625; 164,57692307692307; 0,040939547
9545; 0,015625; 0,015625; 164,8846153846154; 0,041016083
9546; 0,015625; 0,015625; 164,84615384615384; 0,041006505
9547; 0,015625; 0,015625; 165,3846153846154; 0,04114046
9548; 0,015625; 0,015625; 165,92307692307693; 0,041274406
9549; 0,015625; 0,015625; 165,28846153846155; 0,041116543
9550; 0,015625; 0,015625; 164,3653846153846; 0,04088692
9551; 0,015625; 0,015625; 164,71153846153845; 0,040973026
9552; 0,015625; 0,015625; 165,07692307692307; 0,04106392
9553; 0,015625; 0,015625; 164,59615384615384; 0,040944323
9554; 0,015625; 0,015625; 166,32692307692307; 0,041374862
9555; 0,015625; 0,015625; 163,71153846153845; 0,040724274
9556; 0,015625; 0,015625; 164,96153846153845; 0,04103522
9557; 0,015625; 0,015625; 166,44230769230768; 0,04140357
9558; 0,015625; 0,015625; 165,05769230769232; 0,041059136
9559; 0,015625; 0,015625; 165,25; 0,041106977
9560; 0,015625; 0,015625; 164,09615384615384; 0,04081995
9561; 0,015625; 0,015625; 165,42307692307693; 0,041150026
9562; 0,015625; 0,015625; 163,46153846153845; 0,040662076
9563; 0,015625; 0,015625; 164,8653846153846; 0,041011292
9564; 0,015625; 0,015625; 165,8846153846154; 0,041264836
9565; 0,015625; 0,015625; 164,3653846153846; 0,040886916
9566; 0,015625; 0,015625; 164,76923076923077; 0,040987376
9567; 0,015625; 0,015625; 164,28846153846155; 0,040867783
9568; 0,015625; 0,015625; 165,23076923076923; 0,04110219
9569; 0,015625; 0,015625; 164,5; 0,04092041
9570; 0,015625; 0,015625; 164,6153846153846; 0,04094911
9571; 0,015625; 0,015625; 164,92307692307693; 0,041025646
9572; 0,015625; 0,015625; 165,25; 0,041106977
9573; 0,015625; 0,015625; 165,3653846153846; 0,041135672
9574; 0,015625; 0,015625; 164,23076923076923; 0,040853433
9575; 0,015625; 0,015625; 165,1153846153846; 0,041073486
9576; 0,015625; 0,015625; 165,03846153846155; 0,041054353
9577; 0,015625; 0,015625; 165,15384615384616; 0,04108306
9578; 0,015625; 0,015625; 164,78846153846155; 0,04099216
9579; 0,015625; 0,015625; 164,80769230769232; 0,040996946
9580; 0,015625; 0,015625; 165,1346153846154; 0,04107827
9581; 0,015625; 0,015625; 164,76923076923077; 0,040987376
9582; 0,015625; 0,015625; 164,8653846153846; 0,041011296
9583; 0,015625; 0,015625; 164,98076923076923; 0,041039996
9584; 0,015625; 0,015625; 165,96153846153845; 0,041283973
9585; 0,015625; 0,015625; 165,44230769230768; 0,041154806
9586; 0,015625; 0,015625; 164,1346153846154; 0,040829513
9587; 0,015625; 0,015625; 165,28846153846155; 0,04111654
9588; 0,015625; 0,015625; 164,1153846153846; 0,040824726
9589; 0,015625; 0,015625; 164,53846153846155; 0,04092997
9590; 0,015625; 0,015625; 165,48076923076923; 0,041164376
9591; 0,015625; 0,015625; 164,69230769230768; 0,040968243
9592; 0,015625; 0,015625; 164,44230769230768; 0,040906057
9593; 0,015625; 0,015625; 164,73076923076923; 0,040977813
9594; 0,015625; 0,015625; 164,57692307692307; 0,040939543
9595; 0,015625; 0,015625; 164,28846153846155; 0,040867787
9596; 0,015625; 0,015625; 165,1153846153846; 0,041073486
9597; 0,015625; 0,015625; 164,1346153846154; 0,040829513
9598; 0,015625; 0,015625; 165,6153846153846; 0,041197862
9599; 0,015625; 0,015625; 165,09615384615384; 0,0410687
9600; 0,015625; 0,015625; 164,34615384615384; 0,040882133
9601; 0,015625; 0,015625; 164,05769230769232; 0,040810384
9602; 0,015625; 0,015625; 164,69230769230768; 0,040968243
9603; 0,015625; 0,015625; 164,96153846153845; 0,041035216
9604; 0,015625; 0,015625; 164,6346153846154; 0,040953897
9605; 0,015625; 0,015625; 164,3653846153846; 0,04088692
9606; 0,015625; 0,015625; 165,42307692307693; 0,041150026
9607; 0,015625; 0,015625; 165,67307692307693; 0,041212216
9608; 0,015625; 0,015625; 164,59615384615384; 0,04094433
9609; 0,015625; 0,015625; 163,96153846153845; 0,04078646
9610; 0,015625; 0,015625; 164,80769230769232; 0,040996943
9611; 0,015625; 0,015625; 165,48076923076923; 0,04116438
9612; 0,015625; 0,015625; 164,40384615384616; 0,040896483
9613; 0,015625; 0,015625; 165,32692307692307; 0,041126113
9614; 0,015625; 0,015625; 165,5; 0,041169163
9615; 0,015625; 0,015625; 165,0; 0,04104478
9616; 0,015625; 0,015625; 164,44230769230768; 0,040906057
9617; 0,015625; 0,015625; 165,6153846153846; 0,04119787
9618; 0,015625; 0,015625; 163,82692307692307; 0,040752973
9619; 0,015625; 0,015625; 164,8846153846154; 0,04101608
9620; 0,015625; 0,015625; 163,8846153846154; 0,040767327
9621; 0,015625; 0,015625; 167,15384615384616; 0,041580565
9622; 0,015625; 0,015625; 164,05769230769232; 0,040810384
9623; 0,015625; 0,015625; 165,17307692307693; 0,04108784
9624; 0,015625; 0,015625; 165,19230769230768; 0,04109262
9625; 0,015625; 0,015625; 165,6153846153846; 0,04119786
9626; 0,015625; 0,015625; 164,80769230769232; 0,040996946
9627; 0,015625; 0,015625; 165,03846153846155; 0,04105435
9628; 0,015625; 0,015625; 164,98076923076923; 0,04104
9629; 0,015625; 0,015625; 165,80769230769232; 0,0412457
9630; 0,015625; 0,015625; 165,17307692307693; 0,041087832
9631; 0,015625; 0,015625; 165,48076923076923; 0,04116438
9632; 0,015625; 0,015625; 164,44230769230768; 0,040906053
9633; 0,015625; 0,015625; 165,17307692307693; 0,04108784
9634; 0,015625; 0,015625; 164,82692307692307; 0,04100173
9635; 0,015625; 0,015625; 164,51923076923077; 0,04092519
9636; 0,015625; 0,015625; 164,84615384615384; 0,04100652
9637; 0,015625; 0,015625; 164,78846153846155; 0,040992167
9638; 0,015625; 0,015625; 164,23076923076923; 0,040853437
9639; 0,015625; 0,015625; 165,1153846153846; 0,041073486
9640; 0,015625; 0,015625; 164,84615384615384; 0,041006513
9641; 0,015625; 0,015625; 165,19230769230768; 0,041092616
9642; 0,015625; 0,015625; 164,73076923076923; 0,040977817
9643; 0,015625; 0,015625; 165,57692307692307; 0,0411883
9644; 0,015625; 0,015625; 165,07692307692307; 0,04106392
9645; 0,015625; 0,015625; 164,51923076923077; 0,04092519
9646; 0,015625; 0,015625; 164,40384615384616; 0,040896483
9647; 0,015625; 0,015625; 164,98076923076923; 0,041040003
9648; 0,015625; 0,015625; 164,5; 0,0409204
9649; 0,015625; 0,015625; 165,0; 0,041044787
9650; 0,015625; 0,015625; 164,21153846153845; 0,04084865
9651; 0,015625; 0,015625; 166,48076923076923; 0,041413132
9652; 0,015625; 0,015625; 165,69230769230768; 0,041217003
9653; 0,015625; 0,015625; 164,46153846153845; 0,040910833
9654; 0,015625; 0,015625; 164,71153846153845; 0,040973026
9655; 0,015625; 0,015625; 164,67307692307693; 0,040963456
9656; 0,015625; 0,015625; 164,48076923076923; 0,040915616
9657; 0,015625; 0,015625; 165,05769230769232; 0,041059136
9658; 0,015625; 0,015625; 164,28846153846155; 0,040867787
9659; 0,015625; 0,015625; 164,96153846153845; 0,041035216
9660; 0,015625; 0,015625; 165,15384615384616; 0,041083053
9661; 0,015625; 0,015625; 164,53846153846155; 0,040929973
9662; 0,015625; 0,015625; 165,01923076923077; 0,041049566
9663; 0,015625; 0,015625; 164,76923076923077; 0,040987376
9664; 0,015625; 0,015625; 165,1153846153846; 0,04107348
9665; 0,015625; 0,015625; 165,65384615384616; 0,041207433
9666; 0,015625; 0,015625; 164,3846153846154; 0,040891707
9667; 0,015625; 0,015625; 165,25; 0,041106965
9668; 0,015625; 0,015625; 164,6153846153846; 0,04094911
9669; 0,015625; 0,015625; 165,80769230769232; 0,0412457
9670; 0,015625; 0,015625; 164,42307692307693; 0,040901266
9671; 0,015625; 0,015625; 164,6346153846154; 0,04095389
9672; 0,015625; 0,015625; 165,8846153846154; 0,041264836
9673; 0,015625; 0,015625; 165,26923076923077; 0,041111752
9674; 0,015625; 0,015625; 164,90384615384616; 0,041020866
9675; 0,015625; 0,015625; 165,59615384615384; 0,04119307
9676; 0,015625; 0,015625; 164,6346153846154; 0,040953893
9677; 0,015625; 0,015625; 165,82692307692307; 0,041250486
9678; 0,015625; 0,015625; 165,09615384615384; 0,041068707
9679; 0,015625; 0,015625; 164,92307692307693; 0,041025646
9680; 0,015625; 0,015625; 166,3846153846154; 0,041389212
9681; 0,015625; 0,015625; 164,65384615384616; 0,040958676
9682; 0,015625; 0,015625; 164,32692307692307; 0,04087735
9683; 0,015625; 0,015625; 165,1346153846154; 0,04107827
9684; 0,015625; 0,015625; 165,75; 0,041231357
9685; 0,015625; 0,015625; 164,32692307692307; 0,040877357
9686; 0,015625; 0,015625; 163,94230769230768; 0,040781677
9687; 0,015625; 0,015625; 164,96153846153845; 0,041035216
9688; 0,015625; 0,015625; 165,03846153846155; 0,041054346
9689; 0,015625; 0,015625; 164,46153846153845; 0,04091084
9690; 0,015625; 0,015625; 164,44230769230768; 0,040906064
9691; 0,015625; 0,015625; 164,94230769230768; 0,04103043
9692; 0,015625; 0,015625; 165,34615384615384; 0,041130897
9693; 0,015625; 0,015625; 165,42307692307693; 0,041150026
9694; 0,015625; 0,015625; 164,17307692307693; 0,04083908
9695; 0,015625; 0,015625; 164,1153846153846; 0,040824734
9696; 0,015625; 0,015625; 165,17307692307693; 0,04108784
9697; 0,015625; 0,015625; 164,28846153846155; 0,040867783
9698; 0,015625; 0,015625; 163,78846153846155; 0,040743403
9699; 0,015625; 0,015625; 164,8846153846154; 0,04101608
9700; 0,015625; 0,015625; 164,96153846153845; 0,041035216
9701; 0,015625; 0,015625; 163,75; 0,04073384
9702; 0,015625; 0,015625; 164,57692307692307; 0,040939536
9703; 0,015625; 0,015625; 165,1153846153846; 0,041073486
9704; 0,015625; 0,015625; 162,28846153846155; 0,040370278
9705; 0,015625; 0,015625; 163,82692307692307; 0,040752973
9706; 0,015625; 0,015625; 164,6346153846154; 0,040953893
9707; 0,015625; 0,015625; 165,1346153846154; 0,04107827
9708; 0,015625; 0,015625; 164,6153846153846; 0,040949102
9709; 0,015625; 0,015625; 164,96153846153845; 0,041035216
9710; 0,015625; 0,015625; 164,42307692307693; 0,040901277
9711; 0,015625; 0,015625; 165,07692307692307; 0,04106392
9712; 0,015625; 0,015625; 164,8653846153846; 0,0410113
9713; 0,015625; 0,015625; 166,32692307692307; 0,041374862
9714; 0,015625; 0,015625; 164,75; 0,04098259
9715; 0,015625; 0,015625; 164,96153846153845; 0,041035213
9716; 0,015625; 0,015625; 165,21153846153845; 0,041097406
9717; 0,015625; 0,015625; 165,17307692307693; 0,04108784
9718; 0,015625; 0,015625; 165,17307692307693; 0,04108784
9719; 0,015625; 0,015625; 165,0; 0,041044775
9720; 0,015625; 0,015625; 164,26923076923077; 0,040862996
9721; 0,015625; 0,015625; 166,09615384615384; 0,041317455
9722; 0,015625; 0,015625; 164,46153846153845; 0,04091084
9723; 0,015625; 0,015625; 165,01923076923077; 0,041049562
9724; 0,015625; 0,015625; 164,80769230769232; 0,040996943
9725; 0,015625; 0,015625; 166,30769230769232; 0,04137008
9726; 0,015625; 0,015625; 163,94230769230768; 0,040781677
9727; 0,015625; 0,015625; 165,48076923076923; 0,041164376
9728; 0,015625; 0,015625; 164,51923076923077; 0,040925186
9729; 0,015625; 0,015625; 165,21153846153845; 0,041097403
9730; 0,015625; 0,015625; 164,78846153846155; 0,040992163
9731; 0,015625; 0,015625; 163,57692307692307; 0,040690783
9732; 0,015625; 0,015625; 165,09615384615384; 0,041068707
9733; 0,015625; 0,015625; 166,07692307692307; 0,041312672
9734; 0,015625; 0,015625; 165,07692307692307; 0,041063923
9735; 0,015625; 0,015625; 165,34615384615384; 0,041130893
9736; 0,015625; 0,015625; 164,8653846153846; 0,041011296
9737; 0,015625; 0,015625; 164,1346153846154; 0,040829513
9738; 0,015625; 0,015625; 165,78846153846155; 0,041240916
9739; 0,015625; 0,015625; 165,3846153846154; 0,041140456
9740; 0,015625; 0,015625; 164,5; 0,04092041
9741; 0,015625; 0,015625; 164,51923076923077; 0,040925186
9742; 0,015625; 0,015625; 164,53846153846155; 0,040929973
9743; 0,015625; 0,015625; 164,57692307692307; 0,040939536
9744; 0,015625; 0,015625; 165,1153846153846; 0,041073486
9745; 0,015625; 0,015625; 164,53846153846155; 0,040929973
9746; 0,015625; 0,015625; 165,1346153846154; 0,041078273
9747; 0,015625; 0,015625; 165,42307692307693; 0,041150033
9748; 0,015625; 0,015625; 164,32692307692307; 0,040877346
9749; 0,015625; 0,015625; 164,8846153846154; 0,04101608
9750; 0,015625; 0,015625; 165,21153846153845; 0,041097403
9751; 0,015625; 0,015625; 165,07692307692307; 0,04106392
9752; 0,015625; 0,015625; 164,75; 0,040982597
9753; 0,015625; 0,015625; 164,57692307692307; 0,040939536
9754; 0,015625; 0,015625; 164,8653846153846; 0,041011296
9755; 0,015625; 0,015625; 163,26923076923077; 0,040614244
9756; 0,015625; 0,015625; 167,23076923076923; 0,0415997
9757; 0,015625; 0,015625; 165,23076923076923; 0,04110219
9758; 0,015625; 0,015625; 163,94230769230768; 0,040781677
9759; 0,015625; 0,015625; 165,26923076923077; 0,04111176
9760; 0,015625; 0,015625; 165,53846153846155; 0,041178726
9761; 0,015625; 0,015625; 165,28846153846155; 0,041116536
9762; 0,015625; 0,015625; 164,28846153846155; 0,040867787
9763; 0,015625; 0,015625; 164,84615384615384; 0,041006513
9764; 0,015625; 0,015625; 164,6346153846154; 0,040953893
9765; 0,015625; 0,015625; 164,3846153846154; 0,040891703
9766; 0,015625; 0,015625; 164,3846153846154; 0,040891703
9767; 0,015625; 0,015625; 166,5; 0,041417915
9768; 0,015625; 0,015625; 165,23076923076923; 0,04110219
9769; 0,015625; 0,015625; 164,8653846153846; 0,0410113
9770; 0,015625; 0,015625; 164,84615384615384; 0,04100651
9771; 0,015625; 0,015625; 165,98076923076923; 0,041288752
9772; 0,015625; 0,015625; 164,53846153846155; 0,04092997
9773; 0,015625; 0,015625; 164,46153846153845; 0,040910836
9774; 0,015625; 0,015625; 165,19230769230768; 0,041092627
9775; 0,015625; 0,015625; 165,01923076923077; 0,041049574
9776; 0,015625; 0,015625; 164,65384615384616; 0,040958676
9777; 0,015625; 0,015625; 164,69230769230768; 0,04096824
9778; 0,015625; 0,015625; 164,23076923076923; 0,040853426
9779; 0,015625; 0,015625; 163,98076923076923; 0,04079124
9780; 0,015625; 0,015625; 164,73076923076923; 0,040977817
9781; 0,015625; 0,015625; 164,8846153846154; 0,041016083
9782; 0,015625; 0,015625; 164,90384615384616; 0,041020866
9783; 0,015625; 0,015625; 164,25; 0,040858213
9784; 0,015625; 0,015625; 165,75; 0,041231357
9785; 0,015625; 0,015625; 164,23076923076923; 0,040853437
9786; 0,015625; 0,015625; 164,59615384615384; 0,040944323
9787; 0,015625; 0,015625; 164,84615384615384; 0,041006513
9788; 0,015625; 0,015625; 164,46153846153845; 0,040910836
9789; 0,015625; 0,015625; 165,34615384615384; 0,041130893
9790; 0,015625; 0,015625; 165,30769230769232; 0,041121326
9791; 0,015625; 0,015625; 164,32692307692307; 0,04087735
9792; 0,015625; 0,015625; 165,69230769230768; 0,041217003
9793; 0,015625; 0,015625; 164,8653846153846; 0,041011296
9794; 0,015625; 0,015625; 164,28846153846155; 0,04086778
9795; 0,015625; 0,015625; 164,92307692307693; 0,041025646
9796; 0,015625; 0,015625; 165,07692307692307; 0,041063923
9797; 0,015625; 0,015625; 164,1153846153846; 0,04082473
9798; 0,015625; 0,015625; 165,96153846153845; 0,041283973
9799; 0,015625; 0,015625; 164,57692307692307; 0,040939543
9800; 0,015625; 0,015625; 164,0; 0,040796027
9801; 0,015625; 0,015625; 166,84615384615384; 0,041504025
9802; 0,015625; 0,015625; 164,78846153846155; 0,040992163
9803; 0,015625; 0,015625; 163,92307692307693; 0,040776893
9804; 0,015625; 0,015625; 165,15384615384616; 0,041083056
9805; 0,015625; 0,015625; 164,57692307692307; 0,040939536
9806; 0,015625; 0,015625; 165,1346153846154; 0,04107827
9807; 0,015625; 0,015625; 164,51923076923077; 0,040925197
9808; 0,015625; 0,015625; 165,40384615384616; 0,041145243
9809; 0,015625; 0,015625; 164,26923076923077; 0,040863
9810; 0,015625; 0,015625; 165,75; 0,041231353
9811; 0,015625; 0,015625; 165,09615384615384; 0,041068707
9812; 0,015625; 0,015625; 164,42307692307693; 0,040901266
9813; 0,015625; 0,015625; 164,44230769230768; 0,04090605
9814; 0,015625; 0,015625; 165,30769230769232; 0,041121323
9815; 0,015625; 0,015625; 165,1153846153846; 0,041073486
9816; 0,015625; 0,015625; 164,17307692307693; 0,04083908
9817; 0,015625; 0,015625; 165,19230769230768; 0,04109262
9818; 0,015625; 0,015625; 164,8653846153846; 0,041011296
9819; 0,015625; 0,015625; 165,07692307692307; 0,041063923
9820; 0,015625; 0,015625; 164,82692307692307; 0,041001733
9821; 0,015625; 0,015625; 164,80769230769232; 0,040996943
9822; 0,015625; 0,015625; 166,21153846153845; 0,041346155
9823; 0,015625; 0,015625; 164,8846153846154; 0,041016083
9824; 0,015625; 0,015625; 163,84615384615384; 0,040757757
9825; 0,015625; 0,015625; 164,8846153846154; 0,041016083
9826; 0,015625; 0,015625; 164,26923076923077; 0,040863
9827; 0,015625; 0,015625; 165,03846153846155; 0,041054353
9828; 0,015625; 0,015625; 165,1346153846154; 0,04107827
9829; 0,015625; 0,015625; 164,34615384615384; 0,040882137
9830; 0,015625; 0,015625; 164,65384615384616; 0,04095868
9831; 0,015625; 0,015625; 164,96153846153845; 0,041035213
9832; 0,015625; 0,015625; 165,05769230769232; 0,041059133
9833; 0,015625; 0,015625; 164,8846153846154; 0,041016083
9834; 0,015625; 0,015625; 165,42307692307693; 0,041150026
9835; 0,015625; 0,015625; 165,19230769230768; 0,04109262
9836; 0,015625; 0,015625; 164,75; 0,0409826
9837; 0,015625; 0,015625; 164,44230769230768; 0,040906053
9838; 0,015625; 0,015625; 164,90384615384616; 0,04102087
9839; 0,015625; 0,015625; 165,78846153846155; 0,041240916
9840; 0,015625; 0,015625; 164,8653846153846; 0,041011296
9841; 0,015625; 0,015625; 164,44230769230768; 0,040906053
9842; 0,015625; 0,015625; 165,17307692307693; 0,04108784
9843; 0,015625; 0,015625; 166,69230769230768; 0,04146575
9844; 0,015625; 0,015625; 164,21153846153845; 0,040848654
9845; 0,015625; 0,015625; 165,59615384615384; 0,041193075
9846; 0,015625; 0,015625; 165,03846153846155; 0,04105435
9847; 0,015625; 0,015625; 165,05769230769232; 0,041059133
9848; 0,015625; 0,015625; 165,01923076923077; 0,041049562
9849; 0,015625; 0,015625; 164,98076923076923; 0,04104
9850; 0,015625; 0,015625; 164,34615384615384; 0,040882133
9851; 0,015625; 0,015625; 165,5; 0,041169163
9852; 0,015625; 0,015625; 164,6153846153846; 0,04094911
9853; 0,015625; 0,015625; 165,92307692307693; 0,041274402
9854; 0,015625; 0,015625; 164,46153846153845; 0,04091084
9855; 0,015625; 0,015625; 165,32692307692307; 0,04112611
9856; 0,015625; 0,015625; 165,05769230769232; 0,041059133
9857; 0,015625; 0,015625; 165,25; 0,041106973
9858; 0,015625; 0,015625; 165,69230769230768; 0,041216996
9859; 0,015625; 0,015625; 165,30769230769232; 0,041121323
9860; 0,015625; 0,015625; 165,17307692307693; 0,04108784
9861; 0,015625; 0,015625; 164,23076923076923; 0,040853437
9862; 0,015625; 0,015625; 166,23076923076923; 0,041350946
9863; 0,015625; 0,015625; 164,96153846153845; 0,041035216
9864; 0,015625; 0,015625; 165,65384615384616; 0,04120743
9865; 0,015625; 0,015625; 166,30769230769232; 0,04137008
9866; 0,015625; 0,015625; 164,8653846153846; 0,0410113
9867; 0,015625; 0,015625; 163,59615384615384; 0,04069557
9868; 0,015625; 0,015625; 165,90384615384616; 0,041269615
9869; 0,015625; 0,015625; 164,94230769230768; 0,041030433
9870; 0,015625; 0,015625; 164,51923076923077; 0,04092519
9871; 0,015625; 0,015625; 164,3653846153846; 0,04088692
9872; 0,015625; 0,015625; 164,94230769230768; 0,041030433
9873; 0,015625; 0,015625; 165,32692307692307; 0,04112611
9874; 0,015625; 0,015625; 165,76923076923077; 0,04123613
9875; 0,015625; 0,015625; 165,1153846153846; 0,041073486
9876; 0,015625; 0,015625; 163,75; 0,040733837
9877; 0,015625; 0,015625; 164,34615384615384; 0,040882133
9878; 0,015625; 0,015625; 164,82692307692307; 0,04100173
9879; 0,015625; 0,015625; 163,3846153846154; 0,040642943
9880; 0,015625; 0,015625; 166,42307692307693; 0,04139879
9881; 0,015625; 0,015625; 165,71153846153845; 0,04122178
9882; 0,015625; 0,015625; 164,90384615384616; 0,04102087
9883; 0,015625; 0,015625; 164,76923076923077; 0,04098738
9884; 0,015625; 0,015625; 164,3653846153846; 0,040886924
9885; 0,015625; 0,015625; 164,44230769230768; 0,040906053
9886; 0,015625; 0,015625; 164,40384615384616; 0,040896483
9887; 0,015625; 0,015625; 165,03846153846155; 0,041054353
9888; 0,015625; 0,015625; 165,40384615384616; 0,04114524
9889; 0,015625; 0,015625; 165,82692307692307; 0,041250482
9890; 0,015625; 0,015625; 165,30769230769232; 0,041121323
9891; 0,015625; 0,015625; 164,84615384615384; 0,04100651
9892; 0,015625; 0,015625; 166,09615384615384; 0,041317455
9893; 0,015625; 0,015625; 164,8846153846154; 0,041016076
9894; 0,015625; 0,015625; 164,26923076923077; 0,040863
9895; 0,015625; 0,015625; 166,15384615384616; 0,041331805
9896; 0,015625; 0,015625; 164,75; 0,04098259
9897; 0,015625; 0,015625; 164,55769230769232; 0,040934756
9898; 0,015625; 0,015625; 164,84615384615384; 0,041006513
9899; 0,015625; 0,015625; 164,42307692307693; 0,04090127
9900; 0,015625; 0,015625; 164,84615384615384; 0,04100652
9901; 0,015625; 0,015625; 165,1153846153846; 0,041073482
9902; 0,015625; 0,015625; 164,51923076923077; 0,04092519
9903; 0,015625; 0,015625; 164,6346153846154; 0,040953893
9904; 0,015625; 0,015625; 164,6153846153846; 0,04094911
9905; 0,015625; 0,015625; 164,30769230769232; 0,040872566
9906; 0,015625; 0,015625; 164,65384615384616; 0,040958676
9907; 0,015625; 0,015625; 164,82692307692307; 0,041001733
9908; 0,015625; 0,015625; 165,90384615384616; 0,04126962
9909; 0,015625; 0,015625; 164,34615384615384; 0,040882137
9910; 0,015625; 0,015625; 163,92307692307693; 0,04077689
9911; 0,015625; 0,015625; 164,03846153846155; 0,040805593
9912; 0,015625; 0,015625; 164,73076923076923; 0,040977813
9913; 0,015625; 0,015625; 165,46153846153845; 0,04115959
9914; 0,015625; 0,015625; 166,26923076923077; 0,041360512
9915; 0,015625; 0,015625; 164,94230769230768; 0,041030433
9916; 0,015625; 0,015625; 165,76923076923077; 0,04123613
9917; 0,015625; 0,015625; 165,40384615384616; 0,041145243
9918; 0,015625; 0,015625; 164,75; 0,04098259
9919; 0,015625; 0,015625; 164,96153846153845; 0,041035216
9920; 0,015625; 0,015625; 165,19230769230768; 0,04109262
9921; 0,015625; 0,015625; 164,28846153846155; 0,040867787
9922; 0,015625; 0,015625; 165,17307692307693; 0,041087832
9923; 0,015625; 0,015625; 164,17307692307693; 0,040839076
9924; 0,015625; 0,015625; 164,48076923076923; 0,040915616
9925; 0,015625; 0,015625; 164,67307692307693; 0,040963463
9926; 0,015625; 0,015625; 165,1153846153846; 0,041073486
9927; 0,015625; 0,015625; 165,03846153846155; 0,04105435
9928; 0,015625; 0,015625; 164,73076923076923; 0,040977813
9929; 0,015625; 0,015625; 165,40384615384616; 0,041145243
9930; 0,015625; 0,015625; 165,23076923076923; 0,04110219
9931; 0,015625; 0,015625; 164,09615384615384; 0,040819947
9932; 0,015625; 0,015625; 165,3653846153846; 0,041135672
9933; 0,015625; 0,015625; 164,48076923076923; 0,040915623
9934; 0,015625; 0,015625; 164,94230769230768; 0,041030433
9935; 0,015625; 0,015625; 164,19230769230768; 0,040843867
9936; 0,015625; 0,015625; 165,26923076923077; 0,04111176
9937; 0,015625; 0,015625; 163,82692307692307; 0,04075298
9938; 0,015625; 0,015625; 165,8653846153846; 0,04126005
9939; 0,015625; 0,015625; 164,78846153846155; 0,04099216
9940; 0,015625; 0,015625; 163,76923076923077; 0,04073862
9941; 0,015625; 0,015625; 165,23076923076923; 0,04110219
9942; 0,015625; 0,015625; 164,8846153846154; 0,04101608
9943; 0,015625; 0,015625; 165,0; 0,041044787
9944; 0,015625; 0,015625; 165,09615384615384; 0,0410687
9945; 0,015625; 0,015625; 165,53846153846155; 0,04117873
9946; 0,015625; 0,015625; 165,73076923076923; 0,041226562
9947; 0,015625; 0,015625; 166,1346153846154; 0,041327026
9948; 0,015625; 0,015625; 164,40384615384616; 0,040896494
9949; 0,015625; 0,015625; 165,19230769230768; 0,04109262
9950; 0,015625; 0,015625; 164,25; 0,040858213
9951; 0,015625; 0,015625; 165,40384615384616; 0,04114525
9952; 0,015625; 0,015625; 165,6346153846154; 0,04120265
9953; 0,015625; 0,015625; 164,90384615384616; 0,041020855
9954; 0,015625; 0,015625; 164,28846153846155; 0,040867783
9955; 0,015625; 0,015625; 164,01923076923077; 0,040800814
9956; 0,015625; 0,015625; 164,98076923076923; 0,041039996
9957; 0,015625; 0,015625; 165,25; 0,041106973
9958; 0,015625; 0,015625; 165,25; 0,041106965
9959; 0,015625; 0,015625; 165,0; 0,04104478
9960; 0,015625; 0,015625; 165,48076923076923; 0,04116438
9961; 0,015625; 0,015625; 165,25; 0,041106977
9962; 0,015625; 0,015625; 164,6346153846154; 0,04095389
9963; 0,015625; 0,015625; 165,01923076923077; 0,041049566
9964; 0,015625; 0,015625; 165,01923076923077; 0,041049574
9965; 0,015625; 0,015625; 165,5; 0,041169163
9966; 0,015625; 0,015625; 164,51923076923077; 0,040925186
9967; 0,015625; 0,015625; 165,23076923076923; 0,041102186
9968; 0,015625; 0,015625; 165,01923076923077; 0,041049562
9969; 0,015625; 0,015625; 164,69230769230768; 0,040968243
9970; 0,015625; 0,015625; 165,30769230769232; 0,04112132
9971; 0,015625; 0,015625; 164,1346153846154; 0,040829513
9972; 0,015625; 0,015625; 165,15384615384616; 0,04108306
9973; 0,015625; 0,015625; 165,03846153846155; 0,04105435
9974; 0,015625; 0,015625; 164,90384615384616; 0,04102087
9975; 0,015625; 0,015625; 164,59615384615384; 0,040944323
9976; 0,015625; 0,015625; 164,44230769230768; 0,040906053
9977; 0,015625; 0,015625; 165,32692307692307; 0,041126106
9978; 0,015625; 0,015625; 164,1346153846154; 0,040829513
9979; 0,015625; 0,015625; 165,46153846153845; 0,041159593
9980; 0,015625; 0,015625; 165,15384615384616; 0,041083053
9981; 0,015625; 0,015625; 164,76923076923077; 0,04098738
9982; 0,015625; 0,015625; 164,46153846153845; 0,040910833
9983; 0,015625; 0,015625; 164,26923076923077; 0,040863
9984; 0,015625; 0,015625; 165,34615384615384; 0,041130893
9985; 0,015625; 0,015625; 165,01923076923077; 0,041049562
9986; 0,015625; 0,015625; 164,59615384615384; 0,040944323
9987; 0,015625; 0,015625; 164,78846153846155; 0,04099216
9988; 0,015625; 0,015625; 165,3653846153846; 0,041135676
9989; 0,015625; 0,015625; 165,19230769230768; 0,04109262
9990; 0,015625; 0,015625; 165,71153846153845; 0,04122178
9991; 0,015625; 0,015625; 165,5; 0,041169163
9992; 0,015625; 0,015625; 164,23076923076923; 0,040853433
9993; 0,015625; 0,015625; 164,65384615384616; 0,040958676
9994; 0,015625; 0,015625; 165,73076923076923; 0,041226566
9995; 0,015625; 0,015625; 164,96153846153845; 0,041035216
9996; 0,015625; 0,015625; 164,5; 0,0409204
9997; 0,015625; 0,015625; 165,3653846153846; 0,041135672
9998; 0,015625; 0,015625; 165,21153846153845; 0,041097406
9999; 0,015625; 0,015625; 166,44230769230768; 0,04140357
10000; 0,015625; 0,015625; 164,07692307692307; 0,04081516
